dt,ta,tn,tn_at,tx,tx_at,rn,rx_1hr,rx_1hr_at,wx,wx_at,wa,wd_wx,nmin,code,x,y
2002-04-29,15.9,13.6,2002-04-28 23:04:00+00:00,18.1,2002-04-29 05:24:00+00:00,36.5,,,14.1,,4.4,216.1,1391,606,126.454,36.9984
2002-04-29,17.8,15.4,2002-04-28 15:25:00+00:00,19.6,2002-04-29 11:45:00+00:00,0.5,,,12.4,,5.0,191.0,1388,698,126.2851,35.0938
2002-04-29,18.8,14.9,2002-04-28 20:21:00+00:00,21.2,2002-04-29 10:46:00+00:00,0.0,,,10.6,,1.9,211.8,1431,699,126.4833,35.01
2002-04-29,14.2,12.0,2002-04-29 14:04:00+00:00,15.9,2002-04-28 18:04:00+00:00,13.0,,,16.7,,6.7,169.0,1438,700,125.9682,36.1251
2002-04-29,17.6,12.7,2002-04-28 22:05:00+00:00,21.0,2002-04-29 12:28:00+00:00,2.0,,,9.7,,1.8,209.5,1420,701,127.67,36.0
2002-04-29,18.7,16.6,2002-04-28 21:02:00+00:00,20.2,2002-04-29 04:52:00+00:00,2.5,,,9.5,,2.7,155.8,1403,702,126.9943,35.9385
2002-04-29,15.9,12.6,2002-04-28 21:29:00+00:00,17.3,2002-04-29 09:40:00+00:00,3.0,,,12.2,,2.8,280.4,1426,703,127.3783,35.7702
2002-04-29,18.4,15.1,2002-04-28 15:16:00+00:00,20.3,2002-04-29 08:21:00+00:00,0.0,,,14.8,,6.9,158.7,1421,704,126.463,35.6351
2002-04-29,17.8,15.4,2002-04-28 22:18:00+00:00,19.2,2002-04-29 05:39:00+00:00,2.0,,,9.1,,2.4,169.0,1411,706,126.9731,35.3114
2002-04-29,18.0,15.8,2002-04-28 20:54:00+00:00,19.7,2002-04-29 10:29:00+00:00,0.0,,,12.5,,4.9,151.4,1417,707,126.2076,35.0612
2002-04-29,17.6,14.7,2002-04-28 20:51:00+00:00,19.9,2002-04-29 10:59:00+00:00,5.5,,,12.3,,4.0,107.1,1428,708,126.7333,35.1167
2002-04-29,15.7,13.0,2002-04-28 22:08:00+00:00,17.5,2002-04-29 11:17:00+00:00,1.0,,,5.8,,1.7,148.5,1408,709,127.4333,35.1833
2002-04-29,17.8,14.6,2002-04-28 20:39:00+00:00,19.7,2002-04-29 05:19:00+00:00,8.0,,,9.0,,1.7,190.9,1424,710,126.7167,35.0167
2002-04-29,16.7,13.2,2002-04-28 20:40:00+00:00,20.2,2002-04-29 13:38:00+00:00,4.0,,,9.6,,3.7,128.2,1416,711,126.9886,34.8879
2002-04-29,15.7,13.3,2002-04-28 22:55:00+00:00,17.9,2002-04-29 14:03:00+00:00,18.5,,,4.0,,0.7,106.0,1429,712,127.4875,34.9506
2002-04-29,16.9,14.7,2002-04-28 20:34:00+00:00,19.4,2002-04-29 14:49:00+00:00,15.0,,,4.4,,0.6,253.2,1435,713,127.5829,34.976
2002-04-29,17.3,14.9,2002-04-28 18:19:00+00:00,18.8,2002-04-29 09:45:00+00:00,0.5,,,14.3,,5.9,124.4,1389,714,126.0474,34.8845
2002-04-29,18.1,15.3,2002-04-28 15:02:00+00:00,20.5,2002-04-29 09:55:00+00:00,2.5,,,13.4,,3.9,151.8,1412,715,126.2687,34.4795
2002-04-29,18.0,15.2,2002-04-28 17:45:00+00:00,20.0,2002-04-29 05:52:00+00:00,0.5,,,12.8,,5.0,176.9,1430,716,126.0366,34.6069
2002-04-29,17.3,15.1,2002-04-28 19:48:00+00:00,19.2,2002-04-29 10:18:00+00:00,0.5,,,14.5,,4.7,173.3,1427,717,126.1902,34.4064
2002-04-29,16.9,13.6,2002-04-28 21:15:00+00:00,19.5,2002-04-29 11:11:00+00:00,0.0,,,18.2,,6.5,165.6,1419,718,126.0473,34.2966
2002-04-29,16.4,14.8,2002-04-29 04:26:00+00:00,17.6,2002-04-28 15:26:00+00:00,0.0,,,10.9,,3.5,189.3,1420,719,126.4,35.82
2002-04-29,18.1,13.9,2002-04-28 19:18:00+00:00,23.0,2002-04-29 09:13:00+00:00,0.0,,,10.6,,2.3,91.0,1408,720,126.5544,34.1678
2002-04-29,17.6,13.5,2002-04-28 19:48:00+00:00,20.6,2002-04-29 11:02:00+00:00,0.0,,,13.0,,3.8,187.6,1416,770,126.83,34.93
2002-04-29,17.9,14.9,2002-04-28 19:40:00+00:00,19.9,2002-04-29 07:13:00+00:00,0.0,,,17.5,,6.7,149.0,1413,771,126.12,34.75
2002-04-29,17.7,14.0,2002-04-28 19:23:00+00:00,20.5,2002-04-29 09:57:00+00:00,3.5,,,16.6,,5.1,128.8,1432,772,126.3454,34.4858
2002-04-29,18.9,15.7,2002-04-28 15:01:00+00:00,21.6,2002-04-29 10:18:00+00:00,2.0,,,18.9,,6.7,177.2,1410,773,126.5718,34.6993
2002-04-29,18.3,14.9,2002-04-28 21:01:00+00:00,20.7,2002-04-29 11:21:00+00:00,1.0,,,10.6,,3.6,180.2,1388,774,126.5021,34.9308
2002-04-29,17.5,14.2,2002-04-28 20:44:00+00:00,20.2,2002-04-29 11:42:00+00:00,0.5,,,9.1,,3.4,196.5,1411,775,126.6322,35.1801
2002-04-29,17.3,13.8,2002-04-28 18:08:00+00:00,20.0,2002-04-29 13:32:00+00:00,1.5,,,16.2,,6.2,100.6,1429,776,126.5534,34.4602
2002-04-29,14.5,11.0,2002-04-28 19:59:00+00:00,17.3,2002-04-29 13:07:00+00:00,7.5,,,7.4,,1.7,114.8,1410,777,126.8883,34.4994
2002-04-29,16.1,12.7,2002-04-28 20:31:00+00:00,18.8,2002-04-29 11:16:00+00:00,3.5,,,11.0,,2.9,99.9,1420,778,126.88,34.78
2002-04-29,21.2,19.3,2002-04-28 16:47:00+00:00,23.7,2002-04-29 05:02:00+00:00,1.5,,,19.4,,9.0,195.7,1419,779,126.2673,33.4105
2002-04-29,17.4,15.3,2002-04-28 15:01:00+00:00,19.2,2002-04-29 04:58:00+00:00,13.0,,,7.1,,2.2,186.6,1428,780,126.7208,33.28
2002-04-29,19.4,15.4,2002-04-28 16:45:00+00:00,23.0,2002-04-29 05:36:00+00:00,10.0,,,19.0,,6.8,167.6,1439,781,126.8519,33.5226
2002-04-29,15.0,11.9,2002-04-28 15:01:00+00:00,16.4,2002-04-29 08:10:00+00:00,203.5,,,17.8,,6.5,210.9,1420,782,126.6194,33.3845
2002-04-29,17.9,14.6,2002-04-28 21:23:00+00:00,19.7,2002-04-29 10:33:00+00:00,4.5,,,8.5,,1.4,155.2,1434,783,126.81,35.19
2002-04-29,18.0,14.3,2002-04-28 19:58:00+00:00,20.6,2002-04-29 14:41:00+00:00,3.5,,,13.1,,4.7,104.7,1418,784,126.6071,34.8686
2002-04-29,14.6,11.6,2002-04-28 18:46:00+00:00,16.8,2002-04-29 07:23:00+00:00,5.0,,,6.6,,1.3,99.5,1424,785,126.6761,34.4642
2002-04-29,16.7,13.1,2002-04-28 18:52:00+00:00,19.6,2002-04-29 14:33:00+00:00,1.0,,,19.7,,5.8,169.5,1236,786,127.72,34.62
2002-04-29,14.7,11.6,2002-04-28 18:27:00+00:00,17.9,2002-04-29 12:08:00+00:00,3.0,,,16.2,,7.2,190.3,1411,787,127.3306,34.445
2002-04-29,18.3,15.1,2002-04-28 20:08:00+00:00,20.5,2002-04-29 11:21:00+00:00,0.5,,,14.8,,3.0,149.9,1404,788,126.879,35.1313
2002-04-29,17.7,15.1,2002-04-28 20:35:00+00:00,19.9,2002-04-29 07:32:00+00:00,0.0,,,15.6,,6.0,155.2,1430,789,126.3167,34.8833
2002-04-29,15.4,12.2,2002-04-28 18:32:00+00:00,18.0,2002-04-29 12:06:00+00:00,1.0,,,19.5,,10.3,21.6,1431,790,127.49,34.4143
2002-04-29,14.0,10.4,2002-04-29 03:06:00+00:00,17.1,2002-04-29 10:35:00+00:00,16.5,,,7.4,,0.4,55.3,1340,791,127.5833,35.2667
2002-04-29,16.9,14.2,2002-04-28 15:01:00+00:00,18.6,2002-04-29 04:52:00+00:00,16.5,,,13.6,,2.9,198.8,1440,792,126.7667,33.35
2002-04-29,17.4,15.9,2002-04-28 16:22:00+00:00,18.7,2002-04-29 04:46:00+00:00,3.5,,,10.5,,4.9,13.8,1423,793,126.25,33.2167
2002-04-29,14.7,12.0,2002-04-28 21:38:00+00:00,16.6,2002-04-29 10:58:00+00:00,4.0,,,5.6,,1.0,220.9,1440,794,127.4333,35.1
2002-04-29,14.9,11.7,2002-04-28 21:30:00+00:00,19.0,2002-04-29 14:59:00+00:00,21.5,,,7.9,,0.6,152.2,1440,795,127.3667,34.9833
2002-04-29,16.8,13.2,2002-04-28 19:28:00+00:00,20.2,2002-04-29 08:06:00+00:00,0.0,,,11.8,,3.6,285.8,1278,796,127.25,34.2333
2002-04-29,13.2,12.3,2002-04-28 17:32:00+00:00,15.1,2002-04-29 03:37:00+00:00,0.5,,,18.7,,5.4,132.2,1438,797,125.3,34.3833
2002-04-29,13.3,11.9,2002-04-28 21:53:00+00:00,15.7,2002-04-29 10:41:00+00:00,0.0,,,22.4,,11.7,158.9,1439,798,125.1833,34.6667
2002-04-29,17.0,15.3,2002-04-28 16:34:00+00:00,18.6,2002-04-29 03:07:00+00:00,0.0,,,13.3,,7.2,159.0,1440,799,126.1333,35.2
2002-04-29,13.7,10.3,2002-04-28 18:41:00+00:00,16.3,2002-04-29 14:23:00+00:00,1.0,,,9.6,,3.1,201.6,1433,800,129.4622,36.6809
2002-04-29,12.0,5.6,2002-04-28 15:07:00+00:00,15.3,2002-04-29 13:48:00+00:00,6.5,,,3.4,,0.8,128.1,1421,801,129.07,36.7
2002-04-29,11.8,9.9,2002-04-28 15:02:00+00:00,13.2,2002-04-29 12:45:00+00:00,4.0,,,4.2,,1.0,86.8,1430,820,128.5086,36.5538
2002-04-29,15.7,10.0,2002-04-28 15:01:00+00:00,19.9,2002-04-29 12:13:00+00:00,0.5,,,6.9,,0.9,263.3,1420,830,129.2064,36.0706
2002-04-29,11.7,9.6,2002-04-28 15:01:00+00:00,13.9,2002-04-29 12:43:00+00:00,0.0,,,14.7,,5.3,188.8,1439,852,129.4167,37.05
2002-04-29,14.3,11.4,2002-04-28 21:01:00+00:00,18.0,2002-04-29 12:36:00+00:00,15.5,,,7.1,,0.8,140.5,1431,934,127.9322,35.1986
2002-04-29,16.5,13.5,2002-04-28 18:07:00+00:00,19.7,2002-04-29 07:12:00+00:00,2.0,,,12.6,,2.6,213.5,1426,938,129.05,35.1333
2002-04-29,14.8,11.1,2002-04-28 20:40:00+00:00,18.2,2002-04-29 14:48:00+00:00,6.5,,,11.0,,2.7,164.3,1440,948,127.85,35.2833
2002-04-29,10.3,6.7,2002-04-29 14:55:00+00:00,13.4,2002-04-28 15:01:00+00:00,57.5,,,17.2,,6.1,156.7,1419,116,126.967,37.4433
2002-04-29,16.4,13.9,2002-04-28 20:40:00+00:00,17.9,2002-04-29 14:56:00+00:00,5.5,,,13.1,,4.5,184.0,1420,144,126.7834,36.0123
2002-04-29,13.3,9.2,2002-04-28 17:24:00+00:00,15.7,2002-04-29 00:29:00+00:00,2.5,,,18.1,,5.1,186.0,1362,160,129.0,35.1188
2002-04-29,14.7,13.8,2002-04-29 05:17:00+00:00,16.6,2002-04-28 16:51:00+00:00,0.0,,,14.8,,3.9,161.0,1175,300,126.3167,35.85
2002-04-29,16.3,15.1,2002-04-28 21:20:00+00:00,17.9,2002-04-29 07:45:00+00:00,0.0,,,13.1,,3.0,52.0,1309,301,126.0167,35.3333
2002-04-29,17.3,14.5,2002-04-28 22:13:00+00:00,19.5,2002-04-29 06:31:00+00:00,0.0,,,12.7,,4.1,141.0,1264,302,126.1491,34.6432
2002-04-29,14.4,,,,,0.5,,,,,,,1087,303,125.1167,34.0667
2002-04-29,15.7,,,,,0.0,,,,,,,1137,304,126.6,34.0833
2002-04-29,,,,,,0.0,,,,,,,3,305,126.9167,33.9
2002-04-29,15.3,12.8,2002-04-28 17:13:00+00:00,18.0,2002-04-29 09:59:00+00:00,1.5,,,13.4,,5.3,94.0,1181,307,127.4496,34.2437
2002-04-29,12.5,8.7,2002-04-28 21:59:00+00:00,15.4,2002-04-29 12:04:00+00:00,1.0,,,8.3,,0.7,150.1,1440,311,128.0867,35.7892
2002-04-29,14.1,7.5,2002-04-28 15:17:00+00:00,18.2,2002-04-29 03:39:00+00:00,0.5,,,8.8,,0.7,221.3,1440,312,129.1418,36.3908
2002-04-29,,,,,,,,,,,,,0,314,127.75,35.8667
2002-04-29,11.8,9.5,2002-04-28 21:43:00+00:00,13.9,2002-04-29 14:08:00+00:00,6.0,,,21.7,,8.2,148.1,1402,315,127.5333,35.3667
2002-04-29,12.7,9.9,2002-04-28 16:09:00+00:00,15.5,2002-04-29 14:07:00+00:00,2.0,,,19.0,,10.0,186.9,1439,316,126.9974,35.1144
2002-04-29,19.6,17.4,2002-04-28 16:01:00+00:00,21.5,2002-04-29 13:22:00+00:00,0.5,,,12.0,,1.6,27.9,1440,317,127.0454,35.7189
2002-04-29,10.7,1.3,2002-04-28 16:10:00+00:00,15.1,2002-04-29 05:10:00+00:00,11.0,,,9.1,,1.0,225.3,1439,318,128.6794,37.6437
2002-04-29,15.1,8.1,2002-04-28 16:20:00+00:00,19.2,2002-04-29 05:10:00+00:00,22.5,,,21.4,,3.6,225.1,1439,319,130.8746,37.5408
2002-04-29,8.8,5.9,2002-04-28 23:01:00+00:00,10.6,2002-04-29 14:27:00+00:00,37.0,,,21.2,,5.9,254.7,1438,320,128.3208,38.325
2002-04-29,11.2,6.8,2002-04-28 16:16:00+00:00,15.0,2002-04-29 14:59:00+00:00,38.5,,,6.3,,1.5,243.9,1434,321,128.1963,38.1147
2002-04-29,11.6,9.2,2002-04-28 22:35:00+00:00,13.5,2002-04-29 14:47:00+00:00,54.0,,,4.7,,0.7,349.4,1440,322,127.6698,38.2155
2002-04-29,11.9,9.4,2002-04-28 21:54:00+00:00,13.5,2002-04-29 12:57:00+00:00,62.0,,,8.6,,1.1,359.5,1440,323,127.5542,38.2728
2002-04-29,14.8,13.0,2002-04-28 22:27:00+00:00,17.3,2002-04-29 13:42:00+00:00,6.0,,,12.8,,4.6,205.4,1429,324,128.0667,36.8667
2002-04-29,13.0,10.6,2002-04-28 23:49:00+00:00,14.6,2002-04-29 14:38:00+00:00,36.5,,,4.7,,0.6,186.3,1434,325,128.0254,37.1376
2002-04-29,13.2,11.0,2002-04-28 23:44:00+00:00,14.8,2002-04-28 16:02:00+00:00,53.0,,,2.2,,0.3,114.9,1439,326,127.583,37.5453
2002-04-29,16.1,13.4,2002-04-28 18:40:00+00:00,18.9,2002-04-29 14:48:00+00:00,8.0,,,7.1,,1.6,218.7,1440,327,127.512,36.6503
2002-04-29,18.5,17.0,2002-04-28 17:12:00+00:00,20.1,2002-04-29 04:50:00+00:00,12.0,,,10.4,,3.0,134.6,1440,328,126.4061,33.2495
2002-04-29,19.1,15.2,2002-04-28 17:10:00+00:00,25.3,2002-04-29 03:05:00+00:00,0.5,,,13.3,,2.2,212.8,1440,329,126.5439,33.4238
2002-04-29,16.8,15.0,2002-04-28 17:15:00+00:00,17.8,2002-04-29 06:37:00+00:00,37.0,,,13.8,,5.4,187.3,1440,330,126.4616,33.2886
2002-04-29,15.8,13.2,2002-04-28 23:26:00+00:00,19.8,2002-04-28 15:01:00+00:00,60.0,,,8.1,,1.6,151.9,1422,400,127.0485,37.5094
2002-04-29,16.1,13.3,2002-04-28 23:42:00+00:00,19.9,2002-04-28 15:03:00+00:00,58.0,,,7.2,,0.9,149.2,1419,401,127.02,37.48
2002-04-29,15.3,12.2,2002-04-28 23:48:00+00:00,19.8,2002-04-28 15:01:00+00:00,57.0,,,6.5,,2.2,100.5,1399,402,127.1484,37.5519
2002-04-29,15.9,12.9,2002-04-28 23:57:00+00:00,19.9,2002-04-28 15:01:00+00:00,60.5,,,8.5,,2.0,165.3,1427,403,127.1004,37.5082
2002-04-29,15.0,12.7,2002-04-28 22:36:00+00:00,18.6,2002-04-28 16:24:00+00:00,63.5,,,8.1,,1.9,71.5,1423,404,126.85,37.55
2002-04-29,15.8,13.5,2002-04-28 23:20:00+00:00,19.4,2002-04-28 15:01:00+00:00,64.0,,,7.3,,1.8,116.5,1422,405,126.8793,37.524
2002-04-29,15.0,12.3,2002-04-28 23:58:00+00:00,19.1,2002-04-28 15:42:00+00:00,79.0,,,7.4,,1.1,139.6,1424,406,127.0352,37.6633
2002-04-29,14.9,11.9,2002-04-28 23:37:00+00:00,18.9,2002-04-28 15:01:00+00:00,71.5,,,7.8,,1.7,116.9,1417,407,127.0894,37.6194
2002-04-29,15.5,12.5,2002-04-28 23:48:00+00:00,20.2,2002-04-28 15:01:00+00:00,75.0,,,7.8,,1.9,156.2,1426,408,127.0501,37.5772
2002-04-29,15.2,12.1,2002-04-28 23:26:00+00:00,19.7,2002-04-28 15:01:00+00:00,72.0,,,9.3,,2.2,107.0,1426,409,127.0889,37.5835
2002-04-29,16.5,13.1,2002-04-28 22:44:00+00:00,19.3,2002-04-28 15:21:00+00:00,67.0,,,9.0,,1.6,203.8,1435,410,126.9228,37.4935
2002-04-29,16.2,13.4,2002-04-28 23:24:00+00:00,19.9,2002-04-28 16:34:00+00:00,56.5,,,11.7,,2.4,111.5,1185,411,126.9342,37.5431
2002-04-29,14.6,11.6,2002-04-28 22:56:00+00:00,18.4,2002-04-28 15:43:00+00:00,70.5,,,9.8,,2.0,28.1,1406,412,126.9466,37.5676
2002-04-29,,,,,,1.5,,,,,,,1082,738,126.6775,35.5904
2002-04-29,15.3,12.5,2002-04-28 23:43:00+00:00,19.9,2002-04-28 15:01:00+00:00,64.0,,,8.9,,2.0,199.2,1417,413,127.0791,37.5379
2002-04-29,14.8,11.6,2002-04-28 23:26:00+00:00,19.4,2002-04-28 15:14:00+00:00,78.5,,,8.4,,1.7,23.1,1428,414,126.9993,37.6105
2002-04-29,16.0,13.4,2002-04-28 23:28:00+00:00,20.6,2002-04-28 15:25:00+00:00,64.0,,,7.3,,1.4,237.3,1412,415,126.9775,37.5168
2002-04-29,15.2,12.4,2002-04-28 23:20:00+00:00,19.0,2002-04-28 16:17:00+00:00,68.0,,,13.6,,4.5,73.1,1422,416,126.9357,37.6084
2002-04-29,16.7,14.3,2002-04-28 22:30:00+00:00,19.9,2002-04-28 17:08:00+00:00,59.5,,,9.4,,2.3,206.1,1420,417,126.88,37.48
2002-04-29,16.1,13.4,2002-04-28 23:37:00+00:00,21.0,2002-04-28 15:01:00+00:00,59.5,,,9.1,,3.2,133.0,1417,418,126.9394,37.5213
2002-04-29,14.0,11.1,2002-04-28 22:37:00+00:00,18.1,2002-04-28 15:01:00+00:00,67.0,,,8.2,,2.3,39.1,1397,419,126.9864,37.5535
2002-04-29,12.7,10.5,2002-04-28 20:17:00+00:00,15.5,2002-04-28 15:01:00+00:00,69.5,,,14.0,,4.1,273.1,1425,420,126.9565,37.6155
2002-04-29,15.8,13.7,2002-04-28 22:32:00+00:00,19.0,2002-04-28 18:21:00+00:00,81.0,,,8.1,,1.9,161.8,1440,423,126.8333,37.4833
2002-04-29,16.7,13.7,2002-04-28 23:06:00+00:00,21.6,2002-04-28 15:17:00+00:00,80.5,,,5.8,,1.3,217.5,1407,424,127.0017,37.6333
2002-04-29,12.1,9.7,2002-04-28 21:37:00+00:00,15.0,2002-04-28 16:56:00+00:00,46.0,,,8.1,,2.1,199.0,1210,499,127.0213,38.1331
2002-04-29,14.7,13.1,2002-04-28 22:41:00+00:00,17.4,2002-04-28 19:03:00+00:00,101.5,,,11.0,,2.6,254.8,1423,500,126.4116,37.6287
2002-04-29,12.0,10.8,2002-04-28 17:23:00+00:00,14.1,2002-04-28 15:01:00+00:00,86.5,,,8.1,,2.2,114.7,1419,501,125.7023,37.6644
2002-04-29,14.0,13.0,2002-04-29 12:29:00+00:00,17.2,2002-04-28 15:01:00+00:00,84.5,,,9.7,,3.1,231.7,1426,502,126.2829,37.7844
2002-04-29,13.0,10.9,2002-04-28 22:26:00+00:00,15.8,2002-04-28 15:41:00+00:00,99.0,,,4.6,,1.2,156.6,1418,503,126.6833,37.8833
2002-04-29,15.1,12.7,2002-04-28 23:00:00+00:00,17.4,2002-04-28 19:48:00+00:00,71.5,,,6.5,,1.3,244.2,1429,504,127.202,37.8915
2002-04-29,12.4,10.3,2002-04-29 00:12:00+00:00,13.5,2002-04-28 21:05:00+00:00,74.0,,,4.6,,0.9,245.7,1440,505,127.35,37.82
2002-04-29,13.6,12.4,2002-04-28 22:20:00+00:00,15.9,2002-04-28 17:59:00+00:00,77.5,,,6.0,,1.7,1.6,1423,543,126.5496,37.499
2002-04-29,15.8,13.3,2002-04-28 22:24:00+00:00,18.4,2002-04-28 18:20:00+00:00,70.5,,,8.4,,1.4,0.0,1415,544,126.7827,37.4631
2002-04-29,15.8,13.4,2002-04-28 22:10:00+00:00,17.8,2002-04-28 16:51:00+00:00,62.0,,,8.5,,2.9,104.2,1426,545,126.8387,37.2804
2002-04-29,14.7,12.0,2002-04-28 23:55:00+00:00,18.2,2002-04-28 15:07:00+00:00,69.0,,,7.7,,2.2,105.9,1431,546,127.2833,37.4
2002-04-29,15.3,12.6,2002-04-28 23:45:00+00:00,18.2,2002-04-28 15:03:00+00:00,0.0,,,7.4,,1.8,0.9,1413,548,127.65,37.3
2002-04-29,15.0,12.3,2002-04-28 22:34:00+00:00,18.0,2002-04-28 15:01:00+00:00,71.5,,,5.1,,1.3,109.7,1427,549,127.2,37.25
2002-04-29,16.8,13.7,2002-04-28 22:17:00+00:00,18.4,2002-04-28 15:32:00+00:00,60.5,,,5.0,,1.1,295.7,1438,550,127.05,37.1833
2002-04-29,16.0,13.5,2002-04-28 22:11:00+00:00,18.7,2002-04-28 15:01:00+00:00,39.0,,,6.3,,2.0,25.2,1420,551,127.07,37.0
2002-04-29,12.3,9.9,2002-04-28 22:36:00+00:00,13.9,2002-04-29 12:02:00+00:00,59.5,,,5.9,,1.3,188.6,1430,552,127.42,38.25
2002-04-29,9.7,8.9,2002-04-28 17:02:00+00:00,10.3,2002-04-29 03:06:00+00:00,7.0,,,6.0,,2.3,3.9,1398,553,128.4287,38.5038
2002-04-29,9.6,4.9,2002-04-28 15:07:00+00:00,13.5,2002-04-29 10:57:00+00:00,24.0,,,14.9,,2.5,303.5,1415,554,128.4371,38.2144
2002-04-29,12.5,10.3,2002-04-28 23:21:00+00:00,13.9,2002-04-29 06:55:00+00:00,41.0,,,4.2,,0.6,83.7,1439,555,127.73,38.12
2002-04-29,11.0,8.4,2002-04-28 19:26:00+00:00,13.1,2002-04-29 14:40:00+00:00,28.5,,,3.0,,0.3,280.9,1419,556,127.9908,38.1056
2002-04-29,15.7,,,,,15.0,,,,,,,743,571,126.8209,37.1953
2002-04-29,11.6,6.3,2002-04-28 16:14:00+00:00,15.5,2002-04-29 13:20:00+00:00,12.5,,,5.6,,0.5,347.8,1419,557,128.3209,37.9513
2002-04-29,13.4,11.1,2002-04-29 00:12:00+00:00,15.0,2002-04-29 07:38:00+00:00,29.5,,,3.4,,0.7,19.8,1425,558,127.7007,37.6861
2002-04-29,11.4,4.7,2002-04-28 16:16:00+00:00,15.1,2002-04-29 12:12:00+00:00,33.5,,,7.7,,1.0,194.2,1419,559,128.3898,37.7739
2002-04-29,10.1,3.1,2002-04-28 16:23:00+00:00,14.2,2002-04-29 12:46:00+00:00,21.0,,,8.4,,1.0,8.7,1426,560,128.5943,37.6701
2002-04-29,13.9,11.4,2002-04-29 00:27:00+00:00,15.5,2002-04-29 05:27:00+00:00,40.0,,,2.6,,0.3,353.0,1409,561,128.1555,37.5816
2002-04-29,13.1,11.0,2002-04-28 17:54:00+00:00,14.9,2002-04-29 08:47:00+00:00,35.5,,,1.8,,0.2,284.7,1430,562,128.269,37.2722
2002-04-29,12.7,6.7,2002-04-28 16:54:00+00:00,17.4,2002-04-29 14:04:00+00:00,26.5,,,8.6,,0.8,235.3,1430,563,128.7466,37.2647
2002-04-29,15.7,13.2,2002-04-28 22:11:00+00:00,18.4,2002-04-28 17:12:00+00:00,64.0,,,9.9,,2.7,130.6,1420,565,126.785,37.34
2002-04-29,10.1,5.7,2002-04-28 16:39:00+00:00,13.4,2002-04-29 05:22:00+00:00,0.0,,,4.3,,0.5,132.3,1433,566,128.7,37.82
2002-04-29,14.2,11.8,2002-04-28 22:19:00+00:00,15.5,2002-04-28 15:08:00+00:00,84.5,,,6.0,,0.2,222.5,1417,567,126.913,37.9483
2002-04-29,13.7,10.8,2002-04-28 23:01:00+00:00,15.1,2002-04-29 14:55:00+00:00,63.5,,,4.0,,0.7,183.7,1419,568,127.3179,37.9522
2002-04-29,15.0,12.0,2002-04-28 23:43:00+00:00,19.4,2002-04-28 15:01:00+00:00,66.0,,,8.6,,1.7,198.5,1424,569,127.1312,37.5994
2002-04-29,14.0,12.3,2002-04-28 22:38:00+00:00,16.7,2002-04-28 16:50:00+00:00,101.5,,,7.0,,1.4,128.0,1428,570,126.6472,37.6215
2002-04-29,15.7,12.3,2002-04-28 23:22:00+00:00,19.4,2002-04-28 15:01:00+00:00,62.5,,,8.1,,2.1,121.6,1422,572,127.1248,37.421
2002-04-29,14.8,12.0,2002-04-28 23:33:00+00:00,17.8,2002-04-28 15:01:00+00:00,46.0,,,3.6,,0.8,25.3,1421,574,127.5865,37.3751
2002-04-29,16.0,13.8,2002-04-28 22:23:00+00:00,18.7,2002-04-28 15:36:00+00:00,72.0,,,5.2,,1.2,122.0,1432,575,127.198,37.1399
2002-04-29,15.0,12.3,2002-04-28 22:23:00+00:00,17.4,2002-04-28 15:01:00+00:00,64.5,,,6.5,,1.9,151.8,1421,576,127.3755,37.1634
2002-04-29,12.9,12.0,2002-04-28 22:27:00+00:00,15.5,2002-04-28 18:48:00+00:00,79.5,,,10.1,,2.6,142.9,1426,577,126.3365,37.5341
2002-04-29,13.1,4.1,2002-04-28 16:59:00+00:00,17.3,2002-04-29 14:09:00+00:00,8.0,,,10.1,,1.1,235.5,1406,579,128.9431,37.3495
2002-04-29,10.6,6.9,2002-04-28 18:32:00+00:00,13.3,2002-04-29 08:15:00+00:00,0.0,,,7.0,,1.9,38.6,1431,580,129.0378,37.6126
2002-04-29,12.5,7.5,2002-04-28 17:01:00+00:00,14.6,2002-04-29 03:00:00+00:00,13.5,,,5.8,,0.7,210.6,1430,581,128.8385,37.1409
2002-04-29,12.3,9.9,2002-04-29 00:10:00+00:00,14.2,2002-04-29 14:17:00+00:00,48.5,,,2.9,,0.2,137.5,1421,582,128.0829,37.2278
2002-04-29,13.1,9.7,2002-04-29 00:12:00+00:00,14.8,2002-04-29 10:51:00+00:00,45.0,,,8.0,,2.7,208.1,1419,583,128.1568,37.41
2002-04-29,11.5,8.4,2002-04-28 21:01:00+00:00,15.0,2002-04-29 07:30:00+00:00,33.5,,,5.8,,0.5,286.7,1408,585,128.0834,37.966
2002-04-29,11.1,8.9,2002-04-28 15:35:00+00:00,13.9,2002-04-29 14:55:00+00:00,46.5,,,4.1,,0.1,96.4,1422,586,127.8858,37.9876
2002-04-29,10.7,8.1,2002-04-28 20:51:00+00:00,12.6,2002-04-29 09:32:00+00:00,42.0,,,2.6,,0.2,184.1,1419,587,127.9495,38.2091
2002-04-29,12.6,10.8,2002-04-29 00:18:00+00:00,13.7,2002-04-29 09:26:00+00:00,41.0,,,3.1,,0.2,164.4,1440,588,127.6429,37.7907
2002-04-29,15.1,11.3,2002-04-29 09:17:00+00:00,17.8,2002-04-28 19:18:00+00:00,53.0,,,7.5,,2.6,165.3,1405,589,126.7586,37.6372
2002-04-29,15.6,12.9,2002-04-28 22:36:00+00:00,18.5,2002-04-28 15:53:00+00:00,65.0,,,6.8,,1.9,120.0,1414,590,126.9887,37.4263
2002-04-29,13.7,10.7,2002-04-29 00:12:00+00:00,16.4,2002-04-28 15:24:00+00:00,36.0,,,6.4,,1.3,290.8,1392,591,128.03,37.43
2002-04-29,14.8,12.4,2002-04-28 23:31:00+00:00,16.9,2002-04-28 15:22:00+00:00,40.0,,,6.0,,1.8,226.9,1417,592,127.753,37.2045
2002-04-29,9.1,5.5,2002-04-28 16:36:00+00:00,12.5,2002-04-29 04:21:00+00:00,11.0,,,5.7,,1.1,55.6,1386,593,128.5265,37.9811
2002-04-29,11.8,6.7,2002-04-28 16:37:00+00:00,15.8,2002-04-29 14:54:00+00:00,32.0,,,7.1,,1.8,202.1,1416,594,128.2102,38.2168
2002-04-29,10.7,4.2,2002-04-28 16:25:00+00:00,15.0,2002-04-29 05:09:00+00:00,25.0,,,12.3,,2.4,200.4,1409,595,128.3833,38.2667
2002-04-29,8.7,5.1,2002-04-28 16:26:00+00:00,15.8,2002-04-29 04:55:00+00:00,37.0,,,8.6,,0.9,17.8,1413,596,128.45,38.07
2002-04-29,9.5,5.2,2002-04-28 15:59:00+00:00,12.4,2002-04-29 14:59:00+00:00,30.5,,,5.3,,1.3,191.7,1432,597,128.4594,37.4927
2002-04-29,14.7,12.2,2002-04-28 22:35:00+00:00,17.8,2002-04-28 18:33:00+00:00,63.5,,,9.1,,1.9,151.8,1414,598,127.0,37.83
2002-04-29,13.7,11.4,2002-04-28 23:24:00+00:00,15.2,2002-04-28 15:00:00+00:00,66.5,,,7.5,,1.3,204.5,1417,599,127.1698,37.7617
2002-04-29,15.0,12.4,2002-04-28 22:42:00+00:00,17.8,2002-04-29 14:08:00+00:00,21.5,,,8.3,,2.5,128.6,1421,600,127.6003,36.9882
2002-04-29,13.8,11.2,2002-04-29 00:03:00+00:00,17.6,2002-04-29 14:09:00+00:00,7.5,,,4.2,,0.8,167.7,1419,601,128.3669,36.9855
2002-04-29,15.6,12.6,2002-04-28 22:05:00+00:00,18.4,2002-04-29 14:30:00+00:00,17.0,,,7.3,,1.4,223.8,1426,602,127.4297,36.8539
2002-04-29,14.1,12.4,2002-04-28 23:00:00+00:00,17.7,2002-04-29 14:41:00+00:00,7.5,,,6.1,,1.9,188.4,1406,603,127.8,36.8
2002-04-29,15.3,12.5,2002-04-28 22:12:00+00:00,17.8,2002-04-29 13:40:00+00:00,5.0,,,5.2,,1.5,76.2,1432,604,127.58,36.3
2002-04-29,15.1,13.0,2002-04-28 20:06:00+00:00,18.3,2002-04-29 03:48:00+00:00,0.0,,,11.8,,0.7,69.3,1424,605,127.7598,36.1631
2002-04-29,12.8,11.1,2002-04-29 10:26:00+00:00,15.8,2002-04-28 18:48:00+00:00,18.0,,,13.6,,5.3,168.8,1427,607,126.15,36.6667
2002-04-29,16.6,13.1,2002-04-28 21:30:00+00:00,19.1,2002-04-29 07:40:00+00:00,34.5,,,13.8,,3.3,236.1,1439,608,126.6816,36.7487
2002-04-29,15.0,13.9,2002-04-29 14:43:00+00:00,16.7,2002-04-29 00:25:00+00:00,10.0,,,14.5,,5.6,179.5,1424,609,126.44,36.42
2002-04-29,17.2,15.9,2002-04-28 21:24:00+00:00,19.4,2002-04-29 07:33:00+00:00,17.5,,,13.0,,3.3,260.0,1395,610,126.63,36.58
2002-04-29,16.4,13.7,2002-04-28 21:50:00+00:00,19.9,2002-04-29 14:14:00+00:00,8.5,,,7.3,,2.0,6.3,1429,611,127.27,36.57
2002-04-29,17.3,14.7,2002-04-29 02:16:00+00:00,20.1,2002-04-29 14:07:00+00:00,10.0,,,9.1,,1.4,150.7,1434,612,127.1,36.4833
2002-04-29,18.2,16.1,2002-04-28 15:01:00+00:00,19.4,2002-04-29 08:17:00+00:00,6.0,,,8.6,,2.3,202.2,1411,614,126.7,36.05
2002-04-29,17.1,13.5,2002-04-28 21:31:00+00:00,19.7,2002-04-29 02:30:00+00:00,9.0,,,5.1,,1.4,150.8,1435,615,127.1,36.1833
2002-04-29,16.2,13.1,2002-04-28 20:57:00+00:00,19.0,2002-04-29 07:33:00+00:00,38.0,,,13.1,,3.5,194.7,1429,616,126.65,36.9
2002-04-29,17.6,14.7,2002-04-28 21:52:00+00:00,19.6,2002-04-29 13:29:00+00:00,17.0,,,10.1,,2.6,177.7,1426,617,127.1561,36.8782
2002-04-29,16.9,13.5,2002-04-28 23:24:00+00:00,19.7,2002-04-29 12:44:00+00:00,30.0,,,8.6,,1.9,181.3,1424,618,126.78,36.42
2002-04-29,15.0,12.5,2002-04-28 22:36:00+00:00,17.8,2002-04-29 14:56:00+00:00,18.0,,,4.8,,1.0,165.6,1430,619,127.68,36.93
2002-04-29,15.2,12.9,2002-04-28 23:30:00+00:00,17.0,2002-04-28 15:16:00+00:00,25.5,,,5.0,,1.0,140.4,1423,620,127.9152,37.0865
2002-04-29,13.6,11.6,2002-04-28 23:33:00+00:00,15.1,2002-04-29 14:35:00+00:00,14.5,,,4.3,,1.1,12.2,1345,621,128.1678,37.0003
2002-04-29,15.0,13.2,2002-04-28 23:18:00+00:00,17.1,2002-04-29 14:57:00+00:00,8.0,,,7.6,,1.6,17.5,1430,622,127.9939,36.842
2002-04-29,16.2,13.5,2002-04-28 22:33:00+00:00,19.0,2002-04-28 15:00:00+00:00,9.0,,,5.2,,0.6,126.5,1422,623,127.58,36.78
2002-04-29,14.5,12.2,2002-04-28 23:07:00+00:00,17.7,2002-04-29 14:56:00+00:00,11.0,,,6.1,,1.5,191.6,1428,624,127.6588,36.6294
2002-04-29,13.9,10.8,2002-04-28 21:45:00+00:00,17.5,2002-04-29 10:08:00+00:00,6.5,,,8.3,,2.2,4.7,1434,625,127.8167,36.5172
2002-04-29,14.4,12.0,2002-04-28 21:18:00+00:00,15.6,2002-04-28 15:00:00+00:00,6.0,,,6.0,,1.4,0.7,1434,626,127.8156,36.3709
2002-04-29,14.7,12.4,2002-04-29 11:22:00+00:00,16.7,2002-04-29 01:14:00+00:00,27.0,,,9.8,,2.2,168.5,1425,627,126.2988,36.7544
2002-04-29,17.3,15.0,2002-04-28 21:16:00+00:00,19.6,2002-04-29 09:13:00+00:00,20.5,,,10.5,,3.2,183.6,1430,628,126.8,36.6778
2002-04-29,15.1,12.3,2002-04-28 22:05:00+00:00,17.8,2002-04-29 13:35:00+00:00,11.5,,,2.8,,0.7,151.2,1432,629,127.1959,36.6814
2002-04-29,14.5,12.7,2002-04-28 23:04:00+00:00,16.0,2002-04-28 15:11:00+00:00,30.0,,,4.9,,1.2,114.8,1420,630,127.7563,37.0451
2002-04-29,15.9,14.3,2002-04-28 21:45:00+00:00,18.4,2002-04-28 17:55:00+00:00,23.5,,,11.4,,4.4,150.0,1279,631,126.5133,37.355
2002-04-29,16.7,13.7,2002-04-29 00:22:00+00:00,19.4,2002-04-29 13:26:00+00:00,22.5,,,5.6,,1.4,190.4,1427,632,126.952,36.5495
2002-04-29,16.2,13.5,2002-04-28 21:59:00+00:00,18.5,2002-04-29 14:19:00+00:00,20.0,,,5.9,,1.8,169.8,1428,633,127.1207,36.6041
2002-04-29,17.4,14.4,2002-04-28 21:29:00+00:00,19.7,2002-04-29 10:13:00+00:00,19.5,,,10.7,,2.7,229.0,1419,634,126.8858,36.8664
2002-04-29,17.4,13.9,2002-04-28 20:52:00+00:00,20.1,2002-04-29 12:18:00+00:00,17.0,,,11.8,,1.7,171.1,1424,635,126.7609,36.2139
2002-04-29,16.6,13.4,2002-04-28 22:06:00+00:00,18.6,2002-04-29 14:36:00+00:00,12.0,,,4.8,,0.1,215.6,1431,636,127.23,36.3
2002-04-29,15.3,13.0,2002-04-28 16:35:00+00:00,16.4,2002-04-29 05:04:00+00:00,35.0,,,10.8,,2.1,231.4,1391,637,126.2837,36.8679
2002-04-29,13.2,10.8,2002-04-28 16:12:00+00:00,15.1,2002-04-29 14:55:00+00:00,12.5,,,5.4,,0.9,85.0,1418,638,128.4887,37.0758
2002-04-29,15.6,12.2,2002-04-28 17:08:00+00:00,19.3,2002-04-29 13:49:00+00:00,7.0,,,8.8,,1.8,220.2,1411,639,128.1643,36.9117
2002-04-29,14.6,11.1,2002-04-28 19:40:00+00:00,20.1,2002-04-29 13:21:00+00:00,8.5,,,8.6,,3.0,144.2,1430,640,127.86,36.76
2002-04-29,14.8,12.3,2002-04-28 22:14:00+00:00,17.3,2002-04-29 14:25:00+00:00,6.5,,,6.4,,1.7,169.9,1418,641,127.48,36.47
2002-04-29,17.2,14.7,2002-04-28 21:50:00+00:00,19.0,2002-04-29 10:42:00+00:00,7.0,,,6.5,,1.0,82.3,1431,642,127.4061,36.3105
2002-04-29,15.4,13.0,2002-04-28 21:54:00+00:00,16.7,2002-04-29 14:47:00+00:00,5.0,,,11.4,,2.0,156.9,1406,643,127.49,36.34
2002-04-29,19.1,14.2,2002-04-28 22:05:00+00:00,21.7,2002-04-29 02:42:00+00:00,2.5,,,9.9,,2.2,155.9,1424,644,127.2327,36.1385
2002-04-29,15.7,13.8,2002-04-28 17:52:00+00:00,17.7,2002-04-29 07:36:00+00:00,23.5,,,9.8,,2.0,203.7,1418,645,126.5173,36.5804
2002-04-29,17.2,15.8,2002-04-29 05:01:00+00:00,18.7,2002-04-28 15:30:00+00:00,5.5,,,12.1,,4.6,192.9,1432,646,126.5496,36.153
2002-04-29,16.4,12.9,2002-04-28 22:34:00+00:00,21.0,2002-04-29 13:03:00+00:00,0.0,,,4.8,,0.3,38.2,1431,647,127.6695,36.1173
2002-04-29,16.0,14.0,2002-04-28 21:41:00+00:00,18.6,2002-04-29 13:57:00+00:00,8.0,,,5.3,,1.1,128.0,1422,648,127.3833,36.4333
2002-04-29,12.5,10.8,2002-04-29 07:12:00+00:00,15.2,2002-04-28 15:32:00+00:00,32.5,,,22.4,,6.2,162.0,1248,649,126.08,37.285
2002-04-29,11.8,9.2,2002-04-28 22:40:00+00:00,13.2,2002-04-29 13:01:00+00:00,61.0,,,5.1,,1.6,117.2,1421,650,127.3333,38.2833
2002-04-29,12.3,9.6,2002-04-28 22:44:00+00:00,13.5,2002-04-29 13:33:00+00:00,68.5,,,4.8,,1.8,62.6,1405,651,127.1652,38.264
2002-04-29,14.5,12.0,2002-04-28 22:08:00+00:00,16.7,2002-04-28 16:06:00+00:00,69.5,,,4.3,,0.9,107.7,1424,652,127.0781,38.0265
2002-04-29,12.7,11.2,2002-04-29 11:28:00+00:00,16.4,2002-04-28 17:24:00+00:00,47.5,,,10.9,,2.7,238.5,1434,654,126.3333,37.25
2002-04-29,10.5,8.9,2002-04-28 20:26:00+00:00,11.7,2002-04-29 14:44:00+00:00,47.5,,,11.7,,5.2,205.1,1434,655,124.7167,37.75
2002-04-29,12.6,11.9,2002-04-28 18:14:00+00:00,14.3,2002-04-28 15:19:00+00:00,92.0,,,6.8,,1.6,132.9,1422,656,126.1833,37.65
2002-04-29,15.1,13.0,2002-04-29 04:42:00+00:00,17.4,2002-04-29 00:36:00+00:00,14.0,,,14.1,,4.1,186.0,1440,657,126.5,36.3167
2002-04-29,14.9,11.6,2002-04-28 15:27:00+00:00,16.5,2002-04-28 22:41:00+00:00,22.0,,,13.1,,4.2,198.8,1440,658,126.1333,36.8333
2002-04-29,12.7,10.2,2002-04-28 18:40:00+00:00,14.9,2002-04-29 14:08:00+00:00,3.0,,,14.3,,6.2,233.6,1440,659,127.25,36.4167
2002-04-29,10.8,5.6,2002-04-28 16:19:00+00:00,13.4,2002-04-29 08:34:00+00:00,34.0,,,5.2,,0.5,95.3,1440,660,128.35,37.55
2002-04-29,9.7,6.9,2002-04-28 15:16:00+00:00,11.1,2002-04-29 04:24:00+00:00,10.5,,,7.4,,1.8,11.4,1438,661,128.4,38.5333
2002-04-29,12.0,10.3,2002-04-29 13:29:00+00:00,14.9,2002-04-28 16:53:00+00:00,17.5,,,14.7,,2.3,199.0,1176,662,126.35,37.1467
2002-04-29,11.1,9.9,2002-04-28 18:58:00+00:00,12.1,2002-04-29 05:03:00+00:00,0.0,,,17.3,,6.1,163.0,1321,663,125.7869,36.9286
2002-04-29,13.5,,,,,18.0,,,,,3.1,,1141,664,126.4667,37.2667
2002-04-29,13.6,11.7,2002-04-28 23:06:00+00:00,15.9,2002-04-28 16:48:00+00:00,0.0,,,10.8,,2.4,215.0,1344,665,126.4167,37.3833
2002-04-29,,,,,,2.0,,,,,,,802,666,126.1667,36.95
2002-04-29,12.7,11.5,2002-04-29 10:29:00+00:00,14.5,2002-04-28 17:58:00+00:00,11.0,,,18.0,,9.8,187.0,1271,667,126.0093,36.6476
2002-04-29,13.7,11.7,2002-04-29 07:45:00+00:00,16.3,2002-04-28 18:14:00+00:00,10.5,,,13.2,,4.5,181.0,1287,669,125.45,36.2167
2002-04-29,14.6,11.4,2002-04-28 19:29:00+00:00,17.6,2002-04-29 08:36:00+00:00,1.0,,,15.5,,4.6,65.0,1430,721,127.0298,34.349
2002-04-29,19.1,16.8,2002-04-28 19:42:00+00:00,20.8,2002-04-29 02:32:00+00:00,0.0,,,13.2,,2.5,187.6,1368,722,126.9288,35.1368
2002-04-29,16.8,13.8,2002-04-28 17:12:00+00:00,19.4,2002-04-29 06:56:00+00:00,1.0,,,20.8,,5.5,147.8,1418,723,127.3064,34.0236
2002-04-29,16.7,13.0,2002-04-28 20:54:00+00:00,20.5,2002-04-29 06:49:00+00:00,0.0,,,16.4,,8.8,126.9,1429,724,126.3006,33.9547
2002-04-29,16.4,14.0,2002-04-28 16:54:00+00:00,18.2,2002-04-29 03:51:00+00:00,0.5,,,17.6,,6.0,135.2,1430,725,126.9534,33.5065
2002-04-29,16.4,14.9,2002-04-28 15:10:00+00:00,17.3,2002-04-29 05:20:00+00:00,4.0,,,17.5,,8.9,90.7,1434,726,126.2714,33.1137
2002-04-29,18.0,16.7,2002-04-28 16:56:00+00:00,19.8,2002-04-29 05:48:00+00:00,9.0,,,21.0,,10.5,184.6,1345,727,126.3949,33.39
2002-04-29,17.6,14.4,2002-04-28 19:35:00+00:00,20.3,2002-04-29 14:42:00+00:00,1.0,,,10.7,,3.0,187.9,1415,729,127.13,35.38
2002-04-29,17.4,15.5,2002-04-28 20:59:00+00:00,18.7,2002-04-29 11:39:00+00:00,1.5,,,12.8,,4.0,77.4,1431,730,126.82,35.32
2002-04-29,17.0,13.6,2002-04-28 19:31:00+00:00,19.5,2002-04-29 11:55:00+00:00,3.0,,,15.0,,6.7,136.7,1418,731,126.7036,34.7947
2002-04-29,13.6,10.3,2002-04-28 22:08:00+00:00,16.8,2002-04-29 14:06:00+00:00,9.5,,,8.9,,3.2,154.1,1423,732,127.08,34.77
2002-04-29,18.7,16.1,2002-04-28 18:47:00+00:00,20.6,2002-04-29 10:18:00+00:00,1.0,,,9.0,,2.5,156.0,1420,733,126.959,36.0412
2002-04-29,19.1,15.6,2002-04-28 19:15:00+00:00,21.6,2002-04-29 14:47:00+00:00,0.5,,,8.8,,2.2,235.4,1422,734,127.2112,35.9728
2002-04-29,16.0,12.8,2002-04-28 22:09:00+00:00,19.3,2002-04-29 13:38:00+00:00,1.0,,,9.5,,1.6,216.4,1424,735,127.7711,35.9037
2002-04-29,18.7,16.2,2002-04-28 15:18:00+00:00,20.2,2002-04-29 14:35:00+00:00,0.5,,,6.9,,2.9,125.2,1425,736,126.75,35.87
2002-04-29,20.0,17.8,2002-04-28 21:07:00+00:00,21.8,2002-04-29 08:41:00+00:00,0.0,,,12.8,,4.2,198.8,1426,737,126.8769,35.7943
2002-04-29,18.9,16.6,2002-04-28 21:29:00+00:00,20.6,2002-04-29 08:05:00+00:00,0.0,,,15.7,,4.5,55.7,1431,739,126.5511,35.5243
2002-04-29,17.6,14.5,2002-04-28 19:57:00+00:00,19.6,2002-04-29 11:50:00+00:00,0.0,,,4.5,,0.4,250.2,1428,741,126.98,35.05
2002-04-29,18.7,16.3,2002-04-28 19:38:00+00:00,20.5,2002-04-29 02:04:00+00:00,1.0,,,15.6,,4.9,174.9,1431,742,126.35,34.95
2002-04-29,17.4,14.7,2002-04-28 16:24:00+00:00,19.5,2002-04-29 02:14:00+00:00,0.0,,,17.4,,5.8,183.2,1400,743,125.9266,34.7555
2002-04-29,17.3,13.6,2002-04-28 19:22:00+00:00,19.7,2002-04-29 06:57:00+00:00,1.5,,,14.6,,5.1,160.4,1416,744,126.3276,34.6709
2002-04-29,16.6,13.8,2002-04-28 19:18:00+00:00,19.5,2002-04-29 14:31:00+00:00,0.0,,,14.2,,5.3,90.5,1428,746,126.5278,34.295
2002-04-29,16.4,12.3,2002-04-28 17:45:00+00:00,19.6,2002-04-29 05:44:00+00:00,0.0,,,16.3,,5.8,83.0,1413,747,126.859,34.1799
2002-04-29,15.6,12.7,2002-04-28 22:29:00+00:00,20.3,2002-04-29 14:13:00+00:00,19.5,,,13.0,,1.4,9.4,1426,748,127.35,34.83
2002-04-29,17.0,12.8,2002-04-28 19:46:00+00:00,20.0,2002-04-29 07:41:00+00:00,1.0,,,12.3,,3.7,179.2,1431,749,127.13,34.53
2002-04-29,15.2,12.6,2002-04-28 18:32:00+00:00,18.2,2002-04-29 05:18:00+00:00,5.5,,,10.3,,4.4,55.5,1261,750,127.6256,34.6308
2002-04-29,17.8,13.9,2002-04-28 15:01:00+00:00,19.8,2002-04-29 08:15:00+00:00,52.0,,,18.3,,6.8,253.3,1407,751,126.7119,33.4585
2002-04-29,18.8,17.5,2002-04-28 16:34:00+00:00,20.0,2002-04-29 04:42:00+00:00,9.5,,,13.4,,5.8,156.9,1415,752,126.3022,33.285
2002-04-29,15.8,13.3,2002-04-28 18:16:00+00:00,17.5,2002-04-29 06:05:00+00:00,57.0,,,18.0,,5.6,232.2,1420,753,126.4941,33.3921
2002-04-29,18.1,15.1,2002-04-28 20:40:00+00:00,20.9,2002-04-29 11:39:00+00:00,0.0,,,12.2,,3.2,145.9,1437,754,126.5225,35.0635
2002-04-29,16.2,12.9,2002-04-28 21:15:00+00:00,18.7,2002-04-29 14:14:00+00:00,1.0,,,10.0,,4.1,162.9,1429,755,127.13,35.17
2002-04-29,17.5,16.2,2002-04-28 20:19:00+00:00,18.8,2002-04-29 13:41:00+00:00,0.0,,,11.1,,3.0,177.6,1420,756,126.2931,35.6028
2002-04-29,17.8,15.0,2002-04-28 17:35:00+00:00,19.9,2002-04-29 03:06:00+00:00,1.0,,,13.5,,2.4,128.7,1419,757,127.4254,35.9715
2002-04-29,17.5,14.8,2002-04-28 18:44:00+00:00,19.5,2002-04-29 10:21:00+00:00,0.5,,,11.2,,3.4,190.9,1425,758,127.5682,35.8355
2002-04-29,15.8,11.0,2002-04-28 21:20:00+00:00,19.5,2002-04-29 05:27:00+00:00,1.0,,,10.2,,1.5,201.0,1422,759,127.6,35.37
2002-04-29,17.1,14.3,2002-04-28 21:40:00+00:00,19.5,2002-04-29 14:08:00+00:00,1.0,,,10.6,,3.4,138.3,1423,760,126.93,35.43
2002-04-29,19.7,17.4,2002-04-28 18:59:00+00:00,21.4,2002-04-29 14:52:00+00:00,0.0,,,11.5,,4.1,142.7,1428,761,126.8863,35.647
2002-04-29,17.4,15.4,2002-04-28 15:31:00+00:00,19.4,2002-04-29 14:57:00+00:00,2.0,,,18.7,,5.9,131.1,1424,762,127.1136,35.5388
2002-04-29,18.8,16.3,2002-04-28 18:14:00+00:00,20.4,2002-04-29 02:18:00+00:00,2.5,,,12.8,,3.5,171.0,1420,763,127.07,36.05
2002-04-29,17.4,15.4,2002-04-28 21:06:00+00:00,19.3,2002-04-29 13:37:00+00:00,0.0,,,9.1,,1.8,100.3,1427,764,127.1849,35.6811
2002-04-29,16.0,12.4,2002-04-28 21:01:00+00:00,19.1,2002-04-29 13:06:00+00:00,4.5,,,9.8,,1.8,226.5,1400,765,127.17,34.93
2002-04-29,16.2,12.4,2002-04-28 20:43:00+00:00,20.7,2002-04-29 14:58:00+00:00,1.5,,,15.1,,3.0,213.0,1239,766,127.72,34.85
2002-04-29,15.9,12.7,2002-04-28 18:51:00+00:00,19.0,2002-04-29 12:52:00+00:00,11.5,,,11.7,,2.1,182.7,1420,767,127.45,34.6
2002-04-29,15.6,12.9,2002-04-29 00:00:00+00:00,20.1,2002-04-28 15:24:00+00:00,35.5,,,9.1,,2.0,120.5,1412,421,127.0406,37.545
2002-04-29,17.8,14.9,2002-04-28 16:37:00+00:00,20.9,2002-04-28 15:00:00+00:00,0.0,,,10.1,,2.1,188.0,1421,768,127.2908,35.2802
2002-04-29,18.2,16.4,2002-04-28 21:09:00+00:00,19.7,2002-04-29 02:42:00+00:00,0.5,,,12.4,,4.3,160.6,1428,769,126.3729,35.2159
2002-04-29,17.2,10.0,2002-04-28 15:35:00+00:00,21.0,2002-04-29 12:42:00+00:00,0.0,,,12.1,,3.3,219.3,1439,804,129.338,36.1996
2002-04-29,14.2,6.4,2002-04-28 15:02:00+00:00,17.5,2002-04-29 14:07:00+00:00,2.5,,,12.4,,2.0,294.9,1433,805,129.0958,36.1602
2002-04-29,14.8,11.8,2002-04-28 19:36:00+00:00,18.0,2002-04-29 08:58:00+00:00,1.0,,,6.6,,1.4,274.6,1422,806,128.2903,36.2334
2002-04-29,15.5,9.3,2002-04-28 15:10:00+00:00,20.2,2002-04-29 14:36:00+00:00,2.0,,,9.4,,1.1,199.3,1415,807,128.7261,36.172
2002-04-29,15.6,11.9,2002-04-28 18:18:00+00:00,20.2,2002-04-29 08:52:00+00:00,0.0,,,11.0,,4.1,175.1,1440,808,129.5694,36.0774
2002-04-29,15.7,11.2,2002-04-28 22:39:00+00:00,19.4,2002-04-29 07:57:00+00:00,0.5,,,11.3,,3.3,245.8,1425,809,127.9689,35.9179
2002-04-29,15.8,12.6,2002-04-28 23:22:00+00:00,19.4,2002-04-29 12:34:00+00:00,0.5,,,9.8,,2.8,196.8,1422,810,128.28,35.93
2002-04-29,15.9,11.1,2002-04-28 17:23:00+00:00,20.9,2002-04-29 05:51:00+00:00,0.0,,,11.7,,2.8,263.9,1429,811,129.2167,35.85
2002-04-29,15.1,12.2,2002-04-28 22:08:00+00:00,19.0,2002-04-29 14:59:00+00:00,0.0,,,8.3,,1.5,249.5,1394,812,128.27,35.73
2002-04-29,16.2,12.4,2002-04-28 19:58:00+00:00,20.2,2002-04-29 04:53:00+00:00,0.5,,,12.2,,1.8,161.9,1427,813,128.73,35.65
2002-04-29,11.2,7.2,2002-04-28 15:01:00+00:00,13.7,2002-04-29 14:51:00+00:00,20.0,,,2.2,,0.4,60.2,1426,814,128.6541,36.9789
2002-04-29,17.7,11.2,2002-04-28 20:36:00+00:00,22.2,2002-04-29 08:32:00+00:00,0.0,,,9.0,,1.3,197.6,1431,816,129.4932,35.8959
2002-04-29,12.5,4.9,2002-04-28 15:12:00+00:00,17.1,2002-04-29 14:38:00+00:00,9.5,,,8.8,,1.5,254.9,1425,817,129.21,36.7655
2002-04-29,11.4,10.0,2002-04-28 23:38:00+00:00,12.7,2002-04-29 14:21:00+00:00,13.0,,,4.4,,0.8,359.1,1421,818,128.1114,36.7309
2002-04-29,11.3,6.4,2002-04-28 15:56:00+00:00,13.8,2002-04-29 14:49:00+00:00,7.5,,,3.5,,0.4,56.7,1428,819,128.8884,36.6605
2002-04-29,12.0,10.7,2002-04-28 21:13:00+00:00,13.0,2002-04-29 13:36:00+00:00,0.0,,,5.0,,1.5,137.2,1422,821,128.1,36.28
2002-04-29,15.2,12.6,2002-04-28 20:39:00+00:00,18.2,2002-04-29 06:23:00+00:00,0.0,,,4.2,,0.9,62.0,1418,822,128.13,36.13
2002-04-29,15.0,9.8,2002-04-28 15:24:00+00:00,19.4,2002-04-29 12:28:00+00:00,1.0,,,10.2,,2.1,242.8,1420,823,128.57,36.23
2002-04-29,16.3,13.2,2002-04-28 19:51:00+00:00,19.7,2002-04-29 14:51:00+00:00,1.0,,,12.9,,3.8,190.2,1424,824,128.544,36.0831
2002-04-29,16.2,13.5,2002-04-28 20:47:00+00:00,19.3,2002-04-29 13:58:00+00:00,0.0,,,11.5,,4.8,140.4,1419,825,128.4,35.89
2002-04-29,15.7,11.9,2002-04-28 20:20:00+00:00,19.8,2002-04-29 12:18:00+00:00,0.0,,,9.1,,2.5,99.7,1434,826,128.7932,36.0414
2002-04-29,16.3,12.4,2002-04-28 19:56:00+00:00,19.7,2002-04-29 12:16:00+00:00,0.0,,,9.3,,2.3,260.0,1408,827,128.7333,35.8167
2002-04-29,15.9,12.6,2002-04-28 22:41:00+00:00,18.6,2002-04-29 14:08:00+00:00,0.0,,,7.1,,1.9,173.3,1410,828,128.45,35.7
2002-04-29,11.6,3.9,2002-04-28 15:17:00+00:00,15.8,2002-04-29 14:52:00+00:00,16.5,,,12.4,,1.9,204.0,1426,831,129.0697,37.0435
2002-04-29,13.5,10.9,2002-04-28 15:34:00+00:00,15.1,2002-04-29 05:31:00+00:00,2.0,,,3.9,,0.7,337.4,1430,832,128.43,36.38
2002-04-29,10.8,9.3,2002-04-28 22:59:00+00:00,12.0,2002-04-29 14:15:00+00:00,13.5,,,3.8,,0.8,154.5,1423,833,128.0034,36.599
2002-04-29,10.6,8.6,2002-04-28 21:41:00+00:00,12.8,2002-04-29 14:49:00+00:00,9.0,,,6.9,,2.6,44.6,1426,834,127.9519,36.4458
2002-04-29,11.1,7.8,2002-04-28 18:10:00+00:00,13.5,2002-04-29 13:38:00+00:00,17.5,,,3.1,,0.4,44.1,1434,835,128.73,36.88
2002-04-29,14.2,7.4,2002-04-28 15:37:00+00:00,17.6,2002-04-29 13:47:00+00:00,0.5,,,11.1,,1.7,166.5,1409,836,128.8999,36.2717
2002-04-29,10.7,7.7,2002-04-28 16:58:00+00:00,12.4,2002-04-29 14:53:00+00:00,12.5,,,3.5,,0.5,7.7,1432,837,128.63,36.7692
2002-04-29,11.6,8.9,2002-04-28 17:16:00+00:00,13.6,2002-04-29 13:55:00+00:00,17.5,,,3.2,,0.6,285.3,1418,838,128.3184,36.7659
2002-04-29,14.0,8.4,2002-04-28 15:34:00+00:00,20.5,2002-04-29 14:43:00+00:00,1.0,,,10.5,,1.0,196.5,1410,839,128.9027,36.4558
2002-04-29,14.4,8.9,2002-04-28 15:02:00+00:00,17.3,2002-04-29 14:13:00+00:00,3.0,,,11.0,,0.8,182.8,1386,841,128.9224,36.1076
2002-04-29,15.6,10.0,2002-04-28 19:46:00+00:00,19.6,2002-04-29 05:11:00+00:00,0.0,,,12.4,,2.3,242.1,1416,842,129.0473,35.7576
2002-04-29,14.5,7.1,2002-04-28 17:18:00+00:00,18.9,2002-04-29 03:45:00+00:00,1.0,,,13.2,,2.6,291.3,1423,843,129.2472,36.9356
2002-04-29,14.8,7.3,2002-04-28 15:53:00+00:00,21.2,2002-04-29 12:57:00+00:00,0.5,,,8.5,,1.2,206.3,1405,844,129.37,36.42
2002-04-29,15.9,12.9,2002-04-28 18:43:00+00:00,20.2,2002-04-29 11:41:00+00:00,0.5,,,8.3,,1.2,178.6,1415,845,128.6,35.85
2002-04-29,16.6,13.1,2002-04-28 18:58:00+00:00,20.6,2002-04-29 14:44:00+00:00,0.5,,,10.7,,2.3,227.8,1408,846,128.5442,35.8679
2002-04-29,12.4,10.9,2002-04-28 22:25:00+00:00,14.1,2002-04-29 14:54:00+00:00,4.5,,,5.1,,1.4,46.3,1420,849,128.299,36.5106
2002-04-29,16.0,11.8,2002-04-28 19:20:00+00:00,20.1,2002-04-29 08:13:00+00:00,0.0,,,11.8,,3.1,238.1,1408,850,129.5012,35.8071
2002-04-29,13.9,7.6,2002-04-28 17:26:00+00:00,21.1,2002-04-29 07:37:00+00:00,0.0,,,15.4,,1.6,185.9,1413,851,129.26,37.07
2002-04-29,12.3,8.6,2002-04-28 20:12:00+00:00,15.7,2002-04-29 14:14:00+00:00,1.5,,,11.6,,1.6,83.3,1438,853,128.6167,36.0
2002-04-29,16.1,10.8,2002-04-28 19:04:00+00:00,20.2,2002-04-29 04:39:00+00:00,0.0,,,7.4,,0.9,233.9,1429,854,129.1596,35.5239
2002-04-29,16.9,15.5,2002-04-28 16:27:00+00:00,17.8,2002-04-29 03:20:00+00:00,2.5,,,15.1,,6.9,87.1,1421,855,126.2735,33.1664
2002-04-29,16.6,14.2,2002-04-28 22:59:00+00:00,20.2,2002-04-28 19:03:00+00:00,0.0,,,9.2,,0.3,294.7,1439,860,126.8993,37.5667
2002-04-29,15.2,12.6,2002-04-28 22:20:00+00:00,18.0,2002-04-28 18:18:00+00:00,0.0,,,4.0,,0.9,181.6,1432,861,126.6927,37.4322
2002-04-29,15.9,12.9,2002-04-28 22:30:00+00:00,18.8,2002-04-28 15:19:00+00:00,0.0,,,3.0,,0.5,183.2,1436,862,127.039,37.2837
2002-04-29,17.2,14.8,2002-04-29 01:13:00+00:00,19.3,2002-04-29 09:09:00+00:00,0.0,,,2.4,,0.2,1.7,1439,863,127.3276,36.3572
2002-04-29,19.7,17.7,2002-04-28 21:28:00+00:00,21.0,2002-04-29 11:36:00+00:00,0.0,,,6.1,,0.9,285.5,1439,864,127.0666,35.8651
2002-04-29,18.5,15.5,2002-04-28 20:08:00+00:00,20.7,2002-04-29 11:34:00+00:00,0.0,,,,,1.3,,1430,865,126.8769,35.1306
2002-04-29,15.3,10.7,2002-04-28 19:59:00+00:00,18.6,2002-04-29 14:19:00+00:00,0.0,,,6.5,,0.9,151.2,1437,866,128.6923,35.8267
2002-04-29,17.1,12.7,2002-04-28 20:30:00+00:00,21.0,2002-04-29 05:36:00+00:00,0.0,,,5.1,,0.6,265.1,1436,867,129.2619,35.5323
2002-04-29,16.7,13.8,2002-04-28 18:52:00+00:00,19.7,2002-04-29 06:20:00+00:00,0.0,,,5.5,,0.7,121.0,1433,868,129.0609,35.1871
2002-04-29,18.2,16.3,2002-04-28 16:21:00+00:00,19.6,2002-04-29 05:42:00+00:00,15.0,,,4.8,,0.8,222.9,1437,869,126.5113,33.243
2002-04-29,16.1,11.6,2002-04-28 18:50:00+00:00,20.8,2002-04-29 04:31:00+00:00,0.0,,,12.7,,2.0,223.1,1421,900,129.0998,35.5824
2002-04-29,16.1,12.9,2002-04-28 20:44:00+00:00,19.4,2002-04-29 07:59:00+00:00,0.0,,,14.8,,2.6,260.8,1423,901,129.4424,35.4927
2002-04-29,13.8,9.2,2002-04-28 20:14:00+00:00,16.6,2002-04-29 11:34:00+00:00,17.5,,,7.7,,1.1,157.7,1424,902,127.7594,35.3188
2002-04-29,15.3,11.3,2002-04-28 19:39:00+00:00,17.5,2002-04-29 11:21:00+00:00,3.5,,,8.8,,2.5,65.4,1390,745,126.7608,34.6383
2002-04-29,15.4,12.3,2002-04-28 19:56:00+00:00,19.3,2002-04-29 04:52:00+00:00,4.5,,,13.5,,3.0,203.6,1419,905,129.0362,35.3243
2002-04-29,14.4,11.9,2002-04-28 20:26:00+00:00,16.1,2002-04-29 14:57:00+00:00,10.5,,,3.2,,0.6,144.9,1433,906,127.6254,35.1883
2002-04-29,15.8,13.2,2002-04-29 00:40:00+00:00,18.7,2002-04-29 14:28:00+00:00,7.5,,,8.8,,1.4,171.1,1297,907,128.07,34.93
2002-04-29,15.7,12.6,2002-04-28 19:08:00+00:00,19.0,2002-04-29 04:33:00+00:00,7.0,,,5.3,,1.0,294.5,1433,908,128.75,35.12
2002-04-29,15.5,12.6,2002-04-28 19:55:00+00:00,18.6,2002-04-29 04:14:00+00:00,1.0,,,17.7,,7.5,241.5,1429,909,128.73,34.78
2002-04-29,15.0,12.7,2002-04-28 17:17:00+00:00,17.7,2002-04-29 04:16:00+00:00,0.5,,,11.1,,4.0,44.9,1421,910,129.08,35.07
2002-04-29,15.4,11.8,2002-04-28 21:19:00+00:00,18.2,2002-04-29 06:39:00+00:00,0.0,,,5.0,,1.6,0.0,1435,912,127.7167,35.5333
2002-04-29,17.2,13.9,2002-04-28 19:36:00+00:00,18.6,2002-04-29 10:49:00+00:00,5.5,,,10.2,,1.5,181.5,1425,913,127.9854,34.7238
2002-04-29,14.7,11.2,2002-04-28 22:37:00+00:00,17.4,2002-04-29 14:41:00+00:00,1.5,,,9.1,,3.1,114.2,1431,914,127.696,35.6447
2002-04-29,14.7,11.9,2002-04-28 21:44:00+00:00,18.5,2002-04-29 14:27:00+00:00,6.0,,,7.2,,1.4,211.1,1431,915,128.12,35.42
2002-04-29,14.7,12.0,2002-04-28 21:01:00+00:00,18.2,2002-04-29 13:12:00+00:00,10.0,,,8.5,,1.2,146.0,1433,916,127.9667,35.3167
2002-04-29,16.2,12.2,2002-04-28 20:37:00+00:00,19.8,2002-04-29 11:19:00+00:00,6.0,,,13.3,,2.9,196.5,1425,917,128.08,35.07
2002-04-29,16.7,13.7,2002-04-28 19:38:00+00:00,18.8,2002-04-29 05:11:00+00:00,0.0,,,8.8,,2.0,161.8,1401,918,128.3333,34.97
2002-04-29,15.9,13.2,2002-04-28 22:49:00+00:00,18.5,2002-04-29 11:59:00+00:00,2.5,,,7.8,,1.9,191.4,1419,919,128.47,35.55
2002-04-29,15.5,11.5,2002-04-28 20:51:00+00:00,19.3,2002-04-29 14:08:00+00:00,0.5,,,7.9,,1.3,221.3,1417,920,128.4,35.3
2002-04-29,15.2,12.4,2002-04-28 19:13:00+00:00,17.7,2002-04-29 10:20:00+00:00,0.0,,,16.1,,5.3,210.7,1413,921,128.8291,34.9897
2002-04-29,16.0,12.2,2002-04-28 17:09:00+00:00,18.9,2002-04-29 05:07:00+00:00,0.5,,,9.8,,2.1,164.9,1416,922,128.9189,35.3647
2002-04-29,16.3,12.4,2002-04-28 17:40:00+00:00,20.3,2002-04-29 06:31:00+00:00,0.5,,,11.8,,2.7,223.1,1420,923,129.2323,35.264
2002-04-29,15.6,12.9,2002-04-28 19:55:00+00:00,19.3,2002-04-29 08:17:00+00:00,0.0,,,14.8,,3.7,209.9,1421,924,129.3603,35.3587
2002-04-29,16.8,12.8,2002-04-28 18:37:00+00:00,19.7,2002-04-29 06:27:00+00:00,0.0,,,11.3,,2.3,163.0,1424,925,128.8534,35.3277
2002-04-29,15.4,11.9,2002-04-28 19:17:00+00:00,18.0,2002-04-29 04:18:00+00:00,18.5,,,8.0,,0.9,260.7,1418,926,128.4719,35.1137
2002-04-29,17.1,12.9,2002-04-28 18:48:00+00:00,21.1,2002-04-29 04:34:00+00:00,2.0,,,14.0,,3.1,167.3,1423,927,128.8809,35.5842
2002-04-29,16.1,11.9,2002-04-28 19:01:00+00:00,20.4,2002-04-29 06:39:00+00:00,1.0,,,10.9,,2.4,226.2,1424,928,129.1792,35.4122
2002-04-29,16.2,12.2,2002-04-28 20:41:00+00:00,19.3,2002-04-29 11:37:00+00:00,9.5,,,10.7,,2.2,152.8,1436,929,128.2586,35.0989
2002-04-29,16.5,13.9,2002-04-28 19:35:00+00:00,19.4,2002-04-29 13:50:00+00:00,4.0,,,6.0,,1.3,252.0,1427,930,128.2251,34.8436
2002-04-29,15.9,12.8,2002-04-28 19:58:00+00:00,18.5,2002-04-29 08:49:00+00:00,0.0,,,15.6,,2.4,95.5,1426,931,128.2634,34.6363
2002-04-29,15.4,13.1,2002-04-28 22:55:00+00:00,19.6,2002-04-29 14:59:00+00:00,24.5,,,5.1,,0.3,137.9,1416,932,127.75,35.05
2002-04-29,15.5,12.5,2002-04-28 20:09:00+00:00,18.7,2002-04-29 13:20:00+00:00,5.0,,,6.3,,1.8,56.6,1420,933,127.859,34.9506
2002-04-29,15.4,12.6,2002-04-28 22:23:00+00:00,19.2,2002-04-29 12:16:00+00:00,0.5,,,4.7,,1.1,295.1,1432,935,128.32,35.55
2002-04-29,15.6,12.1,2002-04-28 21:07:00+00:00,18.9,2002-04-29 14:14:00+00:00,9.5,,,5.7,,0.9,263.7,1428,936,128.2833,35.3167
2002-04-29,16.2,13.1,2002-04-28 17:56:00+00:00,19.0,2002-04-29 06:48:00+00:00,0.5,,,13.1,,3.1,237.4,1430,937,129.1669,35.1604
2002-04-29,15.1,6.8,2002-04-28 15:12:00+00:00,19.6,2002-04-29 14:56:00+00:00,0.0,,,9.5,,1.3,239.7,1429,803,129.07,36.42
2002-04-29,11.4,9.5,2002-04-28 20:14:00+00:00,13.2,2002-04-29 14:32:00+00:00,9.0,,,3.9,,0.7,42.0,1426,815,128.4644,36.66
2002-04-29,15.8,10.8,2002-04-28 19:12:00+00:00,19.6,2002-04-29 05:30:00+00:00,0.0,,,10.5,,2.7,211.7,1440,829,129.3271,35.7176
2002-04-29,16.2,12.6,2002-04-28 18:16:00+00:00,19.5,2002-04-29 12:08:00+00:00,0.5,,,6.7,,1.6,233.5,1425,840,128.8231,35.9098
2002-04-29,14.8,10.0,2002-04-28 15:01:00+00:00,19.0,2002-04-29 14:21:00+00:00,1.0,,,12.8,,2.3,175.6,1421,847,128.4665,36.2763
2002-04-29,15.9,11.7,2002-04-28 18:52:00+00:00,19.5,2002-04-29 04:34:00+00:00,1.0,,,15.0,,3.6,169.5,1428,848,128.8922,35.687
2002-04-29,16.2,13.2,2002-04-28 21:00:00+00:00,19.6,2002-04-29 13:33:00+00:00,1.0,,,5.5,,1.1,221.1,1425,903,128.4742,35.3855
2002-04-29,16.6,12.8,2002-04-28 19:57:00+00:00,20.1,2002-04-29 04:55:00+00:00,3.5,,,13.6,,2.4,158.9,1415,904,128.6667,35.35
2002-04-29,16.1,12.5,2002-04-28 18:55:00+00:00,20.0,2002-04-29 06:21:00+00:00,4.0,,,12.1,,2.7,291.3,1428,939,129.0831,35.2289
2002-04-29,16.6,13.0,2002-04-28 18:38:00+00:00,20.2,2002-04-29 07:02:00+00:00,1.5,,,12.6,,2.3,268.8,1429,940,129.085,35.2028
2002-04-29,15.4,12.3,2002-04-28 19:54:00+00:00,18.1,2002-04-29 04:18:00+00:00,4.0,,,8.8,,1.6,70.3,1415,941,129.0065,35.1926
2002-04-29,16.4,13.3,2002-04-28 17:43:00+00:00,19.8,2002-04-29 05:09:00+00:00,1.5,,,10.5,,2.5,254.4,1424,942,129.1051,35.1304
2002-04-29,18.3,13.8,2002-04-28 20:57:00+00:00,23.2,2002-04-29 06:37:00+00:00,0.0,,,12.8,,3.7,222.0,1433,943,129.3519,35.5076
2002-04-29,16.6,13.2,2002-04-28 19:50:00+00:00,20.3,2002-04-29 12:14:00+00:00,0.0,,,9.2,,1.7,222.5,1422,944,128.569,35.387
2002-04-29,14.1,11.2,2002-04-28 21:19:00+00:00,17.1,2002-04-29 14:48:00+00:00,0.5,,,9.0,,2.0,169.2,1430,945,127.99,35.5345
2002-04-29,14.3,11.5,2002-04-28 22:45:00+00:00,16.7,2002-04-29 14:43:00+00:00,2.0,,,3.9,,0.6,83.9,1431,946,127.8193,35.7773
2002-04-29,16.9,12.9,2002-04-28 19:52:00+00:00,18.8,2002-04-29 05:11:00+00:00,2.0,,,13.6,,3.5,82.4,1417,947,128.6036,34.7257
2002-04-29,17.9,12.6,2002-04-28 19:26:00+00:00,22.6,2002-04-29 05:20:00+00:00,0.0,,,19.0,,4.1,233.8,1438,949,129.45,35.5833
2002-04-29,15.1,12.0,2002-04-28 17:56:00+00:00,18.9,2002-04-29 06:26:00+00:00,1.0,,,9.3,,1.8,192.7,1423,950,129.1381,35.1612
2002-04-29,16.8,14.9,2002-04-28 21:41:00+00:00,18.6,2002-04-29 11:04:00+00:00,4.0,,,12.3,,3.0,104.3,1440,951,126.9,35.4667
2002-04-29,15.3,,,,,1.5,,,,,,,1105,306,127.8008,34.9525
2002-04-29,15.8,12.8,2002-04-28 17:45:00+00:00,18.9,2002-04-29 09:41:00+00:00,0.0,,,14.0,,3.0,211.8,1437,313,128.7514,34.8934
2002-04-29,14.0,12.1,2002-04-28 22:17:00+00:00,16.4,2002-04-28 19:43:00+00:00,90.5,,,5.6,,1.2,199.5,1426,506,126.779,37.7584
2002-04-29,13.8,11.1,2002-04-28 22:07:00+00:00,15.4,2002-04-29 14:27:00+00:00,67.5,,,4.8,,0.8,241.0,1416,507,127.1891,37.9917
2002-04-29,15.7,12.8,2002-04-28 22:20:00+00:00,18.4,2002-04-28 16:39:00+00:00,63.0,,,9.6,,1.7,212.8,1427,509,126.9507,37.4562
2002-04-29,15.7,13.2,2002-04-28 23:27:00+00:00,19.8,2002-04-28 15:01:00+00:00,64.0,,,8.3,,2.1,90.1,1427,510,126.908,37.5262
2002-04-29,15.3,13.3,2002-04-28 23:16:00+00:00,17.5,2002-04-28 19:25:00+00:00,81.5,,,9.5,,2.2,154.9,1410,511,126.6833,37.55
2002-04-29,15.2,13.2,2002-04-28 22:08:00+00:00,17.8,2002-04-28 18:09:00+00:00,70.5,,,7.2,,1.8,226.5,1413,512,126.6621,37.3968
2002-04-29,13.0,10.6,2002-04-28 21:14:00+00:00,15.4,2002-04-28 16:53:00+00:00,29.5,,,21.2,,8.0,244.7,1412,513,126.1468,37.2331
2002-04-29,14.3,12.0,2002-04-28 21:47:00+00:00,16.0,2002-04-28 18:50:00+00:00,36.5,,,9.2,,2.9,146.2,1423,514,126.5806,37.2455
2002-04-29,15.6,13.0,2002-04-28 23:52:00+00:00,17.8,2002-04-28 15:47:00+00:00,33.0,,,8.5,,2.0,209.4,1440,515,126.8128,37.0952
2002-04-29,16.9,14.1,2002-04-28 22:19:00+00:00,19.5,2002-04-28 15:01:00+00:00,42.0,,,6.0,,1.5,90.4,1428,516,127.2651,37.013
2002-04-29,9.6,6.9,2002-04-28 17:31:00+00:00,11.0,2002-04-29 03:38:00+00:00,11.5,,,3.8,,0.8,18.8,1400,517,128.43,38.38
2002-04-29,10.7,5.3,2002-04-28 15:57:00+00:00,15.2,2002-04-29 13:32:00+00:00,35.0,,,3.3,,0.3,195.5,1434,518,128.1397,38.2847
2002-04-29,11.4,8.8,2002-04-28 23:07:00+00:00,12.9,2002-04-29 13:07:00+00:00,63.0,,,3.6,,0.5,127.1,1437,519,127.5235,38.0702
2002-04-29,9.4,6.1,2002-04-28 16:22:00+00:00,11.7,2002-04-29 05:07:00+00:00,27.5,,,3.3,,0.4,88.7,1423,520,128.4933,38.1721
2002-04-29,9.6,6.8,2002-04-28 17:14:00+00:00,11.0,2002-04-29 04:02:00+00:00,4.5,,,8.1,,2.0,329.6,1406,521,128.7226,38.0147
2002-04-29,12.0,9.3,2002-04-28 23:46:00+00:00,14.4,2002-04-29 09:36:00+00:00,44.5,,,3.2,,0.9,72.4,1420,522,128.0184,37.8675
2002-04-29,10.8,9.5,2002-04-28 17:56:00+00:00,12.0,2002-04-29 04:48:00+00:00,0.0,,,9.2,,2.1,329.3,1436,523,128.83,37.9
2002-04-29,9.9,6.0,2002-04-28 17:03:00+00:00,12.0,2002-04-29 04:48:00+00:00,0.5,,,6.9,,1.5,319.4,1417,524,128.9045,37.8047
2002-04-29,11.1,5.7,2002-04-28 15:55:00+00:00,13.9,2002-04-29 14:09:00+00:00,46.5,,,5.5,,0.6,191.0,1430,525,128.3797,37.6161
2002-04-29,13.2,11.1,2002-04-28 16:48:00+00:00,15.0,2002-04-29 14:31:00+00:00,32.0,,,2.6,,0.5,122.9,1436,526,128.3946,37.3779
2002-04-29,12.0,6.3,2002-04-28 16:37:00+00:00,16.7,2002-04-29 14:58:00+00:00,27.0,,,7.6,,1.0,149.4,1422,527,128.6645,37.4299
2002-04-29,10.8,8.6,2002-04-28 17:18:00+00:00,12.6,2002-04-29 14:22:00+00:00,70.0,,,11.4,,3.4,259.7,1424,528,124.7187,37.9743
2002-04-29,12.1,10.7,2002-04-29 13:20:00+00:00,13.9,2002-04-29 08:50:00+00:00,1.0,,,9.4,,4.0,164.0,1423,529,129.3434,37.2325
2002-04-29,14.6,9.3,2002-04-28 16:22:00+00:00,17.2,2002-04-29 01:32:00+00:00,19.5,,,26.3,,6.5,209.2,1426,530,130.7977,37.5184
2002-04-29,12.6,11.0,2002-04-28 22:29:00+00:00,13.3,2002-04-29 08:02:00+00:00,61.0,,,3.0,,0.3,30.4,1427,531,127.5502,37.8856
2002-04-29,14.0,11.1,2002-04-28 23:59:00+00:00,17.6,2002-04-28 16:26:00+00:00,101.5,,,8.0,,1.8,143.8,1421,532,127.0352,37.7355
2002-04-29,14.2,11.6,2002-04-28 23:28:00+00:00,17.8,2002-04-28 15:49:00+00:00,60.0,,,4.5,,0.9,134.9,1430,533,127.3333,37.55
2002-04-29,15.2,12.6,2002-04-28 22:48:00+00:00,17.5,2002-04-29 12:36:00+00:00,30.0,,,8.4,,1.8,184.9,1419,534,127.6171,37.1147
2002-04-29,12.6,8.7,2002-04-28 16:49:00+00:00,14.5,2002-04-29 05:45:00+00:00,30.0,,,4.4,,0.8,206.2,1419,535,128.1867,37.7116
2002-04-29,14.2,11.7,2002-04-29 00:11:00+00:00,15.4,2002-04-29 14:29:00+00:00,42.5,,,2.3,,0.3,314.5,1427,536,127.88,37.47
2002-04-29,10.6,3.2,2002-04-28 16:46:00+00:00,14.9,2002-04-29 12:36:00+00:00,13.5,,,5.7,,0.9,227.5,1421,537,128.852,37.4949
2002-04-29,12.8,10.3,2002-04-28 23:25:00+00:00,14.6,2002-04-29 14:20:00+00:00,68.0,,,5.5,,1.5,334.8,1429,538,127.103,38.1725
2002-04-29,13.1,10.9,2002-04-28 18:02:00+00:00,14.7,2002-04-29 06:07:00+00:00,64.5,,,5.7,,0.2,15.0,1410,539,127.3667,38.0333
2002-04-29,15.1,13.1,2002-04-28 22:56:00+00:00,18.1,2002-04-28 15:12:00+00:00,78.5,,,7.3,,1.9,177.5,1432,540,126.8774,37.6413
2002-04-29,14.8,12.1,2002-04-28 23:07:00+00:00,17.5,2002-04-28 18:03:00+00:00,69.5,,,6.9,,1.0,136.1,1417,541,127.18,37.65
2002-04-29,13.2,11.1,2002-04-28 23:09:00+00:00,14.8,2002-04-28 18:35:00+00:00,61.0,,,6.3,,1.0,25.5,1431,542,127.3802,37.6841
2002-04-29,15.2,12.9,2002-04-28 23:57:00+00:00,16.7,2002-04-29 09:45:00+00:00,45.0,,,2.9,,0.6,358.2,1425,547,127.7583,37.4171
2002-04-29,13.9,11.5,2002-04-28 23:54:00+00:00,15.2,2002-04-29 09:23:00+00:00,53.5,,,3.4,,0.4,0.7,1424,573,127.7106,37.5563
2002-04-29,13.5,12.2,2002-04-28 22:20:00+00:00,15.9,2002-04-28 19:34:00+00:00,62.0,,,9.0,,2.6,106.0,1415,578,126.42,37.45
2002-04-29,11.5,5.9,2002-04-28 16:36:00+00:00,15.1,2002-04-29 12:31:00+00:00,23.0,,,6.9,,0.4,198.3,1424,584,128.7245,37.4711
