dt,ta,tn,tn_at,tx,tx_at,rn,rx_1hr,rx_1hr_at,wx,wx_at,wa,wd_wx,nmin,code,x,y
2002-10-06,15.5,12.3,2002-10-06 11:16:00+00:00,20.5,2002-10-06 07:08:00+00:00,6.0,,,6.4,,1.3,181.0,1429,608,126.6816,36.7487
2002-10-06,14.9,12.2,2002-10-06 13:16:00+00:00,17.3,2002-10-06 06:20:00+00:00,16.0,,,5.3,,0.9,0.0,1418,611,127.27,36.57
2002-10-06,13.0,,,,,,,,,,,,144,681,127.8139,38.2414
2002-10-06,13.4,11.8,2002-10-06 11:37:00+00:00,15.1,2002-10-05 23:50:00+00:00,6.5,,,6.3,,0.5,75.0,1379,621,128.1678,37.0003
2002-10-06,15.0,11.8,2002-10-05 15:00:00+00:00,19.1,2002-10-06 07:32:00+00:00,29.0,,,6.3,,0.6,327.5,1432,632,126.952,36.5495
2002-10-06,13.4,7.9,2002-10-06 14:37:00+00:00,18.2,2002-10-06 07:07:00+00:00,21.5,,,5.6,,0.8,278.0,1439,680,127.8458,38.21
2002-10-06,8.4,,,,,,,,,,,,126,682,127.8647,38.2806
2002-10-06,17.9,15.1,2002-10-06 10:18:00+00:00,21.6,2002-10-05 15:01:00+00:00,30.0,,,13.4,,3.0,37.4,1388,698,126.2851,35.0938
2002-10-06,17.9,14.5,2002-10-06 10:45:00+00:00,23.2,2002-10-05 16:15:00+00:00,9.5,,,13.6,,2.2,333.1,1431,699,126.4833,35.01
2002-10-06,17.6,14.6,2002-10-05 21:18:00+00:00,21.0,2002-10-06 06:08:00+00:00,5.5,,,13.5,,4.7,299.6,1430,700,125.9682,36.1251
2002-10-06,14.1,10.2,2002-10-06 14:22:00+00:00,16.2,2002-10-06 02:15:00+00:00,14.5,,,8.2,,1.1,303.5,1428,701,127.67,36.0
2002-10-06,15.6,13.0,2002-10-06 14:02:00+00:00,18.3,2002-10-05 15:28:00+00:00,15.5,,,8.6,,1.0,303.4,1426,702,126.9943,35.9385
2002-10-06,13.5,9.4,2002-10-06 14:51:00+00:00,17.2,2002-10-05 18:02:00+00:00,14.0,,,6.5,,1.0,308.4,1430,703,127.3783,35.7702
2002-10-06,18.1,14.8,2002-10-06 00:50:00+00:00,22.2,2002-10-05 15:05:00+00:00,15.0,,,12.2,,2.9,170.8,1401,704,126.463,35.6351
2002-10-06,15.9,11.1,2002-10-06 14:43:00+00:00,18.9,2002-10-06 06:20:00+00:00,0.5,,,7.1,,1.3,30.3,1424,706,126.9731,35.3114
2002-10-06,18.6,15.3,2002-10-06 00:28:00+00:00,23.1,2002-10-05 15:09:00+00:00,42.5,,,9.6,,2.0,339.5,1431,707,126.2076,35.0612
2002-10-06,16.5,12.9,2002-10-06 13:23:00+00:00,20.6,2002-10-05 17:11:00+00:00,16.5,,,11.5,,1.6,332.5,1421,708,126.7333,35.1167
2002-10-06,15.5,10.7,2002-10-06 14:58:00+00:00,18.4,2002-10-05 17:31:00+00:00,20.5,,,7.3,,0.9,354.5,1432,709,127.4333,35.1833
2002-10-06,17.4,14.1,2002-10-06 14:06:00+00:00,21.4,2002-10-05 16:20:00+00:00,7.0,,,8.5,,0.9,13.5,1433,710,126.7167,35.0167
2002-10-06,16.7,12.0,2002-10-06 14:46:00+00:00,21.1,2002-10-05 18:12:00+00:00,8.0,,,8.3,,1.7,329.4,1427,711,126.9886,34.8879
2002-10-06,17.2,13.8,2002-10-06 14:46:00+00:00,20.6,2002-10-05 20:25:00+00:00,28.5,,,13.6,,1.6,217.1,1430,712,127.4875,34.9506
2002-10-06,17.5,13.2,2002-10-06 14:47:00+00:00,20.7,2002-10-05 20:51:00+00:00,52.0,,,16.4,,1.0,289.3,1431,713,127.5829,34.976
2002-10-06,18.3,16.0,2002-10-06 00:23:00+00:00,22.2,2002-10-05 15:46:00+00:00,26.0,,,13.5,,3.7,341.6,1390,714,126.0474,34.8845
2002-10-06,17.7,13.5,2002-10-06 11:17:00+00:00,23.3,2002-10-05 17:39:00+00:00,30.5,,,15.4,,2.5,358.2,1422,715,126.2687,34.4795
2002-10-06,18.9,16.4,2002-10-06 00:31:00+00:00,23.2,2002-10-05 16:11:00+00:00,10.5,,,14.7,,3.9,332.3,1431,716,126.0366,34.6069
2002-10-06,17.6,13.5,2002-10-06 12:11:00+00:00,22.6,2002-10-05 16:10:00+00:00,16.5,,,11.8,,2.0,38.9,1432,717,126.1902,34.4064
2002-10-06,18.7,16.7,2002-10-06 09:09:00+00:00,23.4,2002-10-05 15:48:00+00:00,28.5,,,12.3,,0.7,30.5,1419,718,126.0473,34.2966
2002-10-06,17.9,15.2,2002-10-05 22:58:00+00:00,22.7,2002-10-05 15:44:00+00:00,16.0,,,16.7,,3.4,312.8,1424,719,126.4,35.82
2002-10-06,17.7,15.3,2002-10-06 09:52:00+00:00,22.1,2002-10-05 15:38:00+00:00,34.5,,,12.2,,2.5,20.4,1428,769,126.3729,35.2159
2002-10-06,16.1,11.6,2002-10-06 12:59:00+00:00,22.2,2002-10-05 16:15:00+00:00,7.5,,,8.2,,1.0,186.1,1407,770,126.83,34.93
2002-10-06,18.8,16.2,2002-10-05 23:33:00+00:00,23.4,2002-10-05 16:10:00+00:00,16.5,,,16.4,,3.8,325.4,1421,771,126.12,34.75
2002-10-06,17.7,13.8,2002-10-06 11:32:00+00:00,23.4,2002-10-05 15:25:00+00:00,10.5,,,9.1,,1.4,182.7,1418,773,126.5718,34.6993
2002-10-06,17.3,13.6,2002-10-06 11:07:00+00:00,23.0,2002-10-05 17:14:00+00:00,9.0,,,11.3,,0.8,281.5,1420,774,126.5021,34.9308
2002-10-06,16.6,12.1,2002-10-06 13:46:00+00:00,20.0,2002-10-05 15:01:00+00:00,8.0,,,11.0,,1.6,303.1,1420,775,126.6322,35.1801
2002-10-06,,,,,,6.0,,,,,,,533,776,126.5534,34.4602
2002-10-06,16.4,12.9,2002-10-06 11:36:00+00:00,20.1,2002-10-05 19:20:00+00:00,28.5,,,12.4,,1.7,224.5,1415,777,126.8883,34.4994
2002-10-06,15.0,10.5,2002-10-06 14:50:00+00:00,19.5,2002-10-05 18:27:00+00:00,9.0,,,9.9,,0.7,217.3,1417,778,126.88,34.78
2002-10-06,19.3,16.9,2002-10-06 10:21:00+00:00,24.6,2002-10-05 17:35:00+00:00,14.0,,,12.7,,3.5,194.7,1418,779,126.2673,33.4105
2002-10-06,19.4,16.7,2002-10-06 14:59:00+00:00,23.3,2002-10-05 15:54:00+00:00,25.5,,,12.1,,2.3,317.4,1423,780,126.7208,33.28
2002-10-06,19.0,16.3,2002-10-06 12:02:00+00:00,23.2,2002-10-05 15:13:00+00:00,11.0,,,13.4,,3.8,283.3,1439,781,126.8519,33.5226
2002-10-06,13.6,11.8,2002-10-06 06:45:00+00:00,18.6,2002-10-05 15:02:00+00:00,27.0,,,13.0,,3.4,344.0,1424,782,126.6194,33.3845
2002-10-06,16.9,13.0,2002-10-06 14:59:00+00:00,20.9,2002-10-05 15:47:00+00:00,14.0,,,8.6,,1.1,238.1,1435,783,126.81,35.19
2002-10-06,17.5,14.7,2002-10-06 12:40:00+00:00,22.4,2002-10-05 16:13:00+00:00,12.5,,,11.0,,2.0,347.7,1417,784,126.6071,34.8686
2002-10-06,16.6,13.2,2002-10-06 11:48:00+00:00,20.8,2002-10-05 16:40:00+00:00,9.0,,,17.7,,2.5,291.6,1421,785,126.6761,34.4642
2002-10-06,18.9,15.9,2002-10-06 11:46:00+00:00,22.8,2002-10-05 19:53:00+00:00,7.0,,,14.1,,2.6,150.5,1259,786,127.72,34.62
2002-10-06,17.6,15.8,2002-10-06 08:20:00+00:00,21.4,2002-10-05 20:03:00+00:00,7.5,,,18.0,,3.9,0.0,1402,787,127.3306,34.445
2002-10-06,16.8,13.9,2002-10-06 14:53:00+00:00,22.2,2002-10-05 15:20:00+00:00,7.5,,,8.1,,1.2,309.9,1406,788,126.879,35.1313
2002-10-06,18.5,16.1,2002-10-06 01:14:00+00:00,22.5,2002-10-05 16:32:00+00:00,8.5,,,11.8,,4.1,36.7,1424,789,126.3167,34.8833
2002-10-06,18.4,15.7,2002-10-05 21:58:00+00:00,22.7,2002-10-05 18:44:00+00:00,6.0,,,5.6,,1.5,200.3,1411,790,127.49,34.4143
2002-10-06,14.2,10.1,2002-10-06 09:42:00+00:00,16.8,2002-10-05 16:06:00+00:00,41.5,,,7.2,,0.8,33.9,1388,791,127.5833,35.2667
2002-10-06,17.5,15.6,2002-10-06 11:42:00+00:00,20.9,2002-10-05 15:56:00+00:00,11.0,,,9.4,,2.1,333.9,1440,792,126.7667,33.35
2002-10-06,18.6,16.5,2002-10-06 12:37:00+00:00,23.2,2002-10-05 15:01:00+00:00,27.5,,,17.2,,3.8,324.5,1431,793,126.25,33.2167
2002-10-06,15.2,10.9,2002-10-06 14:37:00+00:00,18.5,2002-10-05 20:16:00+00:00,56.0,,,8.3,,1.0,75.8,1440,794,127.4333,35.1
2002-10-06,15.2,10.6,2002-10-06 14:55:00+00:00,18.6,2002-10-05 21:23:00+00:00,21.5,,,6.9,,0.6,323.5,1440,795,127.3667,34.9833
2002-10-06,19.6,18.2,2002-10-06 11:41:00+00:00,23.2,2002-10-05 15:01:00+00:00,5.5,,,12.2,,3.2,311.4,1287,796,127.25,34.2333
2002-10-06,18.7,16.2,2002-10-05 23:36:00+00:00,23.3,2002-10-05 17:10:00+00:00,9.0,,,19.1,,6.7,339.4,1439,797,125.3,34.3833
2002-10-06,18.8,16.2,2002-10-05 22:34:00+00:00,23.4,2002-10-05 15:17:00+00:00,5.0,,,26.2,,9.8,331.6,1440,798,125.1833,34.6667
2002-10-06,18.5,15.8,2002-10-05 23:53:00+00:00,22.7,2002-10-05 15:42:00+00:00,12.5,,,11.4,,2.8,297.4,1440,799,126.1333,35.2
2002-10-06,17.5,15.3,2002-10-06 14:44:00+00:00,21.4,2002-10-05 15:01:00+00:00,8.0,,,9.9,,2.8,212.6,1430,800,129.4622,36.6809
2002-10-06,12.8,10.7,2002-10-06 13:52:00+00:00,15.2,2002-10-06 05:00:00+00:00,13.5,,,3.9,,0.5,124.8,1426,801,129.07,36.7
2002-10-06,12.2,8.9,2002-10-06 14:53:00+00:00,14.7,2002-10-06 07:15:00+00:00,6.0,,,7.0,,0.4,264.1,1428,814,128.6541,36.9789
2002-10-06,14.9,11.6,2002-10-06 14:54:00+00:00,16.7,2002-10-06 02:40:00+00:00,22.0,,,9.8,,1.6,279.5,1424,826,128.7932,36.0414
2002-10-06,14.2,11.7,2002-10-06 14:58:00+00:00,16.7,2002-10-06 05:14:00+00:00,13.0,,,7.8,,0.7,302.3,1412,839,128.9027,36.4558
2002-10-06,14.9,11.6,2002-10-06 14:58:00+00:00,17.4,2002-10-05 16:20:00+00:00,2.0,,,9.8,,1.7,308.4,1432,843,129.2472,36.9356
2002-10-06,14.5,11.4,2002-10-06 14:52:00+00:00,16.7,2002-10-06 05:13:00+00:00,30.0,,,3.3,,0.2,295.3,1420,848,128.8922,35.687
2002-10-06,15.0,11.4,2002-10-06 14:30:00+00:00,19.0,2002-10-05 15:01:00+00:00,1.0,,,4.6,,1.0,189.3,1416,851,129.26,37.07
2002-10-06,15.4,12.4,2002-10-06 14:44:00+00:00,18.0,2002-10-05 22:47:00+00:00,29.0,,,12.4,,1.2,188.7,1425,900,129.0998,35.5824
2002-10-06,19.0,15.9,2002-10-06 11:53:00+00:00,22.4,2002-10-05 15:38:00+00:00,23.5,,,10.3,,1.5,172.5,1411,907,128.07,34.93
2002-10-06,17.6,15.3,2002-10-06 13:25:00+00:00,21.3,2002-10-05 15:01:00+00:00,25.5,,,11.5,,1.3,211.2,1426,940,129.085,35.2028
2002-10-06,15.7,12.7,2002-10-06 14:59:00+00:00,17.7,2002-10-06 05:01:00+00:00,25.0,,,11.0,,1.1,233.1,1431,944,128.569,35.387
2002-10-06,17.6,15.0,2002-10-06 14:57:00+00:00,22.0,2002-10-05 15:01:00+00:00,23.0,,,19.3,,1.4,174.2,1415,950,129.1381,35.1612
2002-10-06,11.4,8.6,2002-10-06 14:58:00+00:00,14.3,2002-10-06 06:27:00+00:00,9.5,,,11.5,,2.4,158.0,1418,116,126.967,37.4433
2002-10-06,14.4,11.8,2002-10-06 01:22:00+00:00,17.7,2002-10-05 16:02:00+00:00,22.5,,,11.4,,2.7,282.5,1435,144,126.7834,36.0123
2002-10-06,15.5,12.0,2002-10-06 09:55:00+00:00,20.1,2002-10-05 21:39:00+00:00,26.0,,,19.0,,4.2,185.4,1412,160,129.0,35.1188
2002-10-06,17.8,15.6,2002-10-06 00:01:00+00:00,22.1,2002-10-05 15:02:00+00:00,24.0,,,13.2,,3.3,327.0,1269,301,126.0167,35.3333
2002-10-06,18.4,16.1,2002-10-06 00:27:00+00:00,22.6,2002-10-05 15:49:00+00:00,11.0,,,15.2,,3.6,328.0,1368,302,126.1491,34.6432
2002-10-06,,,,,,0.5,,,,,,,776,304,126.655,34.1678
2002-10-06,18.7,17.1,2002-10-06 08:46:00+00:00,24.2,2002-10-05 18:19:00+00:00,5.0,,,15.9,,2.3,201.0,1173,305,126.9167,33.9
2002-10-06,18.6,,,,,3.5,,,,,,,1097,307,127.4496,34.2437
2002-10-06,10.9,6.8,2002-10-06 14:29:00+00:00,13.9,2002-10-06 04:43:00+00:00,28.0,,,7.4,,0.6,45.5,1440,311,128.0867,35.7892
2002-10-06,14.7,11.5,2002-10-06 14:15:00+00:00,17.3,2002-10-06 06:12:00+00:00,19.0,,,9.5,,0.6,217.6,1439,312,129.1418,36.3908
2002-10-06,,,,,,9.5,,,,,,,979,313,128.7514,34.8934
2002-10-06,6.2,2.4,2002-10-06 08:25:00+00:00,11.8,2002-10-05 17:00:00+00:00,11.0,,,18.8,,4.9,234.3,1439,314,127.75,35.8667
2002-10-06,10.1,,,,,13.0,,,,,,,991,315,127.5108,35.3067
2002-10-06,11.3,8.1,2002-10-06 14:52:00+00:00,16.5,2002-10-05 15:52:00+00:00,10.5,,,15.3,,6.7,289.6,1195,316,126.9974,35.1144
2002-10-06,13.7,9.5,2002-10-06 14:54:00+00:00,19.7,2002-10-05 15:21:00+00:00,20.5,,,6.6,,0.6,210.8,1440,317,127.0454,35.7189
2002-10-06,10.6,8.2,2002-10-06 14:40:00+00:00,13.9,2002-10-05 15:25:00+00:00,5.5,,,8.8,,2.2,260.8,1439,318,128.6794,37.6437
2002-10-06,19.5,15.7,2002-10-06 11:20:00+00:00,23.3,2002-10-06 00:06:00+00:00,20.5,,,13.9,,2.2,292.1,1437,319,130.8746,37.5408
2002-10-06,6.4,3.5,2002-10-05 15:00:00+00:00,8.9,2002-10-05 17:59:00+00:00,30.5,,,19.5,,6.4,328.7,1435,320,128.3208,38.325
2002-10-06,13.7,9.7,2002-10-05 15:00:00+00:00,15.7,2002-10-06 06:10:00+00:00,15.0,,,8.3,,2.5,265.1,1440,321,128.1963,38.1147
2002-10-06,12.7,5.7,2002-10-06 14:58:00+00:00,18.2,2002-10-06 07:23:00+00:00,14.0,,,5.3,,0.6,311.8,1383,322,127.6698,38.2155
2002-10-06,12.9,6.4,2002-10-06 14:47:00+00:00,18.4,2002-10-06 06:36:00+00:00,16.0,,,8.8,,1.3,316.5,1424,323,127.5542,38.2728
2002-10-06,,,,,,5.0,,,,,,,841,324,128.0667,36.8667
2002-10-06,13.2,9.6,2002-10-06 14:54:00+00:00,15.1,2002-10-06 06:04:00+00:00,14.0,,,4.1,,0.9,132.3,1438,326,127.583,37.5453
2002-10-06,14.0,11.5,2002-10-06 13:04:00+00:00,16.2,2002-10-06 06:34:00+00:00,16.5,,,4.7,,0.5,304.6,1425,327,127.512,36.6503
2002-10-06,19.0,15.6,2002-10-06 12:07:00+00:00,23.2,2002-10-05 15:26:00+00:00,11.5,,,11.1,,2.2,333.3,1440,328,126.4061,33.2495
2002-10-06,14.9,11.9,2002-10-06 08:30:00+00:00,19.3,2002-10-05 17:19:00+00:00,61.0,,,10.4,,2.6,274.3,1440,329,126.5439,33.4238
2002-10-06,17.2,15.1,2002-10-06 14:59:00+00:00,21.3,2002-10-05 17:05:00+00:00,11.0,,,16.7,,4.5,10.7,1440,330,126.4616,33.2886
2002-10-06,17.6,15.6,2002-10-06 12:35:00+00:00,20.5,2002-10-06 06:29:00+00:00,10.5,,,9.8,,1.8,271.3,1427,400,127.0485,37.5094
2002-10-06,17.7,15.5,2002-10-06 12:20:00+00:00,21.2,2002-10-06 06:11:00+00:00,9.0,,,7.7,,1.3,295.9,1427,401,127.02,37.48
2002-10-06,18.7,14.7,2002-10-06 14:23:00+00:00,22.5,2002-10-06 06:48:00+00:00,12.5,,,9.6,,1.9,272.2,1395,402,127.1484,37.5519
2002-10-06,17.3,15.3,2002-10-06 13:30:00+00:00,20.6,2002-10-06 06:38:00+00:00,5.0,,,10.1,,2.1,282.4,1428,403,127.1004,37.5082
2002-10-06,17.4,15.4,2002-10-06 13:48:00+00:00,21.3,2002-10-06 05:14:00+00:00,5.0,,,8.6,,1.7,283.0,1424,405,126.8793,37.524
2002-10-06,16.1,12.9,2002-10-06 12:06:00+00:00,20.5,2002-10-06 06:25:00+00:00,6.5,,,6.9,,1.0,259.6,1419,406,127.0352,37.6633
2002-10-06,16.4,10.9,2002-10-06 14:11:00+00:00,20.5,2002-10-06 06:26:00+00:00,8.0,,,8.1,,1.7,261.0,1426,407,127.0894,37.6194
2002-10-06,17.2,15.3,2002-10-05 15:00:00+00:00,20.4,2002-10-06 06:32:00+00:00,5.5,,,9.0,,2.2,253.9,1426,409,127.0889,37.5835
2002-10-06,20.0,17.7,2002-10-06 11:43:00+00:00,23.7,2002-10-06 05:06:00+00:00,6.5,,,6.0,,0.7,201.1,1437,410,126.9228,37.4935
2002-10-06,17.5,15.2,2002-10-06 14:45:00+00:00,20.6,2002-10-06 06:31:00+00:00,5.0,,,8.6,,2.3,267.6,1422,411,126.9342,37.5431
2002-10-06,15.9,12.7,2002-10-06 13:59:00+00:00,20.6,2002-10-06 05:12:00+00:00,6.0,,,8.1,,1.3,306.7,1420,412,126.9466,37.5676
2002-10-06,17.1,15.3,2002-10-06 00:04:00+00:00,20.1,2002-10-06 06:35:00+00:00,10.5,,,10.2,,2.4,283.5,1425,413,127.0791,37.5379
2002-10-06,16.4,14.3,2002-10-06 14:54:00+00:00,19.9,2002-10-06 06:31:00+00:00,5.5,,,7.0,,1.4,333.8,1427,414,126.9993,37.6105
2002-10-06,17.8,15.8,2002-10-06 14:21:00+00:00,21.3,2002-10-06 05:17:00+00:00,5.5,,,7.0,,1.5,42.4,1418,415,126.9775,37.5168
2002-10-06,16.6,14.0,2002-10-06 14:59:00+00:00,20.1,2002-10-06 06:16:00+00:00,5.5,,,9.3,,2.7,68.3,1415,416,126.9357,37.6084
2002-10-06,17.5,15.3,2002-10-06 14:54:00+00:00,20.9,2002-10-06 05:12:00+00:00,5.5,,,7.8,,2.1,220.6,1421,417,126.88,37.48
2002-10-06,18.3,15.9,2002-10-06 14:52:00+00:00,21.8,2002-10-06 05:19:00+00:00,6.0,,,9.5,,2.3,249.2,1429,418,126.9394,37.5213
2002-10-06,15.3,13.1,2002-10-06 14:17:00+00:00,18.8,2002-10-06 05:14:00+00:00,8.5,,,10.0,,1.8,332.0,1429,419,126.9864,37.5535
2002-10-06,12.7,9.5,2002-10-06 14:59:00+00:00,17.1,2002-10-06 05:09:00+00:00,8.0,,,7.8,,1.3,271.5,1422,420,126.9565,37.6155
2002-10-06,17.2,15.2,2002-10-05 23:50:00+00:00,20.7,2002-10-06 06:17:00+00:00,3.0,,,8.6,,2.0,282.9,1418,421,127.0406,37.545
2002-10-06,17.2,13.8,2002-10-06 14:01:00+00:00,21.0,2002-10-06 05:05:00+00:00,7.0,,,8.3,,1.5,286.7,1439,423,126.8333,37.4833
2002-10-06,19.9,17.6,2002-10-06 14:54:00+00:00,23.2,2002-10-06 06:31:00+00:00,6.5,,,7.7,,2.0,299.2,1405,424,127.0017,37.6333
2002-10-06,17.8,15.1,2002-10-05 16:47:00+00:00,22.2,2002-10-06 04:36:00+00:00,1.0,,,9.6,,2.1,296.1,1426,501,125.7023,37.6644
2002-10-06,17.1,13.0,2002-10-06 14:59:00+00:00,21.6,2002-10-06 05:30:00+00:00,1.5,,,8.3,,2.2,290.1,1424,502,126.2829,37.7844
2002-10-06,15.5,12.5,2002-10-06 13:49:00+00:00,20.2,2002-10-06 06:07:00+00:00,5.5,,,6.0,,2.1,269.7,1434,503,126.6833,37.8833
2002-10-06,16.2,10.7,2002-10-06 14:37:00+00:00,20.9,2002-10-06 06:12:00+00:00,8.5,,,6.1,,1.2,226.7,1418,504,127.202,37.8915
2002-10-06,15.8,13.2,2002-10-06 10:07:00+00:00,20.1,2002-10-06 05:45:00+00:00,10.0,,,13.2,,1.3,0.0,1422,543,126.5496,37.499
2002-10-06,16.7,12.7,2002-10-06 14:07:00+00:00,21.1,2002-10-06 06:24:00+00:00,8.0,,,11.4,,1.2,307.8,1430,545,126.8387,37.2804
2002-10-06,15.1,11.0,2002-10-06 14:30:00+00:00,20.2,2002-10-06 07:13:00+00:00,13.5,,,7.4,,1.2,228.0,1425,546,127.2833,37.4
2002-10-06,15.5,12.5,2002-10-06 14:32:00+00:00,17.5,2002-10-06 06:24:00+00:00,15.0,,,4.5,,0.6,157.7,1424,547,127.7583,37.4171
2002-10-06,14.9,12.5,2002-10-06 14:59:00+00:00,16.9,2002-10-06 06:22:00+00:00,20.0,,,6.3,,1.4,2.6,1433,548,127.65,37.3
2002-10-06,15.0,10.8,2002-10-06 14:54:00+00:00,19.6,2002-10-06 07:24:00+00:00,12.5,,,5.6,,1.1,266.8,1431,549,127.2,37.25
2002-10-06,16.4,11.9,2002-10-06 14:29:00+00:00,21.6,2002-10-06 06:47:00+00:00,11.0,,,5.2,,1.0,308.4,1435,550,127.05,37.1833
2002-10-06,17.7,14.7,2002-10-06 13:52:00+00:00,20.4,2002-10-05 16:15:00+00:00,3.0,,,0.0,,0.0,265.2,1394,553,128.4287,38.5038
2002-10-06,11.2,9.5,2002-10-06 12:06:00+00:00,13.3,2002-10-05 20:01:00+00:00,6.5,,,20.2,,9.5,229.7,1256,554,128.4371,38.2144
2002-10-06,13.3,8.4,2002-10-06 14:56:00+00:00,17.3,2002-10-06 07:20:00+00:00,23.0,,,6.8,,0.7,123.8,1419,556,127.9908,38.1056
2002-10-06,13.9,11.8,2002-10-06 13:23:00+00:00,15.8,2002-10-05 17:19:00+00:00,8.0,,,5.8,,1.1,209.5,1428,557,128.3209,37.9513
2002-10-06,14.3,10.0,2002-10-06 14:30:00+00:00,18.5,2002-10-06 06:03:00+00:00,15.5,,,3.7,,0.7,25.7,1423,558,127.7007,37.6861
2002-10-06,11.2,8.2,2002-10-06 14:52:00+00:00,14.1,2002-10-05 18:16:00+00:00,10.0,,,7.6,,2.0,264.8,1417,559,128.3898,37.7739
2002-10-06,11.5,10.0,2002-10-06 13:51:00+00:00,13.7,2002-10-06 00:44:00+00:00,7.0,,,6.8,,1.7,1.1,1434,560,128.5943,37.6701
2002-10-06,13.1,12.1,2002-10-06 02:56:00+00:00,14.2,2002-10-05 23:54:00+00:00,17.5,,,6.5,,0.5,156.4,1425,561,128.1555,37.5816
2002-10-06,13.5,11.6,2002-10-06 12:35:00+00:00,15.1,2002-10-06 00:26:00+00:00,12.5,,,5.8,,0.7,306.5,1431,562,128.269,37.2722
2002-10-06,12.3,9.3,2002-10-06 10:45:00+00:00,15.7,2002-10-05 23:39:00+00:00,7.5,,,6.3,,0.7,29.6,1421,563,128.7466,37.2647
2002-10-06,16.7,13.2,2002-10-06 14:42:00+00:00,20.3,2002-10-06 05:01:00+00:00,13.5,,,9.9,,1.5,297.9,1429,565,126.785,37.34
2002-10-06,13.2,8.5,2002-10-06 14:55:00+00:00,17.8,2002-10-05 20:04:00+00:00,1.0,,,11.5,,0.6,292.2,1422,566,128.7,37.82
2002-10-06,15.4,10.2,2002-10-06 14:48:00+00:00,20.4,2002-10-06 05:54:00+00:00,7.0,,,5.1,,0.3,213.7,1410,567,126.913,37.9483
2002-10-06,14.2,8.0,2002-10-06 14:52:00+00:00,20.1,2002-10-06 06:48:00+00:00,8.0,,,2.6,,0.5,232.2,1407,568,127.3179,37.9522
2002-10-06,16.6,13.0,2002-10-06 14:19:00+00:00,20.5,2002-10-06 06:36:00+00:00,8.5,,,5.9,,0.8,281.1,1418,569,127.1312,37.5994
2002-10-06,15.9,12.7,2002-10-06 14:56:00+00:00,20.5,2002-10-06 06:20:00+00:00,5.0,,,6.4,,1.1,243.5,1428,570,126.6472,37.6215
2002-10-06,16.3,14.2,2002-10-06 12:15:00+00:00,20.1,2002-10-06 06:21:00+00:00,3.5,,,6.7,,1.1,0.2,1431,571,126.8209,37.1953
2002-10-06,16.8,14.7,2002-10-06 14:37:00+00:00,20.2,2002-10-06 06:33:00+00:00,10.0,,,6.0,,1.3,293.3,1431,572,127.1248,37.421
2002-10-06,14.7,11.9,2002-10-05 15:00:00+00:00,17.0,2002-10-06 06:16:00+00:00,16.0,,,4.0,,0.2,143.9,1424,573,127.7106,37.5563
2002-10-06,15.2,11.8,2002-10-06 14:57:00+00:00,18.0,2002-10-06 06:18:00+00:00,13.0,,,6.4,,0.7,282.7,1427,575,127.198,37.1399
2002-10-06,14.8,12.3,2002-10-06 13:45:00+00:00,17.8,2002-10-06 07:51:00+00:00,14.0,,,4.6,,0.9,261.1,1424,576,127.3755,37.1634
2002-10-06,17.6,14.6,2002-10-06 08:19:00+00:00,20.3,2002-10-06 05:35:00+00:00,7.5,,,10.7,,3.1,337.6,1424,577,126.3365,37.5341
2002-10-06,17.2,14.0,2002-10-06 09:37:00+00:00,20.6,2002-10-06 06:11:00+00:00,6.0,,,9.9,,2.5,303.0,1430,578,126.42,37.45
2002-10-06,12.7,10.4,2002-10-06 10:42:00+00:00,17.6,2002-10-05 16:20:00+00:00,2.0,,,11.8,,1.5,285.2,1424,579,128.9431,37.3495
2002-10-06,11.9,9.5,2002-10-06 12:23:00+00:00,15.1,2002-10-06 03:41:00+00:00,5.0,,,8.0,,0.2,224.0,1415,581,128.8385,37.1409
2002-10-06,12.5,10.3,2002-10-06 14:39:00+00:00,14.8,2002-10-05 19:07:00+00:00,19.5,,,8.7,,0.7,327.8,1427,582,128.0829,37.2278
2002-10-06,12.1,8.9,2002-10-06 14:49:00+00:00,14.3,2002-10-06 00:20:00+00:00,12.5,,,6.7,,0.6,329.5,1428,583,128.1568,37.41
2002-10-06,13.6,10.5,2002-10-06 13:17:00+00:00,16.4,2002-10-05 18:54:00+00:00,5.0,,,11.3,,2.5,167.7,1419,584,128.7245,37.4711
2002-10-06,13.7,10.1,2002-10-05 15:00:00+00:00,16.1,2002-10-06 05:57:00+00:00,14.5,,,4.7,,0.7,144.6,1431,585,128.0834,37.966
2002-10-06,12.6,6.8,2002-10-06 14:49:00+00:00,17.2,2002-10-06 07:23:00+00:00,25.0,,,5.0,,0.4,149.3,1440,586,127.8858,37.9876
2002-10-06,12.9,6.8,2002-10-06 14:54:00+00:00,16.8,2002-10-06 07:03:00+00:00,23.5,,,4.2,,0.5,271.9,1423,587,127.9495,38.2091
2002-10-06,13.7,7.9,2002-10-06 14:51:00+00:00,18.9,2002-10-06 07:18:00+00:00,20.0,,,4.6,,0.4,193.9,1431,588,127.6429,37.7907
2002-10-06,17.0,12.5,2002-10-06 13:49:00+00:00,22.0,2002-10-06 05:56:00+00:00,5.5,,,7.8,,2.6,305.2,1413,589,126.7586,37.6372
2002-10-06,16.1,13.0,2002-10-06 12:28:00+00:00,20.4,2002-10-06 06:23:00+00:00,11.5,,,9.0,,1.6,5.7,1421,590,126.9887,37.4263
2002-10-06,12.1,10.1,2002-10-06 01:51:00+00:00,15.5,2002-10-05 20:05:00+00:00,19.0,,,11.6,,1.2,156.4,1388,591,128.03,37.43
2002-10-06,13.7,11.2,2002-10-06 12:40:00+00:00,15.6,2002-10-06 06:27:00+00:00,20.5,,,9.5,,0.9,352.4,1428,592,127.753,37.2045
2002-10-06,14.8,12.1,2002-10-06 14:38:00+00:00,17.3,2002-10-06 00:29:00+00:00,1.5,,,7.4,,1.8,238.0,1425,593,128.5265,37.9811
2002-10-06,12.5,9.7,2002-10-05 15:00:00+00:00,14.8,2002-10-05 17:19:00+00:00,5.5,,,12.5,,4.1,190.8,1406,595,128.3833,38.2667
2002-10-06,14.6,11.7,2002-10-06 14:55:00+00:00,16.7,2002-10-05 15:24:00+00:00,6.5,,,10.6,,2.7,295.6,1422,596,128.45,38.07
2002-10-06,10.1,7.4,2002-10-06 12:13:00+00:00,12.5,2002-10-06 00:49:00+00:00,10.0,,,9.0,,1.0,197.3,1420,597,128.4594,37.4927
2002-10-06,15.9,11.1,2002-10-06 13:59:00+00:00,20.6,2002-10-06 06:13:00+00:00,7.0,,,8.7,,1.8,259.3,1432,598,127.0,37.83
2002-10-06,13.7,7.6,2002-10-06 14:59:00+00:00,20.0,2002-10-06 06:46:00+00:00,6.0,,,4.5,,0.4,218.0,1427,599,127.1698,37.7617
2002-10-06,13.1,11.1,2002-10-06 11:49:00+00:00,15.1,2002-10-06 01:38:00+00:00,7.5,,,5.6,,0.6,353.5,1410,601,128.3669,36.9855
2002-10-06,14.4,12.8,2002-10-06 01:29:00+00:00,16.8,2002-10-06 06:21:00+00:00,22.0,,,6.7,,1.0,218.5,1423,602,127.4297,36.8539
2002-10-06,12.8,10.9,2002-10-06 12:47:00+00:00,14.3,2002-10-05 17:10:00+00:00,10.5,,,6.5,,0.7,282.6,1424,603,127.8,36.8
2002-10-06,14.3,11.4,2002-10-06 14:19:00+00:00,16.9,2002-10-06 06:43:00+00:00,11.5,,,7.5,,0.9,267.5,1425,604,127.58,36.3
2002-10-06,14.1,10.4,2002-10-06 14:12:00+00:00,16.6,2002-10-06 06:54:00+00:00,8.0,,,8.8,,0.4,46.5,1420,605,127.7598,36.1631
2002-10-06,17.8,14.9,2002-10-05 23:02:00+00:00,21.7,2002-10-06 06:10:00+00:00,16.5,,,10.5,,2.4,310.9,1425,606,126.454,36.9984
2002-10-06,18.0,14.2,2002-10-05 20:25:00+00:00,21.2,2002-10-06 05:52:00+00:00,11.0,,,13.2,,3.2,349.1,1423,607,126.15,36.6667
2002-10-06,16.4,12.5,2002-10-05 22:24:00+00:00,20.6,2002-10-06 07:13:00+00:00,8.0,,,10.6,,2.0,337.2,1439,609,126.44,36.42
2002-10-06,15.5,12.5,2002-10-06 14:06:00+00:00,20.3,2002-10-06 07:28:00+00:00,12.5,,,6.6,,1.3,350.7,1417,610,126.63,36.58
2002-10-06,14.8,13.1,2002-10-06 14:58:00+00:00,17.0,2002-10-06 06:39:00+00:00,17.5,,,6.0,,0.9,320.6,1438,612,127.1,36.4833
2002-10-06,15.7,12.4,2002-10-06 14:38:00+00:00,18.8,2002-10-06 06:57:00+00:00,18.0,,,9.6,,0.5,345.5,1411,614,126.7,36.05
2002-10-06,13.9,10.7,2002-10-06 14:11:00+00:00,16.6,2002-10-06 06:45:00+00:00,19.0,,,1.7,,0.1,265.6,1430,615,127.1,36.1833
2002-10-06,16.0,11.4,2002-10-06 14:45:00+00:00,20.6,2002-10-06 06:25:00+00:00,5.0,,,7.0,,1.6,320.2,1261,616,126.65,36.9
2002-10-06,16.1,13.7,2002-10-06 14:55:00+00:00,19.1,2002-10-06 07:43:00+00:00,3.5,,,7.9,,1.4,185.3,1424,617,127.1561,36.8782
2002-10-06,15.0,11.7,2002-10-06 14:59:00+00:00,18.7,2002-10-06 07:36:00+00:00,31.5,,,7.3,,0.7,141.2,1431,618,126.78,36.42
2002-10-06,13.1,,,,,19.0,,,,,,,1080,619,127.68,36.93
2002-10-06,13.6,11.3,2002-10-06 12:41:00+00:00,15.4,2002-10-06 00:29:00+00:00,22.0,,,9.3,,0.5,269.3,1426,620,127.9152,37.0865
2002-10-06,13.5,10.6,2002-10-06 13:41:00+00:00,15.4,2002-10-06 00:28:00+00:00,10.0,,,7.6,,0.6,36.6,1435,622,127.9939,36.842
2002-10-06,14.4,11.7,2002-10-06 12:54:00+00:00,16.3,2002-10-06 06:34:00+00:00,13.5,,,4.7,,0.3,254.2,1423,623,127.58,36.78
2002-10-06,13.4,10.8,2002-10-06 13:55:00+00:00,15.1,2002-10-06 06:37:00+00:00,14.0,,,5.2,,0.7,16.2,1424,624,127.6588,36.6294
2002-10-06,14.3,11.3,2002-10-06 14:13:00+00:00,16.3,2002-10-06 07:18:00+00:00,10.0,,,7.3,,0.5,323.7,1426,626,127.8156,36.3709
2002-10-06,16.4,13.7,2002-10-05 22:00:00+00:00,20.3,2002-10-06 06:06:00+00:00,5.0,,,6.7,,0.9,326.5,1417,627,126.2988,36.7544
2002-10-06,13.6,10.3,2002-10-06 12:32:00+00:00,15.5,2002-10-06 06:09:00+00:00,29.0,,,3.6,,0.2,138.0,1421,629,127.1959,36.6814
2002-10-06,13.4,11.0,2002-10-06 12:36:00+00:00,14.9,2002-10-05 23:29:00+00:00,2.5,,,6.9,,0.7,255.6,1432,630,127.7563,37.0451
2002-10-06,19.7,15.5,2002-10-06 14:07:00+00:00,23.1,2002-10-06 06:19:00+00:00,7.0,,,9.4,,1.9,334.0,1184,631,126.5133,37.355
2002-10-06,14.8,12.5,2002-10-06 14:59:00+00:00,17.1,2002-10-06 06:31:00+00:00,32.0,,,4.7,,1.1,180.7,1428,633,127.1207,36.6041
2002-10-06,16.7,14.2,2002-10-06 14:34:00+00:00,20.5,2002-10-06 07:32:00+00:00,9.5,,,5.3,,1.2,203.5,1406,634,126.8858,36.8664
2002-10-06,15.4,12.4,2002-10-06 13:03:00+00:00,18.4,2002-10-06 06:54:00+00:00,12.0,,,7.5,,1.0,267.5,1414,635,126.7609,36.2139
2002-10-06,14.4,10.7,2002-10-06 13:37:00+00:00,16.1,2002-10-05 17:39:00+00:00,17.5,,,4.7,,0.2,303.7,1432,636,127.23,36.3
2002-10-06,16.8,13.9,2002-10-05 22:04:00+00:00,20.1,2002-10-06 05:35:00+00:00,6.0,,,7.6,,1.1,308.2,1417,637,126.2837,36.8679
2002-10-06,13.6,11.0,2002-10-06 14:49:00+00:00,15.3,2002-10-06 02:01:00+00:00,7.5,,,9.1,,0.6,291.8,1415,638,128.4887,37.0758
2002-10-06,12.7,9.7,2002-10-06 13:43:00+00:00,14.9,2002-10-06 00:57:00+00:00,10.0,,,7.5,,0.6,24.5,1413,639,128.1643,36.9117
2002-10-06,13.4,10.4,2002-10-06 13:56:00+00:00,15.5,2002-10-06 00:55:00+00:00,18.0,,,6.5,,0.6,326.2,1414,640,127.86,36.76
2002-10-06,,,,,,5.5,,,,,,,899,641,127.48,36.47
2002-10-06,15.1,12.4,2002-10-06 14:12:00+00:00,17.4,2002-10-06 06:36:00+00:00,16.0,,,7.0,,1.0,209.7,1426,642,127.4061,36.3105
2002-10-06,14.3,11.1,2002-10-06 13:41:00+00:00,16.6,2002-10-06 06:37:00+00:00,16.0,,,6.3,,0.7,108.1,1440,643,127.49,36.34
2002-10-06,14.9,12.0,2002-10-06 14:28:00+00:00,16.7,2002-10-06 05:26:00+00:00,16.5,,,8.6,,1.7,258.2,1411,644,127.2327,36.1385
2002-10-06,15.0,10.7,2002-10-06 14:49:00+00:00,21.3,2002-10-06 06:58:00+00:00,8.0,,,5.3,,0.9,303.8,1415,645,126.5173,36.5804
2002-10-06,16.1,13.7,2002-10-05 23:05:00+00:00,19.1,2002-10-06 04:49:00+00:00,14.0,,,9.1,,1.8,267.6,1435,646,126.5496,36.153
2002-10-06,14.4,11.1,2002-10-06 14:40:00+00:00,16.9,2002-10-06 06:54:00+00:00,12.0,,,3.0,,0.0,36.2,1422,647,127.6695,36.1173
2002-10-06,15.1,12.2,2002-10-06 13:37:00+00:00,16.9,2002-10-06 07:23:00+00:00,17.5,,,9.4,,0.8,320.6,1431,648,127.3833,36.4333
2002-10-06,16.8,13.5,2002-10-06 12:47:00+00:00,21.2,2002-10-06 06:03:00+00:00,0.0,,,12.8,,3.6,234.0,1190,649,126.08,37.285
2002-10-06,13.0,7.2,2002-10-06 14:59:00+00:00,18.0,2002-10-06 05:56:00+00:00,14.0,,,9.1,,2.0,187.8,1405,650,127.3333,38.2833
2002-10-06,14.7,9.4,2002-10-06 14:49:00+00:00,19.2,2002-10-06 06:32:00+00:00,7.5,,,8.5,,2.3,290.3,1396,651,127.1652,38.264
2002-10-06,16.0,10.8,2002-10-05 15:00:00+00:00,21.9,2002-10-06 06:40:00+00:00,11.5,,,6.8,,0.8,231.9,1414,652,127.0781,38.0265
2002-10-06,17.6,14.9,2002-10-05 21:30:00+00:00,20.3,2002-10-06 05:59:00+00:00,7.0,,,10.9,,2.6,323.3,1440,654,126.3333,37.25
2002-10-06,17.5,14.6,2002-10-06 05:26:00+00:00,19.8,2002-10-06 03:03:00+00:00,1.5,,,15.8,,3.8,303.7,1437,655,124.7167,37.75
2002-10-06,17.0,14.2,2002-10-06 14:49:00+00:00,20.6,2002-10-06 04:06:00+00:00,2.5,,,8.5,,2.1,291.0,1435,656,126.1833,37.65
2002-10-06,16.5,12.5,2002-10-05 22:21:00+00:00,19.6,2002-10-06 07:22:00+00:00,14.5,,,13.0,,2.9,359.8,1439,657,126.5,36.3167
2002-10-06,17.3,14.2,2002-10-05 20:27:00+00:00,19.9,2002-10-06 05:33:00+00:00,2.0,,,14.3,,2.9,277.0,1439,658,126.1333,36.8333
2002-10-06,10.2,7.7,2002-10-06 00:58:00+00:00,13.9,2002-10-05 15:04:00+00:00,13.0,,,12.3,,4.1,232.9,1440,659,127.25,36.4167
2002-10-06,11.6,10.3,2002-10-06 09:22:00+00:00,13.1,2002-10-05 22:22:00+00:00,14.5,,,9.0,,0.7,284.9,1439,660,128.35,37.55
2002-10-06,15.6,9.4,2002-10-06 14:50:00+00:00,20.0,2002-10-06 07:30:00+00:00,2.0,,,7.1,,1.7,209.4,1435,661,128.4,38.5333
2002-10-06,17.2,15.5,2002-10-05 20:37:00+00:00,19.9,2002-10-06 05:38:00+00:00,5.5,,,14.1,,2.6,273.0,1202,662,126.35,37.1467
2002-10-06,,,,,,8.0,,,,,,,64,663,125.7869,36.9286
2002-10-06,17.2,15.0,2002-10-05 22:14:00+00:00,20.1,2002-10-06 06:03:00+00:00,5.0,,,10.2,,1.3,277.0,1289,664,126.4667,37.2667
2002-10-06,17.0,13.4,2002-10-06 13:45:00+00:00,20.7,2002-10-06 05:54:00+00:00,8.0,,,8.8,,1.4,277.0,1197,665,126.4167,37.3833
2002-10-06,17.8,14.7,2002-10-06 14:59:00+00:00,21.1,2002-10-06 05:46:00+00:00,3.0,,,13.1,,2.4,332.0,1282,666,126.1667,36.95
2002-10-06,17.9,16.0,2002-10-06 14:59:00+00:00,20.3,2002-10-06 05:44:00+00:00,0.0,,,15.8,,6.3,337.0,1195,667,126.0093,36.6476
2002-10-06,16.9,12.1,2002-10-05 21:45:00+00:00,20.3,2002-10-06 06:09:00+00:00,0.0,,,11.0,,1.6,162.0,1376,669,125.45,36.2167
2002-10-06,19.1,15.5,2002-10-06 10:51:00+00:00,24.3,2002-10-05 15:59:00+00:00,5.5,,,14.2,,2.6,317.0,1409,720,126.5544,34.1678
2002-10-06,17.5,14.3,2002-10-06 11:26:00+00:00,21.8,2002-10-05 20:06:00+00:00,6.0,,,12.8,,2.3,163.8,1432,721,127.0298,34.349
2002-10-06,17.0,13.9,2002-10-06 11:43:00+00:00,22.0,2002-10-05 16:48:00+00:00,7.0,,,7.9,,1.7,87.4,1345,722,126.9288,35.1368
2002-10-06,19.6,18.2,2002-10-06 04:42:00+00:00,23.7,2002-10-05 16:59:00+00:00,10.5,,,14.4,,4.0,302.1,1420,723,127.3064,34.0236
2002-10-06,19.1,17.6,2002-10-06 08:37:00+00:00,23.4,2002-10-05 15:14:00+00:00,8.5,,,19.7,,5.2,334.3,1432,724,126.3006,33.9547
2002-10-06,19.2,17.2,2002-10-06 12:54:00+00:00,22.9,2002-10-05 16:02:00+00:00,11.5,,,15.4,,5.0,284.7,1414,725,126.9534,33.5065
2002-10-06,19.5,17.6,2002-10-05 21:21:00+00:00,23.2,2002-10-05 15:01:00+00:00,15.0,,,19.6,,6.2,306.7,1422,726,126.2714,33.1137
2002-10-06,15.4,12.3,2002-10-06 11:43:00+00:00,20.6,2002-10-05 16:34:00+00:00,33.5,,,10.2,,2.1,353.1,1420,727,126.3949,33.39
2002-10-06,14.6,9.4,2002-10-06 14:41:00+00:00,18.4,2002-10-05 20:07:00+00:00,7.0,,,5.5,,0.8,311.1,1404,729,127.13,35.38
2002-10-06,16.2,11.7,2002-10-06 14:27:00+00:00,22.4,2002-10-05 15:13:00+00:00,17.5,,,8.4,,1.6,146.7,1406,730,126.82,35.32
2002-10-06,17.3,13.6,2002-10-06 12:37:00+00:00,23.9,2002-10-05 15:43:00+00:00,8.5,,,11.3,,2.2,163.6,1431,731,126.7036,34.7947
2002-10-06,14.8,10.3,2002-10-06 13:44:00+00:00,18.5,2002-10-05 17:47:00+00:00,42.5,,,11.0,,0.7,121.3,1426,732,127.08,34.77
2002-10-06,15.1,12.4,2002-10-06 13:42:00+00:00,17.6,2002-10-06 05:32:00+00:00,22.5,,,5.6,,1.4,24.5,1415,733,126.959,36.0412
2002-10-06,15.3,12.3,2002-10-06 14:00:00+00:00,18.1,2002-10-05 17:20:00+00:00,14.5,,,13.4,,0.8,292.6,1424,734,127.2112,35.9728
2002-10-06,13.6,10.4,2002-10-06 11:08:00+00:00,17.6,2002-10-05 16:30:00+00:00,10.0,,,8.4,,0.9,80.6,1429,735,127.7711,35.9037
2002-10-06,15.9,13.7,2002-10-06 11:01:00+00:00,18.7,2002-10-06 05:46:00+00:00,15.5,,,9.5,,1.4,103.4,1429,736,126.75,35.87
2002-10-06,16.2,12.9,2002-10-06 14:33:00+00:00,19.0,2002-10-05 17:00:00+00:00,16.5,,,11.6,,1.5,326.5,1429,737,126.8769,35.7943
2002-10-06,16.4,13.4,2002-10-06 13:17:00+00:00,20.4,2002-10-05 16:59:00+00:00,21.0,,,6.8,,0.7,313.2,1430,738,126.6775,35.5904
2002-10-06,16.4,14.3,2002-10-06 09:47:00+00:00,21.8,2002-10-05 16:41:00+00:00,24.5,,,9.0,,1.5,293.1,1433,739,126.5511,35.5243
2002-10-06,18.0,,,,,23.5,,,,,,,1083,929,128.2586,35.0989
2002-10-06,16.0,11.4,2002-10-06 14:57:00+00:00,19.7,2002-10-05 18:16:00+00:00,8.5,,,10.9,,0.6,353.9,1413,741,126.98,35.05
2002-10-06,18.7,16.1,2002-10-06 00:56:00+00:00,22.9,2002-10-05 17:06:00+00:00,8.5,,,12.4,,3.8,352.0,1407,742,126.35,34.95
2002-10-06,18.9,16.1,2002-10-06 00:10:00+00:00,23.4,2002-10-05 15:49:00+00:00,16.0,,,11.3,,2.5,177.6,1426,743,125.9266,34.7555
2002-10-06,17.5,13.8,2002-10-06 10:49:00+00:00,22.1,2002-10-05 15:24:00+00:00,11.0,,,12.9,,2.7,319.1,1422,744,126.3276,34.6709
2002-10-06,16.2,12.3,2002-10-06 13:36:00+00:00,20.9,2002-10-05 19:10:00+00:00,10.0,,,10.4,,1.0,14.3,1429,745,126.7608,34.6383
2002-10-06,18.8,15.6,2002-10-06 10:07:00+00:00,23.3,2002-10-05 15:40:00+00:00,37.0,,,12.7,,2.1,324.9,1422,746,126.5278,34.295
2002-10-06,18.7,15.6,2002-10-06 11:29:00+00:00,23.4,2002-10-05 19:12:00+00:00,4.5,,,15.3,,2.8,243.6,1418,747,126.859,34.1799
2002-10-06,16.9,12.3,2002-10-05 15:00:00+00:00,20.3,2002-10-05 20:18:00+00:00,12.0,,,10.2,,1.9,328.0,1395,748,127.35,34.83
2002-10-06,19.1,16.3,2002-10-06 10:46:00+00:00,23.8,2002-10-05 19:37:00+00:00,16.0,,,12.3,,1.9,330.9,1398,749,127.13,34.53
2002-10-06,18.9,17.0,2002-10-06 11:11:00+00:00,22.6,2002-10-05 15:17:00+00:00,6.0,,,13.5,,3.3,357.4,1241,750,127.6256,34.6308
2002-10-06,17.2,,,,,10.5,,,,,,,1030,751,126.7119,33.4585
2002-10-06,18.3,15.6,2002-10-06 12:22:00+00:00,23.5,2002-10-05 15:07:00+00:00,32.5,,,12.5,,3.7,33.2,1415,752,126.3022,33.285
2002-10-06,17.4,13.6,2002-10-06 13:03:00+00:00,21.6,2002-10-05 17:14:00+00:00,9.5,,,8.6,,0.7,294.6,1422,754,126.5225,35.0635
2002-10-06,18.5,15.6,2002-10-06 00:11:00+00:00,23.0,2002-10-05 16:00:00+00:00,21.0,,,11.5,,1.9,351.7,1423,756,126.2931,35.6028
2002-10-06,14.4,10.1,2002-10-06 13:04:00+00:00,17.5,2002-10-05 17:47:00+00:00,16.0,,,7.6,,0.4,358.2,1422,757,127.4254,35.9715
2002-10-06,13.6,9.9,2002-10-06 14:58:00+00:00,16.4,2002-10-06 02:59:00+00:00,9.5,,,8.6,,0.7,248.2,1425,758,127.5682,35.8355
2002-10-06,12.9,8.9,2002-10-06 11:42:00+00:00,15.8,2002-10-05 21:10:00+00:00,27.5,,,9.0,,0.2,164.1,1404,759,127.6,35.37
2002-10-06,13.9,9.6,2002-10-06 13:31:00+00:00,19.9,2002-10-05 16:04:00+00:00,13.0,,,7.5,,1.4,294.4,1401,760,126.93,35.43
2002-10-06,15.2,11.5,2002-10-06 14:56:00+00:00,20.7,2002-10-05 15:56:00+00:00,15.5,,,9.0,,0.9,340.2,1404,761,126.8863,35.647
2002-10-06,14.3,10.8,2002-10-06 14:25:00+00:00,21.3,2002-10-05 15:19:00+00:00,16.5,,,11.3,,1.8,123.1,1380,762,127.1136,35.5388
2002-10-06,15.3,13.1,2002-10-06 02:14:00+00:00,17.4,2002-10-06 05:57:00+00:00,14.5,,,7.6,,1.1,300.4,1407,763,127.07,36.05
2002-10-06,13.2,8.8,2002-10-06 14:58:00+00:00,17.2,2002-10-05 17:39:00+00:00,13.5,,,9.2,,0.9,3.2,1416,764,127.1849,35.6811
2002-10-06,15.0,10.3,2002-10-06 14:59:00+00:00,18.9,2002-10-05 21:13:00+00:00,18.5,,,6.0,,0.5,319.3,1409,765,127.17,34.93
2002-10-06,18.7,16.3,2002-10-06 14:59:00+00:00,24.4,2002-10-05 20:48:00+00:00,7.0,,,12.7,,3.5,225.8,1257,766,127.72,34.85
2002-10-06,17.1,12.1,2002-10-06 14:51:00+00:00,22.2,2002-10-05 20:42:00+00:00,7.0,,,11.3,,1.6,173.9,1407,767,127.45,34.6
2002-10-06,,,,,,0.5,,,,,,,28,300,126.3167,35.85
2002-10-06,18.2,16.4,2002-10-06 00:07:00+00:00,22.9,2002-10-05 17:27:00+00:00,12.0,,,13.7,,2.3,314.0,1206,303,125.1167,34.0667
2002-10-06,13.8,,,,,19.0,,,,,,,1132,325,128.0254,37.1376
2002-10-06,16.5,13.8,2002-10-06 14:02:00+00:00,20.2,2002-10-06 06:03:00+00:00,4.5,,,3.8,,0.9,175.2,1420,404,126.85,37.55
2002-10-06,15.9,11.0,2002-10-06 14:51:00+00:00,19.7,2002-10-05 16:52:00+00:00,7.5,,,7.7,,0.6,341.7,1408,768,127.2908,35.2802
2002-10-06,14.0,10.7,2002-10-06 14:06:00+00:00,16.7,2002-10-06 05:16:00+00:00,18.0,,,7.7,,0.5,296.5,1408,803,129.07,36.42
2002-10-06,16.5,13.2,2002-10-06 14:52:00+00:00,19.3,2002-10-05 23:27:00+00:00,20.5,,,7.5,,1.6,177.1,1428,804,129.338,36.1996
2002-10-06,12.7,9.5,2002-10-06 14:35:00+00:00,15.3,2002-10-06 00:57:00+00:00,19.5,,,5.7,,0.8,279.8,1435,805,129.0958,36.1602
2002-10-06,14.4,11.1,2002-10-06 14:23:00+00:00,17.0,2002-10-06 03:57:00+00:00,15.5,,,9.5,,0.9,268.5,1416,806,128.2903,36.2334
2002-10-06,13.9,10.6,2002-10-06 14:58:00+00:00,16.2,2002-10-06 03:31:00+00:00,23.5,,,4.6,,0.5,310.1,1417,807,128.7261,36.172
2002-10-06,17.8,15.9,2002-10-06 13:42:00+00:00,20.8,2002-10-05 19:38:00+00:00,14.0,,,10.8,,3.4,259.8,1426,808,129.5694,36.0774
2002-10-06,13.2,9.6,2002-10-06 14:28:00+00:00,16.9,2002-10-06 04:01:00+00:00,8.5,,,9.6,,1.0,248.6,1432,809,127.9689,35.9179
2002-10-06,14.3,10.3,2002-10-06 14:58:00+00:00,17.0,2002-10-06 04:28:00+00:00,23.0,,,6.7,,0.7,6.0,1428,810,128.28,35.93
2002-10-06,14.8,11.9,2002-10-06 14:56:00+00:00,16.3,2002-10-05 16:31:00+00:00,20.5,,,7.2,,1.4,241.8,1422,811,129.2167,35.85
2002-10-06,14.3,10.4,2002-10-05 15:00:00+00:00,17.2,2002-10-06 05:21:00+00:00,24.0,,,4.8,,0.0,238.4,1388,812,128.27,35.73
2002-10-06,15.0,11.5,2002-10-06 14:12:00+00:00,17.5,2002-10-06 04:56:00+00:00,21.5,,,3.4,,0.3,314.1,1425,813,128.73,35.65
2002-10-06,13.4,9.9,2002-10-06 14:47:00+00:00,15.8,2002-10-06 07:14:00+00:00,9.0,,,4.4,,0.4,281.1,1420,815,128.4644,36.66
2002-10-06,16.8,13.3,2002-10-06 14:21:00+00:00,20.0,2002-10-05 23:34:00+00:00,19.5,,,4.5,,0.7,280.1,1431,816,129.4932,35.8959
2002-10-06,13.3,11.3,2002-10-06 14:34:00+00:00,15.7,2002-10-06 05:02:00+00:00,11.0,,,6.5,,1.2,245.0,1431,817,129.21,36.7655
2002-10-06,13.0,9.8,2002-10-06 13:54:00+00:00,15.1,2002-10-06 06:15:00+00:00,7.0,,,9.5,,0.9,281.1,1418,818,128.1114,36.7309
2002-10-06,12.4,9.0,2002-10-06 14:56:00+00:00,15.1,2002-10-06 04:44:00+00:00,11.5,,,5.8,,0.5,294.9,1423,819,128.8884,36.6605
2002-10-06,13.5,10.0,2002-10-06 14:43:00+00:00,15.9,2002-10-06 02:35:00+00:00,11.0,,,6.8,,0.7,312.4,1433,820,128.5086,36.5538
2002-10-06,13.7,10.0,2002-10-06 14:41:00+00:00,16.1,2002-10-06 03:21:00+00:00,7.5,,,6.3,,0.5,33.5,1427,821,128.1,36.28
2002-10-06,15.0,11.5,2002-10-06 14:54:00+00:00,17.3,2002-10-06 03:47:00+00:00,9.0,,,7.8,,0.6,277.7,1420,822,128.13,36.13
2002-10-06,14.0,10.6,2002-10-06 14:57:00+00:00,16.8,2002-10-06 04:11:00+00:00,19.0,,,7.2,,0.7,27.1,1422,823,128.57,36.23
2002-10-06,14.9,11.5,2002-10-06 14:55:00+00:00,17.4,2002-10-05 16:23:00+00:00,19.5,,,13.5,,1.3,341.8,1426,824,128.544,36.0831
2002-10-06,15.0,11.6,2002-10-06 14:33:00+00:00,17.4,2002-10-06 04:18:00+00:00,23.5,,,8.6,,0.9,242.8,1426,825,128.4,35.89
2002-10-06,15.6,12.7,2002-10-06 13:55:00+00:00,17.5,2002-10-05 15:03:00+00:00,21.5,,,8.0,,1.1,41.9,1376,827,128.7333,35.8167
2002-10-06,15.2,11.9,2002-10-05 15:00:00+00:00,17.0,2002-10-06 05:51:00+00:00,28.5,,,7.6,,0.9,30.8,1417,828,128.45,35.7
2002-10-06,14.4,11.9,2002-10-06 14:32:00+00:00,16.7,2002-10-05 23:44:00+00:00,29.0,,,7.6,,1.1,330.2,1436,829,129.3271,35.7176
2002-10-06,14.6,12.2,2002-10-06 12:27:00+00:00,16.7,2002-10-06 01:17:00+00:00,21.5,,,2.6,,0.1,323.4,1426,830,129.2064,36.0706
2002-10-06,12.2,9.2,2002-10-06 10:52:00+00:00,15.0,2002-10-06 03:41:00+00:00,4.0,,,5.0,,0.6,218.1,1422,831,129.0697,37.0435
2002-10-06,14.2,10.8,2002-10-06 14:40:00+00:00,17.0,2002-10-06 04:16:00+00:00,12.5,,,6.3,,0.3,0.2,1420,832,128.43,36.38
2002-10-06,12.7,9.1,2002-10-06 14:08:00+00:00,15.3,2002-10-06 07:00:00+00:00,8.0,,,9.3,,1.0,306.7,1409,833,128.0034,36.599
2002-10-06,12.5,9.4,2002-10-06 14:59:00+00:00,14.3,2002-10-06 02:23:00+00:00,9.5,,,9.8,,0.9,324.6,1420,834,127.9519,36.4458
2002-10-06,12.8,9.5,2002-10-06 14:57:00+00:00,15.2,2002-10-06 07:46:00+00:00,8.5,,,4.4,,0.2,359.7,1430,835,128.73,36.88
2002-10-06,12.3,8.9,2002-10-06 14:59:00+00:00,14.7,2002-10-06 02:47:00+00:00,13.5,,,7.8,,0.3,258.6,1400,836,128.8999,36.2717
2002-10-06,13.2,10.0,2002-10-06 14:55:00+00:00,15.4,2002-10-06 03:21:00+00:00,8.5,,,4.8,,0.4,192.9,1390,837,128.63,36.7692
2002-10-06,12.1,7.9,2002-10-05 15:00:00+00:00,14.9,2002-10-06 02:51:00+00:00,8.5,,,9.0,,1.1,26.3,1424,838,128.3184,36.7659
2002-10-06,17.0,13.4,2002-10-06 12:04:00+00:00,21.6,2002-10-06 06:12:00+00:00,5.0,,,6.2,,1.0,0.0,1426,544,126.7827,37.4631
2002-10-06,14.4,8.9,2002-10-06 14:57:00+00:00,19.4,2002-10-06 06:08:00+00:00,14.5,,,7.2,,0.9,250.2,1412,552,127.42,38.25
2002-10-06,,,,,,3.0,,,,,,,879,574,127.5865,37.3751
2002-10-06,13.5,9.2,2002-10-06 14:58:00+00:00,15.7,2002-10-05 17:10:00+00:00,19.0,,,7.0,,2.1,213.1,1421,594,128.2102,38.2168
2002-10-06,14.0,12.1,2002-10-06 13:03:00+00:00,15.8,2002-10-06 06:25:00+00:00,17.5,,,4.5,,1.1,140.0,1439,600,127.6003,36.9882
2002-10-06,13.1,9.7,2002-10-06 13:33:00+00:00,15.6,2002-10-06 06:10:00+00:00,11.0,,,7.5,,0.5,34.3,1428,625,127.8167,36.5172
2002-10-06,15.7,12.6,2002-10-06 14:40:00+00:00,20.4,2002-10-06 07:27:00+00:00,15.5,,,7.6,,2.0,266.5,1417,628,126.8,36.6778
2002-10-06,15.3,12.9,2002-10-06 14:39:00+00:00,16.6,2002-10-06 00:30:00+00:00,22.5,,,3.7,,1.0,254.7,1409,840,128.8231,35.9098
2002-10-06,13.8,11.0,2002-10-06 14:43:00+00:00,15.9,2002-10-06 04:33:00+00:00,21.5,,,7.1,,0.9,268.7,1433,841,128.9224,36.1076
2002-10-06,13.4,10.1,2002-10-06 14:59:00+00:00,15.4,2002-10-06 05:05:00+00:00,29.0,,,8.9,,0.8,242.8,1439,842,129.0473,35.7576
2002-10-06,15.5,12.1,2002-10-06 14:44:00+00:00,17.4,2002-10-06 04:47:00+00:00,13.0,,,8.6,,1.4,271.1,1404,844,129.37,36.42
2002-10-06,15.6,13.0,2002-10-06 14:34:00+00:00,17.3,2002-10-05 15:50:00+00:00,23.0,,,6.3,,1.0,248.0,1429,845,128.6,35.85
2002-10-06,15.6,13.0,2002-10-06 14:58:00+00:00,17.5,2002-10-05 16:37:00+00:00,27.5,,,8.8,,0.7,305.3,1421,846,128.5442,35.8679
2002-10-06,14.1,11.5,2002-10-06 14:54:00+00:00,15.9,2002-10-06 02:38:00+00:00,9.5,,,7.4,,1.0,204.8,1430,849,128.299,36.5106
2002-10-06,17.1,14.3,2002-10-06 13:51:00+00:00,20.3,2002-10-05 20:34:00+00:00,26.5,,,10.3,,1.4,245.6,1434,850,129.5012,35.8071
2002-10-06,17.2,14.1,2002-10-06 13:27:00+00:00,20.5,2002-10-05 15:15:00+00:00,4.0,,,11.1,,4.5,259.2,1437,852,129.4167,37.05
2002-10-06,12.5,8.1,2002-10-06 14:58:00+00:00,17.4,2002-10-05 17:20:00+00:00,28.5,,,8.3,,0.7,317.6,1440,853,128.6167,36.0
2002-10-06,14.6,10.8,2002-10-06 14:03:00+00:00,16.7,2002-10-05 15:02:00+00:00,23.5,,,3.1,,0.1,57.0,1423,854,129.1596,35.5239
2002-10-06,20.0,18.0,2002-10-06 10:33:00+00:00,24.1,2002-10-05 15:10:00+00:00,33.5,,,16.9,,5.0,334.5,1417,855,126.2735,33.1664
2002-10-06,17.3,13.8,2002-10-06 14:10:00+00:00,21.4,2002-10-05 15:17:00+00:00,0.0,,,,,0.5,,1427,868,129.0609,35.1871
2002-10-06,17.4,14.6,2002-10-06 09:58:00+00:00,20.9,2002-10-05 22:27:00+00:00,0.5,,,8.4,,1.2,220.0,1426,901,129.4424,35.4927
2002-10-06,14.0,10.1,2002-10-06 10:13:00+00:00,17.4,2002-10-05 17:36:00+00:00,16.5,,,7.8,,1.2,308.9,1393,902,127.7594,35.3188
2002-10-06,11.4,6.2,2002-10-06 08:40:00+00:00,17.5,2002-10-05 16:17:00+00:00,49.0,,,7.8,,1.2,236.2,1418,753,126.4941,33.3921
2002-10-06,14.7,10.4,2002-10-06 13:09:00+00:00,20.1,2002-10-05 16:27:00+00:00,10.5,,,7.8,,1.1,2.3,1428,755,127.13,35.17
2002-10-06,15.6,13.1,2002-10-06 14:54:00+00:00,17.5,2002-10-06 05:26:00+00:00,34.5,,,7.9,,0.6,3.6,1426,903,128.4742,35.3855
2002-10-06,,,,,,22.5,,,,,,,980,772,126.3454,34.4858
2002-10-06,16.4,12.9,2002-10-06 14:46:00+00:00,18.3,2002-10-05 15:16:00+00:00,25.5,,,7.0,,0.7,301.9,1421,904,128.6667,35.35
2002-10-06,15.3,12.0,2002-10-06 12:45:00+00:00,18.7,2002-10-05 15:01:00+00:00,31.0,,,6.0,,0.8,162.2,1416,905,129.0362,35.3243
2002-10-06,15.9,12.3,2002-10-06 13:39:00+00:00,18.0,2002-10-05 15:01:00+00:00,18.5,,,7.2,,1.5,29.3,1418,906,127.6254,35.1883
2002-10-06,16.4,12.3,2002-10-06 14:34:00+00:00,20.0,2002-10-05 21:30:00+00:00,28.5,,,12.3,,0.5,126.1,1436,908,128.75,35.12
2002-10-06,17.6,15.3,2002-10-06 10:16:00+00:00,21.8,2002-10-05 21:33:00+00:00,23.5,,,20.9,,1.8,242.6,1423,910,129.08,35.07
2002-10-06,14.7,11.9,2002-10-06 14:33:00+00:00,16.8,2002-10-06 04:05:00+00:00,16.0,,,8.1,,0.8,349.0,1434,912,127.7167,35.5333
2002-10-06,19.2,14.9,2002-10-06 14:05:00+00:00,22.9,2002-10-05 21:20:00+00:00,14.5,,,12.4,,1.4,196.3,1386,913,127.9854,34.7238
2002-10-06,13.4,10.0,2002-10-06 14:09:00+00:00,16.2,2002-10-06 03:15:00+00:00,11.0,,,13.8,,1.7,330.1,1438,914,127.696,35.6447
2002-10-06,15.2,11.4,2002-10-05 15:00:00+00:00,17.4,2002-10-05 15:01:00+00:00,14.5,,,5.3,,0.3,22.0,1432,915,128.12,35.42
2002-10-06,15.5,10.9,2002-10-06 14:58:00+00:00,18.2,2002-10-05 15:01:00+00:00,16.5,,,8.7,,1.2,312.6,1427,916,127.9667,35.3167
2002-10-06,17.0,13.5,2002-10-06 11:40:00+00:00,19.6,2002-10-05 15:03:00+00:00,18.0,,,7.3,,1.0,126.5,1419,917,128.08,35.07
2002-10-06,17.7,13.9,2002-10-06 13:50:00+00:00,21.9,2002-10-05 21:38:00+00:00,21.5,,,16.1,,0.6,208.6,1349,918,128.3333,34.97
2002-10-06,15.1,11.7,2002-10-06 14:59:00+00:00,17.4,2002-10-06 04:09:00+00:00,17.0,,,10.0,,0.9,0.9,1418,919,128.47,35.55
2002-10-06,14.4,11.0,2002-10-06 14:58:00+00:00,16.8,2002-10-06 04:54:00+00:00,20.0,,,5.3,,0.5,25.0,1425,920,128.4,35.3
2002-10-06,17.7,15.3,2002-10-06 09:25:00+00:00,21.4,2002-10-05 15:27:00+00:00,20.0,,,13.2,,2.8,131.4,1413,921,128.8291,34.9897
2002-10-06,15.4,11.5,2002-10-06 14:49:00+00:00,18.8,2002-10-05 15:09:00+00:00,21.5,,,11.9,,1.2,321.1,1416,922,128.9189,35.3647
2002-10-06,16.1,12.4,2002-10-05 15:00:00+00:00,20.7,2002-10-05 22:20:00+00:00,27.5,,,11.8,,0.7,160.1,1415,923,129.2323,35.264
2002-10-06,17.5,14.4,2002-10-06 13:42:00+00:00,20.8,2002-10-05 22:03:00+00:00,24.0,,,15.6,,0.5,182.9,1430,924,129.3603,35.3587
2002-10-06,16.0,12.4,2002-10-06 14:49:00+00:00,19.7,2002-10-05 22:46:00+00:00,21.5,,,10.3,,0.9,170.4,1412,925,128.8534,35.3277
2002-10-06,15.9,11.3,2002-10-06 14:32:00+00:00,19.3,2002-10-05 22:06:00+00:00,23.0,,,11.2,,0.6,272.6,1434,926,128.4719,35.1137
2002-10-06,15.5,11.6,2002-10-06 14:43:00+00:00,18.2,2002-10-05 23:24:00+00:00,35.5,,,11.3,,0.8,321.2,1430,927,128.8809,35.5842
2002-10-06,15.7,12.6,2002-10-06 14:57:00+00:00,19.4,2002-10-05 22:22:00+00:00,25.0,,,5.6,,0.2,232.3,1422,928,129.1792,35.4122
2002-10-06,19.6,15.8,2002-10-06 11:15:00+00:00,23.7,2002-10-05 20:23:00+00:00,21.0,,,4.8,,0.8,280.6,1408,930,128.2251,34.8436
2002-10-06,18.6,15.5,2002-10-06 11:29:00+00:00,23.1,2002-10-05 15:46:00+00:00,7.0,,,19.2,,1.2,105.4,1372,931,128.2634,34.6363
2002-10-06,16.8,12.4,2002-10-06 14:58:00+00:00,19.5,2002-10-05 15:32:00+00:00,20.5,,,11.4,,0.1,301.7,1419,932,127.75,35.05
2002-10-06,17.8,14.1,2002-10-06 11:55:00+00:00,21.9,2002-10-05 16:30:00+00:00,11.0,,,9.5,,1.2,95.4,1420,933,127.859,34.9506
2002-10-06,15.3,10.5,2002-10-06 14:47:00+00:00,18.5,2002-10-05 15:01:00+00:00,15.5,,,5.6,,0.3,141.2,1423,934,127.9322,35.1986
2002-10-06,15.2,11.8,2002-10-06 14:04:00+00:00,17.4,2002-10-06 05:58:00+00:00,15.0,,,4.0,,0.6,205.2,1408,935,128.32,35.55
2002-10-06,15.3,11.8,2002-10-06 14:58:00+00:00,17.7,2002-10-06 06:12:00+00:00,13.0,,,5.0,,0.7,105.8,1429,936,128.2833,35.3167
2002-10-06,13.5,10.0,2002-10-06 14:34:00+00:00,16.4,2002-10-06 04:17:00+00:00,12.5,,,6.6,,0.6,2.7,1426,847,128.4665,36.2763
2002-10-06,,,,,,13.5,,,,,,,980,909,128.73,34.78
2002-10-06,18.0,16.2,2002-10-06 14:11:00+00:00,21.7,2002-10-05 22:09:00+00:00,23.0,,,14.7,,1.5,216.7,1416,937,129.1669,35.1604
2002-10-06,18.5,15.9,2002-10-06 12:39:00+00:00,22.7,2002-10-05 15:01:00+00:00,22.0,,,12.7,,1.4,216.3,1414,938,129.05,35.1333
2002-10-06,17.3,14.6,2002-10-06 14:57:00+00:00,20.9,2002-10-05 15:01:00+00:00,26.5,,,10.9,,1.2,210.5,1419,939,129.0831,35.2289
2002-10-06,16.5,13.5,2002-10-06 11:56:00+00:00,20.9,2002-10-05 20:17:00+00:00,32.0,,,10.2,,0.8,314.3,1416,941,129.0065,35.1926
2002-10-06,17.9,15.4,2002-10-06 13:46:00+00:00,22.1,2002-10-05 22:00:00+00:00,22.5,,,12.4,,0.9,178.4,1420,942,129.1051,35.1304
2002-10-06,18.4,16.0,2002-10-06 14:22:00+00:00,21.6,2002-10-05 15:07:00+00:00,24.0,,,8.0,,2.1,4.9,1426,943,129.3519,35.5076
2002-10-06,14.5,11.4,2002-10-06 14:32:00+00:00,16.1,2002-10-06 04:39:00+00:00,35.0,,,5.5,,0.7,312.3,1431,945,127.99,35.5345
2002-10-06,12.7,8.8,2002-10-06 14:04:00+00:00,16.0,2002-10-06 04:03:00+00:00,9.5,,,7.0,,0.4,297.5,1436,946,127.8193,35.7773
2002-10-06,,,,,,14.5,,,,,,,969,947,128.6036,34.7257
2002-10-06,,,,,,17.0,,,,,,,1057,948,127.85,35.2833
2002-10-06,16.7,13.4,2002-10-06 14:32:00+00:00,19.6,2002-10-05 22:57:00+00:00,26.0,,,9.4,,2.0,237.3,1440,949,129.45,35.5833
2002-10-06,13.9,9.7,2002-10-06 12:25:00+00:00,19.6,2002-10-05 15:01:00+00:00,11.0,,,7.2,,0.4,271.7,1439,951,126.9,35.4667
2002-10-06,19.0,,,,,6.5,,,,,,,1127,306,127.8008,34.9525
2002-10-06,17.4,15.4,2002-10-06 00:06:00+00:00,21.3,2002-10-06 06:24:00+00:00,7.0,,,8.8,,2.0,264.2,1420,408,127.0501,37.5772
2002-10-06,17.0,14.0,2002-10-05 15:00:00+00:00,21.7,2002-10-06 05:50:00+00:00,12.5,,,10.3,,1.6,309.9,1431,500,126.4116,37.6287
2002-10-06,13.1,7.3,2002-10-06 14:57:00+00:00,19.4,2002-10-06 06:36:00+00:00,10.0,,,5.6,,0.8,261.1,1438,505,127.35,37.82
2002-10-06,16.1,11.5,2002-10-06 13:57:00+00:00,21.0,2002-10-06 06:03:00+00:00,8.5,,,7.5,,1.5,248.3,1425,506,126.779,37.7584
2002-10-06,14.9,,,,,7.0,,,,,,,1047,507,127.1891,37.9917
2002-10-06,16.0,11.8,2002-10-06 14:08:00+00:00,20.9,2002-10-06 05:19:00+00:00,8.0,,,8.2,,1.5,260.4,1424,509,126.9507,37.4562
2002-10-06,17.7,15.4,2002-10-06 14:55:00+00:00,21.2,2002-10-06 05:15:00+00:00,5.5,,,8.5,,2.1,246.0,1411,510,126.908,37.5262
2002-10-06,16.6,11.9,2002-10-06 13:50:00+00:00,22.5,2002-10-06 05:47:00+00:00,6.0,,,8.7,,1.5,286.3,1438,511,126.6833,37.55
2002-10-06,17.5,13.8,2002-10-06 14:50:00+00:00,22.0,2002-10-06 06:17:00+00:00,7.5,,,10.3,,1.5,352.9,1408,512,126.6621,37.3968
2002-10-06,16.6,14.4,2002-10-05 19:32:00+00:00,20.1,2002-10-06 04:10:00+00:00,4.5,,,12.2,,3.3,255.8,1418,513,126.1468,37.2331
2002-10-06,16.6,12.7,2002-10-06 11:15:00+00:00,20.0,2002-10-06 04:55:00+00:00,8.0,,,10.7,,2.1,30.7,1423,514,126.5806,37.2455
2002-10-06,16.1,13.0,2002-10-06 12:18:00+00:00,21.9,2002-10-06 06:51:00+00:00,5.5,,,4.6,,0.9,208.7,1440,515,126.8128,37.0952
2002-10-06,15.9,14.2,2002-10-06 14:47:00+00:00,18.8,2002-10-06 07:45:00+00:00,18.0,,,3.4,,0.3,202.0,1424,516,127.2651,37.013
2002-10-06,16.0,10.6,2002-10-06 14:57:00+00:00,20.1,2002-10-05 15:03:00+00:00,1.5,,,5.6,,1.2,270.5,1408,517,128.43,38.38
2002-10-06,13.1,9.8,2002-10-06 14:42:00+00:00,15.0,2002-10-06 05:06:00+00:00,29.5,,,7.2,,1.8,208.3,1429,518,128.1397,38.2847
2002-10-06,11.7,6.3,2002-10-06 14:54:00+00:00,17.0,2002-10-06 06:45:00+00:00,11.5,,,5.7,,1.2,322.4,1427,519,127.5235,38.0702
2002-10-06,15.7,13.5,2002-10-05 15:00:00+00:00,18.1,2002-10-05 20:36:00+00:00,0.0,,,7.6,,1.1,218.2,1422,520,128.4933,38.1721
2002-10-06,16.2,11.8,2002-10-06 14:11:00+00:00,20.2,2002-10-05 19:20:00+00:00,0.0,,,10.7,,2.0,207.2,1428,521,128.6026,38.1438
2002-10-06,12.8,9.5,2002-10-06 13:59:00+00:00,15.0,2002-10-06 06:16:00+00:00,13.0,,,4.0,,1.1,281.9,1423,522,128.0184,37.8675
2002-10-06,18.4,16.0,2002-10-06 11:06:00+00:00,20.9,2002-10-06 01:06:00+00:00,0.0,,,11.7,,2.0,183.1,1423,523,128.83,37.9
2002-10-06,17.4,11.1,2002-10-06 14:40:00+00:00,21.7,2002-10-05 16:07:00+00:00,0.5,,,11.6,,2.5,255.2,1424,524,128.9045,37.8047
2002-10-06,11.4,10.3,2002-10-06 09:43:00+00:00,13.5,2002-10-05 19:16:00+00:00,13.5,,,7.0,,1.7,12.9,1437,525,128.3797,37.6161
2002-10-06,,,,,,3.5,,,,,,,812,526,128.3946,37.3779
2002-10-06,13.9,11.5,2002-10-06 13:53:00+00:00,17.2,2002-10-05 17:39:00+00:00,4.5,,,12.1,,2.4,244.9,1275,527,128.6645,37.4299
2002-10-06,17.0,15.7,2002-10-06 14:51:00+00:00,20.0,2002-10-06 04:26:00+00:00,0.0,,,10.4,,3.2,339.4,1421,528,124.7187,37.9743
2002-10-06,16.6,12.8,2002-10-06 14:59:00+00:00,21.0,2002-10-05 15:03:00+00:00,2.5,,,8.1,,2.1,157.8,1423,529,129.3434,37.2325
2002-10-06,18.8,15.9,2002-10-06 11:01:00+00:00,22.2,2002-10-06 01:18:00+00:00,0.0,,,26.6,,5.1,232.5,1418,530,130.7977,37.5184
2002-10-06,13.8,7.9,2002-10-06 14:49:00+00:00,19.6,2002-10-06 06:46:00+00:00,15.5,,,4.5,,0.8,200.1,1435,531,127.5502,37.8856
2002-10-06,15.3,12.2,2002-10-05 15:00:00+00:00,19.8,2002-10-06 06:15:00+00:00,8.0,,,5.6,,1.3,248.8,1412,532,127.0352,37.7355
2002-10-06,15.7,10.4,2002-10-06 14:36:00+00:00,20.6,2002-10-06 07:13:00+00:00,13.0,,,4.8,,1.1,67.9,1430,533,127.3333,37.55
2002-10-06,14.6,13.2,2002-10-06 01:47:00+00:00,16.0,2002-10-06 06:39:00+00:00,18.5,,,6.7,,1.9,216.8,1422,534,127.6171,37.1147
2002-10-06,12.4,8.5,2002-10-06 14:42:00+00:00,14.6,2002-10-05 19:23:00+00:00,17.0,,,11.3,,1.1,316.1,1431,535,128.1867,37.7116
2002-10-06,14.0,11.1,2002-10-06 14:52:00+00:00,16.2,2002-10-06 06:51:00+00:00,19.5,,,2.5,,0.3,206.0,1434,536,127.88,37.47
2002-10-06,13.3,10.7,2002-10-06 14:58:00+00:00,15.8,2002-10-05 18:26:00+00:00,2.5,,,6.3,,1.8,212.4,1413,537,128.852,37.4949
2002-10-06,14.7,8.0,2002-10-06 14:49:00+00:00,20.5,2002-10-06 05:35:00+00:00,8.5,,,6.0,,1.4,209.7,1427,538,127.103,38.1725
2002-10-06,13.0,,,,,10.5,,,,,0.2,,1136,539,127.3667,38.0333
2002-10-06,15.9,11.9,2002-10-06 14:35:00+00:00,20.9,2002-10-06 06:23:00+00:00,3.5,,,6.1,,1.2,282.3,1152,540,126.8774,37.6413
2002-10-06,14.7,8.3,2002-10-06 14:56:00+00:00,20.4,2002-10-06 06:37:00+00:00,9.0,,,5.3,,1.2,294.1,1424,541,127.18,37.65
2002-10-06,14.5,8.9,2002-10-06 14:59:00+00:00,20.4,2002-10-06 07:03:00+00:00,16.0,,,3.9,,0.6,280.4,1440,542,127.3802,37.6841
2002-10-06,15.4,13.5,2002-10-06 14:19:00+00:00,18.7,2002-10-06 07:39:00+00:00,12.0,,,6.5,,1.1,40.2,1420,551,127.07,37.0
2002-10-06,14.1,7.9,2002-10-06 14:58:00+00:00,20.2,2002-10-06 07:03:00+00:00,14.0,,,4.4,,0.9,235.2,1434,555,127.73,38.12
2002-10-06,16.5,11.7,2002-10-06 14:47:00+00:00,20.9,2002-10-06 01:09:00+00:00,0.0,,,9.7,,2.3,220.8,1420,580,129.0378,37.6126
