dt,ta,tn,tn_at,tx,tx_at,rn,rx_1hr,rx_1hr_at,wx,wx_at,wa,wd_wx,nmin,code,x,y
2003-07-27,22.7,20.4,2003-07-26 23:25:00+00:00,24.6,2003-07-27 05:56:00+00:00,18.0,,,5.3,,0.8,45.5,1432,611,127.27,36.57
2003-07-27,20.9,18.6,2003-07-26 22:05:00+00:00,23.3,2003-07-27 05:01:00+00:00,28.0,,,3.8,,1.0,128.4,1416,680,127.8458,38.21
2003-07-27,19.8,,,,,,,,,,,,144,681,127.8139,38.2414
2003-07-27,14.8,,,,,,,,,,,,142,682,127.8647,38.2806
2003-07-27,22.8,20.5,2003-07-27 00:02:00+00:00,25.8,2003-07-27 05:39:00+00:00,1.5,,,7.1,,1.0,40.5,1431,691,126.8878,36.3539
2003-07-27,21.1,19.8,2003-07-26 22:19:00+00:00,22.8,2003-07-26 15:01:00+00:00,58.0,,,3.2,,0.0,9.3,1414,692,126.9178,38.0264
2003-07-27,20.5,18.2,2003-07-26 22:07:00+00:00,23.9,2003-07-27 05:08:00+00:00,2.0,,,5.8,,0.5,136.3,1344,693,127.8909,36.6945
2003-07-27,18.2,,,,,,,,,,,,143,694,126.6094,36.7044
2003-07-27,15.1,14.0,2003-07-26 18:58:00+00:00,16.1,2003-07-27 05:15:00+00:00,23.5,,,7.0,,3.1,132.1,1377,695,127.4167,38.1083
2003-07-27,20.2,18.0,2003-07-26 18:45:00+00:00,24.5,2003-07-27 05:22:00+00:00,1.0,,,4.0,,0.6,324.2,1413,696,129.085,37.3464
2003-07-27,24.9,22.9,2003-07-26 18:30:00+00:00,29.2,2003-07-27 06:30:00+00:00,0.0,,,5.9,,2.4,199.2,1407,698,126.2851,35.0938
2003-07-27,24.4,21.8,2003-07-26 21:09:00+00:00,28.8,2003-07-27 06:37:00+00:00,0.0,,,7.3,,1.4,176.4,1433,699,126.4833,35.01
2003-07-27,22.9,22.0,2003-07-27 04:34:00+00:00,25.1,2003-07-27 07:08:00+00:00,0.0,,,7.9,,3.0,230.4,1433,700,125.9682,36.1251
2003-07-27,22.2,19.8,2003-07-26 16:28:00+00:00,27.2,2003-07-27 04:29:00+00:00,0.5,,,5.4,,1.1,39.1,1424,701,127.6719,36.004
2003-07-27,24.5,22.1,2003-07-26 21:48:00+00:00,29.6,2003-07-27 06:07:00+00:00,1.0,,,4.8,,1.1,229.9,1408,702,126.9943,35.9385
2003-07-27,21.7,18.7,2003-07-27 14:55:00+00:00,25.7,2003-07-27 04:31:00+00:00,2.0,,,5.1,,1.1,70.2,1412,703,127.3783,35.7702
2003-07-27,23.6,22.3,2003-07-26 17:39:00+00:00,25.8,2003-07-27 02:47:00+00:00,1.5,,,5.6,,1.7,185.0,1435,704,126.463,35.6351
2003-07-27,24.3,22.0,2003-07-26 18:32:00+00:00,27.9,2003-07-27 06:50:00+00:00,0.0,,,4.3,,0.9,240.9,1398,706,126.9731,35.3114
2003-07-27,24.3,22.3,2003-07-26 20:35:00+00:00,28.3,2003-07-27 06:24:00+00:00,0.0,,,6.6,,2.7,154.1,1433,707,126.2076,35.0612
2003-07-27,25.8,22.8,2003-07-26 21:29:00+00:00,30.8,2003-07-27 05:27:00+00:00,0.0,,,6.3,,2.0,137.6,1427,708,126.7333,35.1167
2003-07-27,25.5,22.4,2003-07-26 20:37:00+00:00,30.0,2003-07-27 06:23:00+00:00,0.0,,,4.1,,1.1,198.0,1426,709,127.4333,35.1833
2003-07-27,25.3,22.5,2003-07-26 21:16:00+00:00,29.9,2003-07-27 07:28:00+00:00,0.0,,,5.0,,0.7,72.5,1428,710,126.7167,35.0167
2003-07-27,23.7,20.9,2003-07-27 13:57:00+00:00,27.6,2003-07-27 07:25:00+00:00,0.0,,,6.5,,2.3,163.7,1423,711,126.9886,34.8879
2003-07-27,24.1,21.6,2003-07-26 20:19:00+00:00,27.3,2003-07-27 06:21:00+00:00,0.0,,,7.9,,2.2,123.1,1422,712,127.4875,34.9506
2003-07-27,22.8,20.4,2003-07-26 20:08:00+00:00,26.0,2003-07-27 03:57:00+00:00,0.0,,,7.0,,2.1,108.8,1424,713,127.5829,34.976
2003-07-27,23.3,21.3,2003-07-26 21:00:00+00:00,26.3,2003-07-27 06:32:00+00:00,0.0,,,9.0,,3.3,143.1,1373,714,126.0474,34.8845
2003-07-27,24.5,21.7,2003-07-27 14:24:00+00:00,28.3,2003-07-27 02:56:00+00:00,0.0,,,7.3,,1.8,130.5,1396,715,126.2687,34.4795
2003-07-27,24.1,21.5,2003-07-26 19:09:00+00:00,27.7,2003-07-27 06:00:00+00:00,0.0,,,6.5,,1.7,129.3,1411,716,126.0366,34.6069
2003-07-27,22.8,21.0,2003-07-26 20:44:00+00:00,25.6,2003-07-27 04:53:00+00:00,0.0,,,9.0,,3.2,195.4,1431,717,126.1902,34.4064
2003-07-27,22.4,20.7,2003-07-26 18:44:00+00:00,25.2,2003-07-27 04:28:00+00:00,0.0,,,10.1,,4.6,154.9,1434,718,126.0473,34.2966
2003-07-27,23.9,22.4,2003-07-26 17:39:00+00:00,28.9,2003-07-27 01:57:00+00:00,0.0,,,5.8,,1.2,251.3,1422,719,126.4,35.82
2003-07-27,25.4,22.6,2003-07-26 20:23:00+00:00,30.1,2003-07-27 06:33:00+00:00,0.0,,,5.4,,1.2,230.4,1422,783,126.81,35.19
2003-07-27,23.9,21.7,2003-07-26 21:12:00+00:00,27.6,2003-07-27 06:06:00+00:00,1.0,,,4.2,,1.0,226.9,1419,736,126.75,35.87
2003-07-27,24.2,21.4,2003-07-26 20:52:00+00:00,28.2,2003-07-27 04:05:00+00:00,0.0,,,5.1,,0.6,143.2,1431,748,127.35,34.83
2003-07-27,24.2,22.2,2003-07-26 20:36:00+00:00,28.9,2003-07-27 05:29:00+00:00,0.0,,,5.5,,1.8,213.9,1420,769,126.3729,35.2159
2003-07-27,23.8,20.2,2003-07-26 20:46:00+00:00,28.3,2003-07-27 06:26:00+00:00,0.0,,,7.0,,1.6,187.7,1414,770,126.83,34.93
2003-07-27,24.7,21.6,2003-07-26 20:48:00+00:00,28.5,2003-07-27 04:14:00+00:00,0.0,,,8.3,,3.7,158.5,1406,771,126.12,34.75
2003-07-27,24.0,21.5,2003-07-26 18:44:00+00:00,27.1,2003-07-27 04:31:00+00:00,0.0,,,9.5,,4.0,76.7,1423,772,126.3454,34.4858
2003-07-27,24.9,21.6,2003-07-27 13:37:00+00:00,29.2,2003-07-27 06:43:00+00:00,0.0,,,7.5,,2.2,89.5,1378,773,126.5718,34.6993
2003-07-27,24.6,22.1,2003-07-26 15:00:00+00:00,28.4,2003-07-27 06:04:00+00:00,0.0,,,5.5,,1.5,133.4,1426,774,126.5021,34.9308
2003-07-27,24.9,22.4,2003-07-26 21:11:00+00:00,28.6,2003-07-27 06:27:00+00:00,0.0,,,6.3,,2.1,143.0,1408,775,126.6322,35.1801
2003-07-27,22.2,18.9,2003-07-26 21:20:00+00:00,25.2,2003-07-27 03:58:00+00:00,0.0,,,11.0,,4.2,134.6,1418,776,126.5534,34.4602
2003-07-27,24.6,22.2,2003-07-26 20:56:00+00:00,28.4,2003-07-27 07:03:00+00:00,0.0,,,7.0,,1.8,152.7,1391,777,126.8883,34.4994
2003-07-27,23.8,20.8,2003-07-27 14:56:00+00:00,27.9,2003-07-27 07:14:00+00:00,0.0,,,6.8,,1.8,105.7,1413,778,126.88,34.78
2003-07-27,25.7,22.2,2003-07-26 19:46:00+00:00,31.0,2003-07-27 05:50:00+00:00,0.0,,,8.5,,1.7,63.6,1391,779,126.2673,33.4105
2003-07-27,23.5,21.4,2003-07-26 18:38:00+00:00,26.5,2003-07-27 04:54:00+00:00,0.0,,,9.0,,3.2,97.6,1429,780,126.7208,33.28
2003-07-27,24.7,22.3,2003-07-26 19:51:00+00:00,27.3,2003-07-27 04:33:00+00:00,0.0,,,9.3,,4.0,66.6,1432,781,126.8519,33.5226
2003-07-27,18.9,16.5,2003-07-26 16:08:00+00:00,22.5,2003-07-27 03:05:00+00:00,0.0,,,8.4,,1.4,188.0,1396,782,126.6194,33.3845
2003-07-27,24.9,22.3,2003-07-26 20:47:00+00:00,29.3,2003-07-27 05:41:00+00:00,0.0,,,7.0,,2.5,315.7,1410,784,126.6071,34.8686
2003-07-27,23.8,21.3,2003-07-26 20:49:00+00:00,27.4,2003-07-27 04:28:00+00:00,0.0,,,8.3,,2.4,150.6,1413,785,126.6761,34.4642
2003-07-27,23.6,20.9,2003-07-26 19:04:00+00:00,27.6,2003-07-27 04:54:00+00:00,0.0,,,9.6,,1.5,57.8,1421,786,127.72,34.62
2003-07-27,21.8,20.3,2003-07-26 18:26:00+00:00,24.2,2003-07-27 05:07:00+00:00,0.0,,,14.0,,6.9,74.6,1396,787,127.3306,34.445
2003-07-27,24.5,22.3,2003-07-26 21:16:00+00:00,28.2,2003-07-27 06:18:00+00:00,0.0,,,7.0,,3.2,192.2,1405,789,126.3167,34.8833
2003-07-27,22.3,21.0,2003-07-26 18:20:00+00:00,24.7,2003-07-27 04:19:00+00:00,0.0,,,14.8,,7.2,85.0,1405,790,127.49,34.4143
2003-07-27,20.7,19.0,2003-07-26 21:16:00+00:00,23.6,2003-07-27 05:23:00+00:00,0.0,,,2.8,,0.2,209.2,1404,791,127.5833,35.2667
2003-07-27,23.2,20.9,2003-07-26 18:45:00+00:00,25.7,2003-07-27 05:14:00+00:00,0.0,,,8.7,,2.7,73.2,1436,792,126.7667,33.35
2003-07-27,24.2,22.4,2003-07-26 21:47:00+00:00,26.3,2003-07-27 04:30:00+00:00,0.0,,,10.8,,4.0,109.7,1424,793,126.25,33.2167
2003-07-27,24.4,21.0,2003-07-26 20:11:00+00:00,28.8,2003-07-27 05:42:00+00:00,0.0,,,6.0,,1.1,215.1,1436,794,127.4333,35.1
2003-07-27,23.3,20.4,2003-07-26 20:45:00+00:00,27.6,2003-07-27 05:50:00+00:00,0.0,,,6.8,,1.0,72.6,1414,795,127.3667,34.9833
2003-07-27,23.2,21.3,2003-07-26 18:40:00+00:00,26.0,2003-07-27 04:26:00+00:00,0.0,,,10.2,,4.0,132.8,1434,796,127.25,34.2333
2003-07-27,23.6,21.7,2003-07-26 19:29:00+00:00,26.6,2003-07-27 04:51:00+00:00,0.0,,,11.7,,3.7,139.1,1433,797,125.3,34.3833
2003-07-27,23.1,22.0,2003-07-26 19:36:00+00:00,24.9,2003-07-27 05:53:00+00:00,0.0,,,15.2,,8.8,160.1,1433,798,125.1833,34.6667
2003-07-27,24.4,22.8,2003-07-26 21:00:00+00:00,28.5,2003-07-27 06:15:00+00:00,0.0,,,6.4,,2.9,152.3,1436,799,126.1333,35.2
2003-07-27,21.1,19.6,2003-07-26 17:35:00+00:00,23.2,2003-07-27 05:08:00+00:00,0.0,,,8.1,,2.8,22.4,1430,800,129.4622,36.6809
2003-07-27,19.2,16.3,2003-07-26 19:51:00+00:00,23.9,2003-07-27 04:44:00+00:00,0.0,,,5.1,,1.1,129.1,1422,801,129.07,36.7
2003-07-27,20.5,17.8,2003-07-26 19:36:00+00:00,24.0,2003-07-27 05:39:00+00:00,0.5,,,2.6,,0.1,71.4,1435,802,129.3455,36.7241
2003-07-27,22.9,20.5,2003-07-26 20:36:00+00:00,26.9,2003-07-27 07:48:00+00:00,0.0,,,4.2,,1.0,89.6,1414,822,128.13,36.13
2003-07-27,20.7,19.1,2003-07-27 12:55:00+00:00,23.6,2003-07-27 03:45:00+00:00,0.0,,,6.5,,1.7,35.2,1431,829,129.3271,35.7176
2003-07-27,21.3,20.0,2003-07-26 19:02:00+00:00,23.0,2003-07-27 04:42:00+00:00,0.0,,,8.1,,3.6,51.0,1431,924,129.3603,35.3587
2003-07-27,18.2,17.0,2003-07-26 23:40:00+00:00,21.3,2003-07-26 15:03:00+00:00,38.0,,,10.5,,3.9,1.6,1414,116,126.967,37.4433
2003-07-27,22.2,19.6,2003-07-27 01:17:00+00:00,26.0,2003-07-27 05:08:00+00:00,10.0,,,6.6,,1.8,313.5,1432,144,126.7834,36.0123
2003-07-27,18.7,16.7,2003-07-26 18:16:00+00:00,22.9,2003-07-27 03:41:00+00:00,0.0,,,13.1,,5.2,58.7,1418,160,129.0,35.1188
2003-07-27,24.0,22.9,2003-07-26 17:33:00+00:00,26.5,2003-07-27 04:48:00+00:00,0.0,,,6.0,,1.4,239.0,1226,300,126.3167,35.85
2003-07-27,23.3,21.4,2003-07-27 11:36:00+00:00,26.7,2003-07-27 05:35:00+00:00,0.0,,,8.2,,2.0,76.0,1216,301,126.0167,35.3333
2003-07-27,23.3,20.9,2003-07-26 16:54:00+00:00,27.1,2003-07-27 02:33:00+00:00,0.0,,,6.9,,2.1,155.0,1237,302,126.1491,34.6432
2003-07-27,23.2,22.1,2003-07-26 17:38:00+00:00,25.3,2003-07-27 03:43:00+00:00,0.0,,,9.0,,2.0,93.0,1274,303,125.1167,34.0667
2003-07-27,24.0,23.3,2003-07-26 19:34:00+00:00,24.6,2003-07-27 13:00:00+00:00,0.0,,,13.4,,7.2,116.0,1282,304,126.655,34.1678
2003-07-27,18.3,,,,,,,,,,,,144,859,129.3658,35.7613
2003-07-27,22.6,,,,,0.0,,,,,,,1132,305,126.9167,33.9
2003-07-27,22.6,,,,,0.0,,,,,,,1148,306,127.8008,34.9525
2003-07-27,21.8,20.2,2003-07-26 19:07:00+00:00,24.2,2003-07-27 04:53:00+00:00,0.0,,,10.2,,3.9,74.0,1171,307,127.4496,34.2437
2003-07-27,17.9,16.1,2003-07-26 20:49:00+00:00,21.2,2003-07-27 07:08:00+00:00,0.5,,,3.6,,0.4,7.5,1436,311,128.0867,35.7892
2003-07-27,21.9,19.3,2003-07-26 20:51:00+00:00,25.6,2003-07-27 06:00:00+00:00,0.0,,,6.1,,1.2,35.5,1436,312,129.1418,36.3908
2003-07-27,21.0,17.8,2003-07-26 19:22:00+00:00,23.8,2003-07-27 03:25:00+00:00,0.0,,,11.5,,5.4,63.5,1436,313,128.7514,34.8934
2003-07-27,17.8,11.4,2003-07-26 15:48:00+00:00,23.2,2003-07-27 03:04:00+00:00,0.0,,,8.4,,1.8,87.6,1434,315,127.5108,35.3067
2003-07-27,18.5,16.9,2003-07-27 13:13:00+00:00,21.7,2003-07-27 06:54:00+00:00,0.0,,,10.9,,4.6,85.5,1436,316,126.9974,35.1144
2003-07-27,25.7,22.6,2003-07-26 21:14:00+00:00,31.0,2003-07-27 06:05:00+00:00,2.5,,,3.3,,0.4,20.0,1423,317,127.0454,35.7189
2003-07-27,15.7,14.0,2003-07-26 19:34:00+00:00,18.9,2003-07-27 04:53:00+00:00,2.5,,,5.8,,1.6,76.8,1437,318,128.6794,37.6437
2003-07-27,22.2,20.5,2003-07-27 00:38:00+00:00,24.5,2003-07-27 06:15:00+00:00,0.5,,,6.5,,1.4,12.7,1435,319,130.8746,37.5408
2003-07-27,12.7,11.9,2003-07-26 15:27:00+00:00,14.7,2003-07-27 14:39:00+00:00,11.5,,,22.3,,4.7,84.7,1409,320,128.3208,38.325
2003-07-27,19.7,17.4,2003-07-26 19:35:00+00:00,23.2,2003-07-27 05:21:00+00:00,7.0,,,6.4,,1.4,26.8,1436,321,128.1963,38.1147
2003-07-27,19.4,17.4,2003-07-26 20:40:00+00:00,21.6,2003-07-27 07:17:00+00:00,37.0,,,2.5,,0.3,25.3,1436,322,127.6698,38.2155
2003-07-27,19.1,17.3,2003-07-26 20:03:00+00:00,21.2,2003-07-27 04:13:00+00:00,26.0,,,9.0,,1.8,339.1,1435,323,127.5542,38.2728
2003-07-27,22.1,19.0,2003-07-26 21:32:00+00:00,25.8,2003-07-27 05:00:00+00:00,4.5,,,6.9,,2.1,205.8,1431,324,128.0667,36.8667
2003-07-27,20.8,18.6,2003-07-26 22:05:00+00:00,24.2,2003-07-27 04:23:00+00:00,14.5,,,5.9,,0.8,305.1,1433,326,127.583,37.5453
2003-07-27,22.2,20.0,2003-07-26 23:46:00+00:00,25.2,2003-07-27 05:47:00+00:00,6.5,,,5.2,,0.7,107.7,1275,327,127.512,36.6503
2003-07-27,24.3,20.8,2003-07-26 19:54:00+00:00,27.5,2003-07-27 02:02:00+00:00,0.0,,,10.1,,2.5,136.1,1432,328,126.4061,33.2495
2003-07-27,23.0,19.6,2003-07-26 20:51:00+00:00,29.8,2003-07-27 06:23:00+00:00,0.0,,,10.6,,2.7,78.7,1436,329,126.5439,33.4238
2003-07-27,22.4,20.2,2003-07-26 20:11:00+00:00,26.0,2003-07-27 04:09:00+00:00,0.0,,,10.2,,2.4,144.4,1436,330,126.4616,33.2886
2003-07-27,21.7,20.0,2003-07-26 22:30:00+00:00,25.4,2003-07-26 15:02:00+00:00,38.0,,,5.3,,1.3,157.2,1414,400,127.0485,37.5094
2003-07-27,23.0,20.9,2003-07-26 22:55:00+00:00,26.8,2003-07-26 15:08:00+00:00,34.5,,,5.0,,1.0,61.8,1421,401,127.02,37.48
2003-07-27,24.0,21.4,2003-07-26 22:31:00+00:00,27.6,2003-07-26 15:16:00+00:00,31.0,,,4.7,,1.2,55.7,1413,402,127.1484,37.5519
2003-07-27,18.3,,,,,,,,,,,,143,871,126.5167,33.3667
2003-07-27,24.3,21.6,2003-07-26 22:33:00+00:00,27.7,2003-07-26 15:14:00+00:00,27.5,,,6.4,,1.5,71.5,1422,403,127.1004,37.5082
2003-07-27,21.5,20.0,2003-07-26 22:50:00+00:00,25.5,2003-07-26 15:01:00+00:00,44.5,,,9.3,,3.6,103.6,1422,404,126.85,37.55
2003-07-27,21.5,19.9,2003-07-26 22:14:00+00:00,25.0,2003-07-26 16:20:00+00:00,37.0,,,3.8,,0.6,136.5,1420,406,127.0352,37.6633
2003-07-27,21.5,19.5,2003-07-26 23:32:00+00:00,24.9,2003-07-26 15:05:00+00:00,42.0,,,6.5,,1.1,78.7,1426,407,127.0894,37.6194
2003-07-27,22.2,20.2,2003-07-26 22:18:00+00:00,25.3,2003-07-26 15:01:00+00:00,20.5,,,6.7,,2.1,92.2,1420,408,127.0501,37.5772
2003-07-27,21.8,19.8,2003-07-26 22:38:00+00:00,25.0,2003-07-26 15:16:00+00:00,30.5,,,6.1,,2.0,126.7,1421,409,127.0889,37.5835
2003-07-27,21.2,19.5,2003-07-26 22:45:00+00:00,25.0,2003-07-26 15:01:00+00:00,43.0,,,7.0,,0.3,88.5,1437,410,126.9228,37.4935
2003-07-27,22.4,20.7,2003-07-26 22:25:00+00:00,26.4,2003-07-26 15:01:00+00:00,37.5,,,8.2,,2.4,87.4,1423,411,126.9342,37.5431
2003-07-27,20.8,19.1,2003-07-26 23:29:00+00:00,24.7,2003-07-26 15:02:00+00:00,33.0,,,9.5,,2.1,94.7,1405,412,126.9466,37.5676
2003-07-27,21.7,19.7,2003-07-26 22:40:00+00:00,24.8,2003-07-26 15:01:00+00:00,25.5,,,7.6,,2.4,75.7,1428,413,127.0791,37.5379
2003-07-27,21.2,19.6,2003-07-26 23:36:00+00:00,25.0,2003-07-26 15:01:00+00:00,29.5,,,5.2,,1.8,9.8,1424,414,126.9993,37.6105
2003-07-27,22.1,20.2,2003-07-26 22:28:00+00:00,25.8,2003-07-26 15:01:00+00:00,40.5,,,8.0,,2.1,62.7,1415,415,126.9775,37.5168
2003-07-27,21.7,20.1,2003-07-27 00:02:00+00:00,25.4,2003-07-26 15:01:00+00:00,41.0,,,11.2,,3.8,96.6,1417,416,126.9357,37.6084
2003-07-27,21.4,19.8,2003-07-27 00:24:00+00:00,25.3,2003-07-26 15:01:00+00:00,38.5,,,7.5,,1.9,56.0,1422,417,126.88,37.48
2003-07-27,22.3,20.5,2003-07-26 23:30:00+00:00,25.8,2003-07-26 15:05:00+00:00,32.0,,,8.1,,3.0,59.6,1418,418,126.9394,37.5213
2003-07-27,20.2,18.6,2003-07-26 22:33:00+00:00,23.8,2003-07-26 15:04:00+00:00,40.0,,,11.3,,3.2,274.0,1425,419,126.9864,37.5535
2003-07-27,18.3,17.3,2003-07-26 21:52:00+00:00,21.4,2003-07-26 15:01:00+00:00,33.5,,,10.7,,3.6,99.4,1419,420,126.9565,37.6155
2003-07-27,22.1,20.1,2003-07-26 23:01:00+00:00,25.6,2003-07-26 15:12:00+00:00,34.5,,,6.1,,1.9,55.2,1417,421,127.0406,37.545
2003-07-27,22.0,20.4,2003-07-27 00:51:00+00:00,25.5,2003-07-26 15:17:00+00:00,27.5,,,7.3,,2.0,104.3,1436,423,126.8333,37.4833
2003-07-27,22.8,20.5,2003-07-27 00:20:00+00:00,26.4,2003-07-26 15:01:00+00:00,31.5,,,3.8,,0.9,49.2,1412,424,127.0017,37.6333
2003-07-27,15.7,14.5,2003-07-26 18:03:00+00:00,19.5,2003-07-27 04:08:00+00:00,2.0,,,4.5,,0.3,36.4,1433,497,128.8515,37.5752
2003-07-27,14.0,13.1,2003-07-26 19:52:00+00:00,15.0,2003-07-27 03:47:00+00:00,5.0,,,4.1,,1.4,51.6,1433,498,128.5145,37.8793
2003-07-27,20.0,,,,,29.5,,,,,,,1121,499,127.0213,38.1331
2003-07-27,22.2,21.2,2003-07-26 22:41:00+00:00,24.8,2003-07-26 15:44:00+00:00,21.0,,,6.1,,1.5,266.2,1422,500,126.4116,37.6287
2003-07-27,22.7,21.7,2003-07-27 10:13:00+00:00,24.1,2003-07-26 15:16:00+00:00,1.0,,,7.5,,2.9,137.0,1423,501,125.7023,37.6644
2003-07-27,22.4,21.2,2003-07-26 21:23:00+00:00,24.5,2003-07-26 15:27:00+00:00,9.0,,,9.6,,2.4,55.8,1423,502,126.2829,37.7844
2003-07-27,19.8,19.0,2003-07-26 22:24:00+00:00,22.2,2003-07-26 15:01:00+00:00,48.0,,,8.3,,1.1,13.6,1433,503,126.6833,37.8833
2003-07-27,22.5,20.6,2003-07-26 21:49:00+00:00,25.1,2003-07-26 15:48:00+00:00,21.5,,,4.3,,0.8,97.7,1399,504,127.202,37.8915
2003-07-27,21.8,20.9,2003-07-27 02:43:00+00:00,23.6,2003-07-26 15:20:00+00:00,19.0,,,4.1,,0.7,88.7,1431,543,126.5496,37.499
2003-07-27,22.7,21.4,2003-07-26 23:44:00+00:00,25.1,2003-07-26 15:12:00+00:00,12.5,,,6.7,,2.0,96.2,1426,545,126.8387,37.2804
2003-07-27,21.8,20.0,2003-07-26 23:11:00+00:00,24.2,2003-07-26 15:03:00+00:00,24.5,,,5.4,,1.4,326.9,1414,546,127.2833,37.4
2003-07-27,22.0,19.1,2003-07-26 23:21:00+00:00,25.3,2003-07-27 06:28:00+00:00,22.5,,,2.8,,0.5,357.9,1420,547,127.7583,37.4171
2003-07-27,22.2,19.6,2003-07-26 23:24:00+00:00,25.9,2003-07-27 05:24:00+00:00,12.0,,,3.2,,0.6,141.4,1436,548,127.65,37.3
2003-07-27,21.4,19.5,2003-07-27 00:50:00+00:00,24.3,2003-07-26 15:13:00+00:00,27.5,,,4.2,,0.9,70.7,1412,549,127.2,37.25
2003-07-27,21.8,20.3,2003-07-26 23:19:00+00:00,24.8,2003-07-26 15:09:00+00:00,20.0,,,3.9,,0.6,140.9,1432,550,127.05,37.1833
2003-07-27,22.3,20.4,2003-07-26 22:08:00+00:00,25.1,2003-07-26 15:10:00+00:00,39.0,,,4.3,,1.7,100.2,1419,551,127.07,37.0
2003-07-27,19.4,17.8,2003-07-26 19:51:00+00:00,21.5,2003-07-27 05:47:00+00:00,28.0,,,5.6,,1.8,357.4,1420,552,127.42,38.25
2003-07-27,20.2,18.9,2003-07-26 21:22:00+00:00,22.3,2003-07-27 07:02:00+00:00,8.5,,,4.6,,0.9,17.6,1362,553,128.4287,38.5038
2003-07-27,14.8,13.9,2003-07-26 15:32:00+00:00,16.1,2003-07-27 04:29:00+00:00,10.0,,,6.4,,2.5,95.2,1408,554,128.4371,38.2144
2003-07-27,20.9,18.6,2003-07-26 21:50:00+00:00,24.0,2003-07-27 05:34:00+00:00,40.5,,,4.2,,0.5,91.4,1433,555,127.73,38.12
2003-07-27,20.3,18.1,2003-07-26 20:29:00+00:00,24.2,2003-07-27 05:01:00+00:00,13.5,,,3.1,,0.6,274.2,1428,556,127.9908,38.1056
2003-07-27,19.3,17.2,2003-07-26 20:33:00+00:00,22.1,2003-07-27 05:26:00+00:00,1.5,,,3.9,,0.4,103.1,1414,557,128.3209,37.9513
2003-07-27,21.5,19.0,2003-07-26 22:46:00+00:00,25.7,2003-07-27 06:04:00+00:00,13.0,,,3.2,,0.5,106.0,1336,558,127.7007,37.6861
2003-07-27,19.1,16.2,2003-07-26 20:44:00+00:00,24.2,2003-07-27 06:41:00+00:00,3.0,,,5.6,,1.4,14.3,1415,559,128.3898,37.7739
2003-07-27,18.7,16.1,2003-07-26 20:30:00+00:00,22.4,2003-07-27 02:51:00+00:00,1.0,,,6.2,,1.7,91.5,1426,560,128.5943,37.6701
2003-07-27,20.9,18.6,2003-07-26 20:59:00+00:00,24.5,2003-07-27 06:11:00+00:00,2.0,,,3.2,,0.5,315.8,1419,561,128.1555,37.5816
2003-07-27,21.7,19.0,2003-07-26 21:20:00+00:00,26.4,2003-07-27 07:20:00+00:00,1.5,,,2.4,,0.2,299.6,1423,562,128.269,37.2722
2003-07-27,20.2,17.0,2003-07-26 19:29:00+00:00,26.0,2003-07-27 06:02:00+00:00,0.5,,,4.4,,0.2,356.8,1422,563,128.7466,37.2647
2003-07-27,22.4,20.6,2003-07-27 02:13:00+00:00,25.5,2003-07-26 16:07:00+00:00,13.0,,,7.9,,2.4,7.7,1417,565,126.785,37.34
2003-07-27,17.9,16.5,2003-07-26 19:54:00+00:00,20.8,2003-07-27 04:22:00+00:00,3.0,,,2.2,,0.2,128.4,1432,566,128.7,37.82
2003-07-27,20.5,19.4,2003-07-26 21:55:00+00:00,22.6,2003-07-26 15:04:00+00:00,68.0,,,4.3,,0.4,20.8,1426,567,126.913,37.9483
2003-07-27,20.7,19.0,2003-07-26 19:58:00+00:00,23.7,2003-07-27 04:33:00+00:00,18.5,,,3.8,,0.8,41.1,1418,568,127.3179,37.9522
2003-07-27,21.5,19.4,2003-07-26 22:42:00+00:00,24.6,2003-07-26 15:01:00+00:00,40.5,,,6.3,,1.6,118.2,1416,569,127.1312,37.5994
2003-07-27,21.3,20.1,2003-07-27 02:33:00+00:00,24.0,2003-07-26 17:07:00+00:00,13.0,,,6.0,,1.2,17.0,1420,570,126.6472,37.6215
2003-07-27,22.2,20.3,2003-07-27 00:56:00+00:00,25.7,2003-07-26 15:06:00+00:00,34.5,,,6.0,,1.4,131.4,1429,572,127.1248,37.421
2003-07-27,22.0,19.1,2003-07-26 20:23:00+00:00,26.8,2003-07-27 06:06:00+00:00,13.0,,,4.0,,0.7,358.6,1415,574,127.5865,37.3751
2003-07-27,21.8,20.3,2003-07-26 23:05:00+00:00,24.9,2003-07-26 15:13:00+00:00,23.5,,,4.9,,0.8,30.6,1420,575,127.198,37.1399
2003-07-27,21.6,19.4,2003-07-26 22:59:00+00:00,24.1,2003-07-26 15:01:00+00:00,17.5,,,6.3,,1.5,161.6,1417,576,127.3755,37.1634
2003-07-27,22.2,21.0,2003-07-27 03:53:00+00:00,23.6,2003-07-26 15:09:00+00:00,15.5,,,7.5,,1.9,109.1,1410,577,126.3365,37.5341
2003-07-27,22.3,21.2,2003-07-27 03:54:00+00:00,23.8,2003-07-26 15:50:00+00:00,15.5,,,8.7,,2.0,110.4,1422,578,126.42,37.45
2003-07-27,18.0,16.0,2003-07-26 20:25:00+00:00,22.1,2003-07-27 05:09:00+00:00,0.0,,,5.3,,1.6,142.8,1419,579,128.9431,37.3495
2003-07-27,20.7,18.9,2003-07-26 19:24:00+00:00,23.2,2003-07-27 04:56:00+00:00,0.5,,,6.0,,1.3,25.8,1412,580,129.0378,37.6126
2003-07-27,20.3,18.1,2003-07-26 22:02:00+00:00,23.5,2003-07-27 05:55:00+00:00,3.0,,,5.0,,1.3,346.4,1421,583,128.1568,37.41
2003-07-27,20.0,17.6,2003-07-26 21:27:00+00:00,24.3,2003-07-27 06:12:00+00:00,0.5,,,6.0,,1.9,136.6,1431,584,128.7245,37.4711
2003-07-27,20.1,17.8,2003-07-26 21:12:00+00:00,22.8,2003-07-27 05:36:00+00:00,5.0,,,4.2,,0.9,347.7,1322,585,128.0834,37.966
2003-07-27,20.3,18.0,2003-07-26 20:34:00+00:00,23.7,2003-07-27 05:14:00+00:00,16.0,,,4.0,,0.2,172.6,1426,586,127.8858,37.9876
2003-07-27,19.6,17.5,2003-07-26 21:01:00+00:00,22.5,2003-07-27 06:44:00+00:00,14.5,,,2.8,,0.1,289.1,1418,587,127.9495,38.2091
2003-07-27,21.0,19.0,2003-07-26 20:56:00+00:00,24.9,2003-07-27 05:34:00+00:00,23.0,,,3.8,,0.4,50.1,1426,588,127.6429,37.7907
2003-07-27,19.1,17.9,2003-07-26 22:03:00+00:00,22.4,2003-07-26 16:19:00+00:00,22.0,,,6.1,,0.4,124.5,1438,589,126.7586,37.6372
2003-07-27,21.8,20.3,2003-07-26 23:07:00+00:00,25.9,2003-07-26 15:14:00+00:00,37.5,,,6.0,,1.3,6.9,1407,590,126.9887,37.4263
2003-07-27,19.8,17.6,2003-07-27 00:08:00+00:00,24.0,2003-07-27 06:07:00+00:00,8.0,,,4.2,,0.4,347.3,1428,591,128.03,37.43
2003-07-27,22.0,19.5,2003-07-26 20:43:00+00:00,25.4,2003-07-27 06:12:00+00:00,8.5,,,4.3,,0.9,188.1,1411,592,127.753,37.2045
2003-07-27,18.1,16.7,2003-07-26 19:15:00+00:00,20.8,2003-07-27 04:20:00+00:00,4.0,,,4.2,,0.6,41.6,1381,593,128.5265,37.9811
2003-07-27,19.5,17.5,2003-07-26 19:17:00+00:00,21.7,2003-07-27 03:20:00+00:00,8.0,,,4.9,,1.4,1.2,1417,594,128.2102,38.2168
2003-07-27,17.9,16.4,2003-07-26 18:57:00+00:00,20.4,2003-07-27 05:26:00+00:00,4.5,,,4.9,,0.8,160.1,1390,596,128.45,38.07
2003-07-27,19.3,16.4,2003-07-26 20:10:00+00:00,22.7,2003-07-27 04:28:00+00:00,1.5,,,4.2,,0.6,314.8,1430,597,128.4594,37.4927
2003-07-27,21.5,19.8,2003-07-26 23:22:00+00:00,25.3,2003-07-26 15:01:00+00:00,58.0,,,4.2,,1.0,271.2,1408,598,127.0,37.83
2003-07-27,20.8,19.0,2003-07-26 22:44:00+00:00,23.4,2003-07-26 15:01:00+00:00,29.0,,,2.7,,0.5,252.6,1408,599,127.1698,37.7617
2003-07-27,22.4,20.2,2003-07-26 21:32:00+00:00,26.3,2003-07-27 07:16:00+00:00,0.5,,,2.7,,0.5,39.5,1411,601,128.3669,36.9855
2003-07-27,21.4,19.7,2003-07-26 21:26:00+00:00,24.0,2003-07-27 04:21:00+00:00,11.0,,,3.1,,0.6,215.8,1426,602,127.4297,36.8539
2003-07-27,20.8,18.3,2003-07-26 22:05:00+00:00,24.2,2003-07-27 06:40:00+00:00,3.0,,,5.9,,1.2,120.5,1406,603,127.8,36.8
2003-07-27,22.2,19.8,2003-07-27 00:37:00+00:00,25.1,2003-07-27 03:39:00+00:00,6.0,,,5.9,,1.2,129.0,1438,604,127.58,36.3
2003-07-27,21.9,19.7,2003-07-27 01:14:00+00:00,25.5,2003-07-27 03:53:00+00:00,2.5,,,7.2,,1.4,52.0,1433,605,127.7598,36.1631
2003-07-27,22.6,21.4,2003-07-26 23:48:00+00:00,23.8,2003-07-26 17:34:00+00:00,10.0,,,6.8,,1.9,155.0,1423,606,126.454,36.9984
2003-07-27,22.6,21.7,2003-07-27 06:27:00+00:00,23.5,2003-07-26 15:27:00+00:00,2.5,,,3.9,,1.2,155.5,1427,607,126.15,36.6667
2003-07-27,22.5,21.1,2003-07-26 22:44:00+00:00,24.3,2003-07-27 07:38:00+00:00,19.0,,,4.7,,0.6,105.1,1434,608,126.6816,36.7487
2003-07-27,22.8,21.5,2003-07-26 21:46:00+00:00,24.1,2003-07-27 05:16:00+00:00,2.0,,,3.6,,1.1,96.2,1429,609,126.44,36.42
2003-07-27,23.6,21.6,2003-07-26 23:35:00+00:00,26.5,2003-07-27 05:56:00+00:00,7.0,,,3.1,,0.7,92.9,1412,610,126.63,36.58
2003-07-27,23.0,20.0,2003-07-27 00:40:00+00:00,25.4,2003-07-27 05:17:00+00:00,3.5,,,5.7,,1.1,56.4,1417,612,127.1,36.4833
2003-07-27,23.4,21.6,2003-07-27 00:55:00+00:00,26.2,2003-07-27 05:23:00+00:00,4.0,,,5.8,,1.6,31.3,1433,614,126.7,36.05
2003-07-27,23.9,20.8,2003-07-26 23:45:00+00:00,27.7,2003-07-27 05:59:00+00:00,1.0,,,0.0,,0.0,135.9,1406,615,127.1,36.1833
2003-07-27,22.5,20.8,2003-07-26 22:43:00+00:00,23.6,2003-07-27 07:38:00+00:00,9.0,,,6.7,,1.6,127.5,1432,616,126.65,36.9
2003-07-27,23.3,21.1,2003-07-26 22:13:00+00:00,25.1,2003-07-26 15:01:00+00:00,39.0,,,5.2,,0.8,181.4,1418,617,127.1561,36.8782
2003-07-27,22.8,21.0,2003-07-26 23:38:00+00:00,25.8,2003-07-27 05:15:00+00:00,6.0,,,4.9,,1.0,33.9,1416,618,126.78,36.42
2003-07-27,21.6,19.0,2003-07-26 23:50:00+00:00,27.1,2003-07-27 05:31:00+00:00,6.5,,,4.5,,1.2,88.7,1431,619,127.68,36.93
2003-07-27,22.2,19.6,2003-07-27 00:15:00+00:00,25.7,2003-07-27 06:47:00+00:00,2.5,,,4.0,,0.6,25.2,1356,621,128.1678,37.0003
2003-07-27,22.3,19.3,2003-07-26 22:07:00+00:00,26.1,2003-07-27 04:59:00+00:00,3.0,,,4.6,,1.1,15.8,1424,622,127.9939,36.842
2003-07-27,21.9,19.4,2003-07-26 23:43:00+00:00,25.8,2003-07-27 07:09:00+00:00,4.5,,,3.6,,0.2,259.6,1421,623,127.58,36.78
2003-07-27,21.7,19.5,2003-07-26 23:35:00+00:00,26.1,2003-07-27 06:08:00+00:00,3.0,,,4.5,,1.0,180.4,1434,624,127.6588,36.6294
2003-07-27,21.4,19.2,2003-07-27 00:21:00+00:00,24.1,2003-07-27 07:53:00+00:00,0.5,,,6.7,,1.8,119.5,1433,625,127.8167,36.5172
2003-07-27,23.6,21.4,2003-07-27 00:59:00+00:00,25.8,2003-07-27 05:40:00+00:00,0.5,,,7.1,,1.8,0.4,1420,626,127.8156,36.3709
2003-07-27,23.2,22.4,2003-07-26 22:32:00+00:00,24.6,2003-07-26 15:17:00+00:00,7.5,,,3.4,,1.0,184.6,1422,627,126.2988,36.7544
2003-07-27,22.8,20.1,2003-07-26 23:41:00+00:00,24.5,2003-07-27 06:20:00+00:00,23.0,,,2.0,,0.2,149.7,1410,629,127.1959,36.6814
2003-07-27,22.1,19.6,2003-07-27 00:14:00+00:00,25.8,2003-07-27 07:08:00+00:00,7.0,,,4.8,,1.3,47.2,1425,630,127.7563,37.0451
2003-07-27,24.2,22.8,2003-07-27 03:31:00+00:00,26.7,2003-07-26 16:22:00+00:00,7.5,,,10.0,,3.1,118.0,1293,631,126.5133,37.355
2003-07-27,23.0,21.0,2003-07-26 22:41:00+00:00,26.5,2003-07-27 05:27:00+00:00,2.0,,,4.7,,1.0,184.9,1435,632,126.952,36.5495
2003-07-27,22.6,19.7,2003-07-27 00:20:00+00:00,25.9,2003-07-27 05:39:00+00:00,16.5,,,3.8,,0.7,152.4,1429,633,127.1207,36.6041
2003-07-27,23.2,21.0,2003-07-26 22:03:00+00:00,24.9,2003-07-26 15:04:00+00:00,7.0,,,6.0,,1.4,123.9,1407,634,126.8858,36.8664
2003-07-27,23.5,21.5,2003-07-26 23:31:00+00:00,26.0,2003-07-27 05:48:00+00:00,1.5,,,3.9,,0.6,26.5,1393,635,126.7609,36.2139
2003-07-27,22.4,19.7,2003-07-26 23:07:00+00:00,25.4,2003-07-27 05:51:00+00:00,8.5,,,2.2,,0.0,20.8,1431,636,127.23,36.3
2003-07-27,22.6,22.0,2003-07-27 04:19:00+00:00,23.4,2003-07-27 02:15:00+00:00,9.5,,,3.9,,0.6,88.2,1416,637,126.2837,36.8679
2003-07-27,22.6,19.6,2003-07-26 21:49:00+00:00,27.1,2003-07-27 05:28:00+00:00,1.5,,,3.8,,0.2,206.7,1406,638,128.4887,37.0758
2003-07-27,21.4,18.9,2003-07-26 21:21:00+00:00,25.6,2003-07-27 05:12:00+00:00,3.0,,,4.2,,0.6,299.6,1406,639,128.1643,36.9117
2003-07-27,22.1,19.7,2003-07-26 22:49:00+00:00,25.3,2003-07-27 07:58:00+00:00,2.5,,,7.1,,2.1,135.1,1431,640,127.86,36.76
2003-07-27,22.1,19.8,2003-07-26 23:18:00+00:00,24.1,2003-07-27 06:36:00+00:00,4.0,,,6.5,,1.6,127.0,1427,641,127.48,36.47
2003-07-27,23.4,20.5,2003-07-27 00:33:00+00:00,26.4,2003-07-27 03:46:00+00:00,3.5,,,6.2,,1.3,4.8,1434,642,127.4061,36.3105
2003-07-27,22.8,19.9,2003-07-27 00:35:00+00:00,25.5,2003-07-27 04:29:00+00:00,7.0,,,8.4,,1.6,169.7,1436,643,127.49,36.34
2003-07-27,24.2,21.3,2003-07-26 23:41:00+00:00,30.5,2003-07-27 06:12:00+00:00,0.5,,,7.2,,1.4,45.5,1395,644,127.2327,36.1385
2003-07-27,23.9,22.2,2003-07-27 00:22:00+00:00,26.0,2003-07-27 05:49:00+00:00,3.0,,,5.0,,0.7,112.7,1412,645,126.5173,36.5804
2003-07-27,23.8,22.3,2003-07-27 01:46:00+00:00,26.5,2003-07-27 04:59:00+00:00,1.0,,,4.2,,1.0,278.1,1426,646,126.5496,36.153
2003-07-27,22.7,20.7,2003-07-26 16:40:00+00:00,26.6,2003-07-27 04:28:00+00:00,1.0,,,5.9,,0.2,14.6,1422,647,127.6695,36.1173
2003-07-27,22.9,20.1,2003-07-27 00:03:00+00:00,25.4,2003-07-27 04:03:00+00:00,5.5,,,5.2,,1.2,55.5,1429,648,127.3833,36.4333
2003-07-27,20.5,19.1,2003-07-27 04:50:00+00:00,22.6,2003-07-26 16:27:00+00:00,11.5,,,9.5,,2.6,94.0,1237,649,126.08,37.285
2003-07-27,19.4,18.0,2003-07-26 20:39:00+00:00,21.8,2003-07-27 05:37:00+00:00,26.0,,,6.0,,2.0,61.6,1416,650,127.3333,38.2833
2003-07-27,21.7,20.2,2003-07-26 22:15:00+00:00,24.9,2003-07-26 15:25:00+00:00,33.0,,,4.2,,0.8,7.5,1412,652,127.0781,38.0265
2003-07-27,21.6,20.4,2003-07-27 04:31:00+00:00,22.7,2003-07-27 11:51:00+00:00,12.0,,,7.0,,1.3,150.1,1432,654,126.3333,37.25
2003-07-27,21.0,20.3,2003-07-27 09:06:00+00:00,22.3,2003-07-26 19:43:00+00:00,0.0,,,10.0,,3.7,176.7,1398,655,124.7167,37.75
2003-07-27,21.0,20.5,2003-07-26 23:18:00+00:00,22.7,2003-07-26 15:01:00+00:00,29.0,,,5.3,,0.5,176.1,1433,656,126.1833,37.65
2003-07-27,22.6,21.2,2003-07-26 21:30:00+00:00,25.3,2003-07-27 05:19:00+00:00,2.0,,,5.1,,1.3,67.5,1431,657,126.5,36.3167
2003-07-27,22.3,21.5,2003-07-27 06:03:00+00:00,23.1,2003-07-27 00:34:00+00:00,7.5,,,3.6,,0.4,120.5,1433,658,126.1333,36.8333
2003-07-27,17.6,15.7,2003-07-27 00:08:00+00:00,21.3,2003-07-27 05:16:00+00:00,6.0,,,9.8,,3.6,29.1,1438,659,127.25,36.4167
2003-07-27,18.8,16.5,2003-07-26 20:59:00+00:00,21.1,2003-07-27 06:32:00+00:00,3.5,,,2.9,,0.3,138.9,1437,660,128.35,37.55
2003-07-27,,,,,,0.0,,,,,,,42,662,126.35,37.1467
2003-07-27,,,,,,0.0,,,,,,,207,663,125.7869,36.9286
2003-07-27,21.9,20.5,2003-07-27 04:11:00+00:00,23.0,2003-07-26 15:10:00+00:00,7.5,,,7.5,,1.0,137.0,1226,664,126.4667,37.2667
2003-07-27,21.7,20.1,2003-07-27 03:50:00+00:00,23.5,2003-07-26 18:50:00+00:00,8.5,,,7.1,,1.3,130.0,1157,665,126.4167,37.3833
2003-07-27,21.0,19.2,2003-07-26 22:46:00+00:00,21.7,2003-07-26 17:08:00+00:00,5.5,,,5.4,,2.4,132.0,1204,666,126.1667,36.95
2003-07-27,22.3,21.6,2003-07-27 05:00:00+00:00,24.2,2003-07-27 03:38:00+00:00,0.0,,,6.7,,2.0,139.0,1219,667,126.0093,36.6476
2003-07-27,21.9,,,,,0.0,,,,,,,1143,669,125.45,36.2167
2003-07-27,23.9,22.5,2003-07-26 19:47:00+00:00,25.8,2003-07-27 05:25:00+00:00,0.0,,,13.0,,4.2,69.0,1407,720,126.5676,34.1691
2003-07-27,22.6,20.4,2003-07-26 19:58:00+00:00,26.1,2003-07-27 06:17:00+00:00,0.0,,,11.8,,3.8,88.8,1421,721,127.0298,34.349
2003-07-27,23.8,21.9,2003-07-26 17:04:00+00:00,27.6,2003-07-27 05:41:00+00:00,0.0,,,4.4,,1.0,207.0,1418,722,126.9288,35.1368
2003-07-27,23.0,21.8,2003-07-26 18:15:00+00:00,24.1,2003-07-27 01:28:00+00:00,0.0,,,11.4,,4.9,120.3,1419,723,127.3064,34.0236
2003-07-27,23.5,22.2,2003-07-26 18:08:00+00:00,25.4,2003-07-27 05:32:00+00:00,0.0,,,12.2,,8.1,114.8,1419,724,126.3006,33.9547
2003-07-27,23.8,22.3,2003-07-26 20:36:00+00:00,25.5,2003-07-27 06:10:00+00:00,0.0,,,9.4,,5.4,40.8,1411,725,126.9534,33.5065
2003-07-27,23.6,19.8,2003-07-26 19:27:00+00:00,29.2,2003-07-27 06:21:00+00:00,0.0,,,5.3,,0.1,32.9,1418,727,126.3949,33.39
2003-07-27,23.8,21.4,2003-07-27 14:57:00+00:00,27.4,2003-07-27 07:17:00+00:00,0.0,,,3.4,,0.6,136.1,1434,729,127.13,35.38
2003-07-27,24.6,22.0,2003-07-26 19:53:00+00:00,28.7,2003-07-27 08:15:00+00:00,0.5,,,4.9,,0.8,193.8,1435,730,126.82,35.32
2003-07-27,24.1,21.7,2003-07-26 21:14:00+00:00,27.3,2003-07-27 06:44:00+00:00,0.0,,,8.1,,2.8,162.5,1428,731,126.7013,34.7998
2003-07-27,23.2,19.6,2003-07-27 14:56:00+00:00,28.3,2003-07-27 06:11:00+00:00,0.0,,,8.8,,2.0,89.2,1428,732,127.08,34.77
2003-07-27,24.2,21.6,2003-07-27 00:17:00+00:00,28.5,2003-07-27 05:56:00+00:00,1.0,,,4.8,,1.6,26.3,1396,733,126.959,36.0412
2003-07-27,24.2,,,,,0.0,,,,,,,788,734,127.2112,35.9728
2003-07-27,19.6,17.4,2003-07-27 14:10:00+00:00,23.6,2003-07-27 05:04:00+00:00,0.0,,,5.8,,1.1,41.6,1377,735,127.7755,35.9008
2003-07-27,25.4,23.0,2003-07-26 20:13:00+00:00,29.4,2003-07-27 06:25:00+00:00,3.0,,,5.4,,1.1,289.5,1409,737,126.8769,35.7943
2003-07-27,24.7,22.4,2003-07-26 20:32:00+00:00,28.5,2003-07-27 06:04:00+00:00,2.0,,,4.2,,0.7,246.3,1414,738,126.6775,35.5904
2003-07-27,23.4,21.8,2003-07-26 18:47:00+00:00,26.0,2003-07-27 05:26:00+00:00,1.5,,,5.6,,1.0,143.2,1431,739,126.5511,35.5243
2003-07-27,24.3,21.6,2003-07-26 20:26:00+00:00,29.0,2003-07-27 07:12:00+00:00,0.0,,,3.1,,0.2,2.3,1424,741,126.98,35.05
2003-07-27,25.0,22.6,2003-07-27 14:39:00+00:00,29.4,2003-07-27 07:43:00+00:00,0.0,,,5.7,,2.3,150.0,1405,742,126.35,34.95
2003-07-27,24.7,21.6,2003-07-26 20:16:00+00:00,29.5,2003-07-27 06:55:00+00:00,0.0,,,6.6,,2.5,84.7,1407,743,125.9266,34.7555
2003-07-27,24.5,21.7,2003-07-26 18:54:00+00:00,28.3,2003-07-27 04:59:00+00:00,0.0,,,7.4,,2.5,101.9,1392,745,126.7728,34.6352
2003-07-27,23.8,21.6,2003-07-26 20:41:00+00:00,26.7,2003-07-27 04:51:00+00:00,0.0,,,8.6,,3.1,108.4,1417,746,126.5169,34.3695
2003-07-27,23.4,21.5,2003-07-26 20:39:00+00:00,25.7,2003-07-27 05:40:00+00:00,0.0,,,8.3,,2.3,76.6,1412,747,126.859,34.1799
2003-07-27,24.4,21.7,2003-07-26 20:25:00+00:00,28.1,2003-07-27 06:20:00+00:00,0.0,,,6.6,,1.6,124.3,1371,749,127.13,34.53
2003-07-27,24.2,22.2,2003-07-26 18:43:00+00:00,28.4,2003-07-27 05:03:00+00:00,0.0,,,8.5,,3.7,66.8,1421,750,127.6256,34.6308
2003-07-27,22.2,20.2,2003-07-26 17:20:00+00:00,25.6,2003-07-27 05:16:00+00:00,0.0,,,8.1,,3.6,163.4,1405,751,126.7119,33.4585
2003-07-27,25.6,22.3,2003-07-26 20:23:00+00:00,29.1,2003-07-27 03:00:00+00:00,0.0,,,7.2,,1.5,163.1,1408,752,126.3022,33.285
2003-07-27,20.2,16.8,2003-07-26 19:25:00+00:00,25.3,2003-07-27 06:21:00+00:00,0.0,,,8.5,,1.1,89.1,1416,753,126.4941,33.3921
2003-07-27,24.8,22.2,2003-07-26 20:46:00+00:00,29.1,2003-07-27 06:12:00+00:00,0.0,,,5.1,,1.5,172.3,1402,754,126.5225,35.0635
2003-07-27,22.9,20.5,2003-07-26 21:06:00+00:00,27.0,2003-07-27 06:45:00+00:00,0.0,,,4.9,,1.4,121.0,1432,755,127.13,35.17
2003-07-27,25.1,23.2,2003-07-27 13:46:00+00:00,27.5,2003-07-27 02:41:00+00:00,0.0,,,2.6,,0.6,185.3,1422,756,126.2931,35.6028
2003-07-27,21.7,19.5,2003-07-27 14:55:00+00:00,26.1,2003-07-27 05:31:00+00:00,1.5,,,5.1,,0.7,0.3,1395,757,127.4254,35.9715
2003-07-27,21.8,19.3,2003-07-27 13:59:00+00:00,26.5,2003-07-27 06:11:00+00:00,1.0,,,4.4,,0.6,219.3,1408,758,127.5682,35.8355
2003-07-27,21.4,18.7,2003-07-26 19:59:00+00:00,25.9,2003-07-27 07:10:00+00:00,0.0,,,6.5,,1.0,43.0,1393,759,127.6,35.37
2003-07-27,22.9,20.7,2003-07-26 20:37:00+00:00,25.6,2003-07-27 06:40:00+00:00,0.0,,,4.3,,1.0,128.2,1427,760,126.93,35.43
2003-07-27,25.1,22.7,2003-07-26 20:43:00+00:00,29.6,2003-07-27 07:57:00+00:00,0.5,,,4.6,,0.6,127.7,1431,761,126.8863,35.647
2003-07-27,23.2,21.7,2003-07-27 14:56:00+00:00,26.1,2003-07-27 06:29:00+00:00,0.0,,,5.7,,1.5,179.9,1406,762,127.1136,35.5388
2003-07-27,24.2,21.3,2003-07-27 00:15:00+00:00,28.2,2003-07-27 05:50:00+00:00,1.5,,,4.1,,0.5,273.5,1404,763,127.07,36.05
2003-07-27,22.9,19.5,2003-07-27 14:23:00+00:00,26.5,2003-07-27 08:00:00+00:00,0.0,,,3.9,,0.7,84.8,1411,764,127.1849,35.6811
2003-07-27,23.5,20.1,2003-07-26 19:48:00+00:00,27.9,2003-07-27 06:09:00+00:00,0.0,,,6.0,,1.1,152.9,1391,765,127.17,34.93
2003-07-27,25.7,23.5,2003-07-26 19:56:00+00:00,28.8,2003-07-27 07:28:00+00:00,0.0,,,8.7,,3.3,88.8,1401,766,127.72,34.85
2003-07-27,23.4,19.2,2003-07-26 20:33:00+00:00,27.7,2003-07-27 05:01:00+00:00,0.0,,,8.8,,1.9,178.9,1407,767,127.45,34.6
2003-07-27,16.7,13.8,2003-07-26 15:16:00+00:00,19.2,2003-07-27 04:05:00+00:00,0.5,,,6.2,,2.3,88.7,1434,314,127.75,35.8667
2003-07-27,17.9,,,,,,,,,,,,143,872,127.7167,35.3333
2003-07-27,24.2,21.4,2003-07-26 19:18:00+00:00,27.8,2003-07-27 03:33:00+00:00,0.0,,,5.0,,1.2,290.4,1426,768,127.2908,35.2802
2003-07-27,21.0,18.6,2003-07-26 20:55:00+00:00,25.7,2003-07-27 06:20:00+00:00,0.0,,,5.6,,0.7,85.0,1422,803,129.07,36.42
2003-07-27,20.8,18.9,2003-07-26 15:09:00+00:00,23.5,2003-07-27 02:33:00+00:00,0.0,,,8.7,,2.5,35.9,1430,804,129.338,36.1996
2003-07-27,21.0,18.7,2003-07-27 14:01:00+00:00,24.5,2003-07-27 03:45:00+00:00,0.0,,,4.2,,0.6,35.8,1418,805,129.0958,36.1602
2003-07-27,23.3,20.8,2003-07-26 20:40:00+00:00,27.7,2003-07-27 05:08:00+00:00,0.0,,,5.3,,0.8,72.8,1413,806,128.2903,36.2334
2003-07-27,21.9,19.7,2003-07-26 20:39:00+00:00,26.8,2003-07-27 04:28:00+00:00,0.0,,,3.6,,0.7,11.6,1402,807,128.7261,36.172
2003-07-27,21.3,20.5,2003-07-26 17:29:00+00:00,22.4,2003-07-27 07:02:00+00:00,0.0,,,8.0,,3.9,7.0,1420,808,129.5694,36.0774
2003-07-27,21.3,19.1,2003-07-26 20:15:00+00:00,24.7,2003-07-27 03:37:00+00:00,1.0,,,4.0,,0.7,8.2,1429,809,127.9689,35.9179
2003-07-27,22.6,20.2,2003-07-26 19:06:00+00:00,27.2,2003-07-27 06:12:00+00:00,0.0,,,5.2,,1.0,153.3,1419,810,128.28,35.93
2003-07-27,20.9,19.5,2003-07-26 20:42:00+00:00,23.1,2003-07-27 04:20:00+00:00,0.0,,,5.3,,1.4,29.0,1430,811,129.2167,35.85
2003-07-27,23.1,19.6,2003-07-26 21:32:00+00:00,28.0,2003-07-27 07:03:00+00:00,0.0,,,4.0,,0.6,29.3,1397,812,128.27,35.73
2003-07-27,23.2,20.8,2003-07-26 19:11:00+00:00,28.9,2003-07-27 04:55:00+00:00,0.0,,,5.7,,0.5,46.4,1411,813,128.73,35.65
2003-07-27,20.8,18.6,2003-07-26 21:15:00+00:00,25.1,2003-07-27 05:27:00+00:00,9.5,,,3.5,,0.6,122.0,1433,814,128.6541,36.9789
2003-07-27,22.0,19.3,2003-07-26 21:42:00+00:00,27.4,2003-07-27 05:48:00+00:00,10.0,,,3.2,,0.6,247.0,1437,815,128.4644,36.66
2003-07-27,20.7,18.8,2003-07-27 13:49:00+00:00,23.4,2003-07-27 03:15:00+00:00,0.5,,,5.1,,1.1,58.0,1431,816,129.4932,35.8959
2003-07-27,18.7,16.9,2003-07-26 15:23:00+00:00,21.9,2003-07-27 06:50:00+00:00,0.5,,,4.8,,1.2,89.0,1432,817,129.21,36.7655
2003-07-27,22.2,19.8,2003-07-26 21:37:00+00:00,25.2,2003-07-27 06:42:00+00:00,2.0,,,4.2,,1.1,113.1,1424,818,128.1114,36.7309
2003-07-27,21.3,18.5,2003-07-26 21:17:00+00:00,25.7,2003-07-27 06:16:00+00:00,0.0,,,6.2,,0.9,161.3,1419,819,128.8884,36.6605
2003-07-27,22.4,19.7,2003-07-26 21:26:00+00:00,27.1,2003-07-27 05:35:00+00:00,0.0,,,5.1,,1.1,38.2,1421,820,128.5086,36.5538
2003-07-27,22.6,20.2,2003-07-26 21:31:00+00:00,25.8,2003-07-27 04:40:00+00:00,0.0,,,5.2,,1.1,75.4,1413,821,128.1,36.28
2003-07-27,16.4,,,,,,,,,,,,144,873,127.9667,37.25
2003-07-27,22.1,19.5,2003-07-26 18:38:00+00:00,28.1,2003-07-27 05:35:00+00:00,0.0,,,5.9,,0.8,143.8,1413,823,128.57,36.23
2003-07-27,22.3,19.7,2003-07-26 19:52:00+00:00,27.1,2003-07-27 06:00:00+00:00,0.5,,,4.8,,1.3,99.4,1419,824,128.544,36.0831
2003-07-27,22.1,19.6,2003-07-27 14:21:00+00:00,26.7,2003-07-27 06:02:00+00:00,1.0,,,5.6,,0.9,104.7,1425,825,128.4,35.89
2003-07-27,22.3,20.0,2003-07-26 19:50:00+00:00,25.9,2003-07-27 05:29:00+00:00,0.0,,,5.7,,1.4,105.1,1399,826,128.7932,36.0414
2003-07-27,22.5,20.6,2003-07-26 20:51:00+00:00,25.7,2003-07-27 04:38:00+00:00,0.0,,,4.3,,1.4,194.2,1385,827,128.7333,35.8167
2003-07-27,23.1,20.7,2003-07-26 20:15:00+00:00,29.2,2003-07-27 06:34:00+00:00,0.0,,,3.8,,0.6,310.2,1401,828,128.45,35.7
2003-07-27,20.2,17.8,2003-07-26 20:46:00+00:00,23.2,2003-07-27 02:53:00+00:00,0.0,,,4.9,,0.4,24.9,1415,830,129.2064,36.0706
2003-07-27,19.6,17.4,2003-07-26 18:55:00+00:00,23.7,2003-07-27 05:01:00+00:00,0.0,,,4.6,,0.6,218.3,1406,831,129.0697,37.0435
2003-07-27,22.9,20.3,2003-07-26 21:37:00+00:00,28.7,2003-07-27 05:51:00+00:00,0.0,,,4.3,,0.4,157.8,1406,832,128.43,36.38
2003-07-27,21.8,19.7,2003-07-26 21:45:00+00:00,24.7,2003-07-27 08:15:00+00:00,2.0,,,5.2,,1.0,146.8,1415,833,128.0034,36.599
2003-07-27,21.3,19.5,2003-07-26 22:17:00+00:00,24.0,2003-07-27 07:29:00+00:00,0.0,,,6.6,,1.9,15.4,1425,834,127.9519,36.4458
2003-07-27,22.0,19.3,2003-07-26 21:51:00+00:00,27.0,2003-07-27 05:15:00+00:00,0.0,,,3.7,,0.5,216.2,1419,835,128.73,36.88
2003-07-27,19.9,17.7,2003-07-26 19:31:00+00:00,24.4,2003-07-27 04:31:00+00:00,0.0,,,7.1,,0.9,34.3,1421,836,128.8999,36.2717
2003-07-27,21.9,19.6,2003-07-26 21:46:00+00:00,25.8,2003-07-27 04:28:00+00:00,1.0,,,3.4,,0.3,7.3,1422,837,128.63,36.7692
2003-07-27,20.9,18.5,2003-07-26 19:21:00+00:00,24.8,2003-07-27 06:51:00+00:00,1.5,,,5.6,,0.9,182.4,1420,838,128.3184,36.7659
2003-07-27,21.9,19.5,2003-07-26 21:44:00+00:00,26.3,2003-07-27 06:34:00+00:00,0.0,,,6.5,,1.2,108.9,1409,839,128.9027,36.4558
2003-07-27,22.0,20.2,2003-07-26 20:33:00+00:00,25.0,2003-07-27 05:17:00+00:00,0.0,,,5.7,,1.1,81.9,1412,840,128.8231,35.9098
2003-07-27,17.5,,,,,,,,,,,,143,874,127.5833,38.2833
2003-07-27,22.7,21.3,2003-07-27 04:30:00+00:00,24.9,2003-07-26 16:18:00+00:00,12.0,,,6.5,,1.9,127.7,1417,571,126.8209,37.1953
2003-07-27,20.9,18.4,2003-07-26 22:13:00+00:00,24.5,2003-07-27 04:30:00+00:00,16.0,,,3.3,,0.1,25.3,1421,573,127.7106,37.5563
2003-07-27,20.7,18.4,2003-07-26 22:22:00+00:00,24.9,2003-07-27 05:43:00+00:00,5.0,,,4.3,,0.3,52.5,1425,582,128.0829,37.2278
2003-07-27,16.7,,,,,6.0,,,,,,,1139,595,128.3833,38.2667
2003-07-27,,,,,,0.5,,,,,,,893,600,127.6003,36.9882
2003-07-27,23.1,19.9,2003-07-26 23:48:00+00:00,27.2,2003-07-27 05:38:00+00:00,9.5,,,3.4,,0.6,141.8,1421,620,127.9152,37.0865
2003-07-27,23.8,22.0,2003-07-27 00:31:00+00:00,25.8,2003-07-27 05:08:00+00:00,10.0,,,4.4,,0.8,32.1,1429,628,126.8,36.6778
2003-07-27,19.5,18.1,2003-07-26 22:21:00+00:00,21.6,2003-07-27 04:40:00+00:00,36.0,,,7.0,,0.4,54.3,1436,651,127.1652,38.264
2003-07-27,19.6,18.1,2003-07-26 19:53:00+00:00,23.8,2003-07-27 02:51:00+00:00,8.0,,,3.3,,0.9,289.5,1407,661,128.4,38.5333
2003-07-27,20.5,18.5,2003-07-27 14:21:00+00:00,24.1,2003-07-27 04:15:00+00:00,0.0,,,4.8,,0.9,183.3,1422,841,128.9224,36.1076
2003-07-27,19.5,17.4,2003-07-26 19:28:00+00:00,23.1,2003-07-27 05:37:00+00:00,0.5,,,2.6,,0.3,41.2,1424,843,129.2472,36.9356
2003-07-27,21.4,18.8,2003-07-26 20:47:00+00:00,26.5,2003-07-27 05:32:00+00:00,0.5,,,7.5,,1.4,354.5,1415,844,129.37,36.42
2003-07-27,22.6,20.3,2003-07-26 20:05:00+00:00,26.7,2003-07-27 04:50:00+00:00,0.0,,,6.8,,1.2,38.9,1415,845,128.6,35.85
2003-07-27,22.4,20.4,2003-07-26 20:35:00+00:00,26.5,2003-07-27 04:47:00+00:00,0.0,,,7.3,,2.0,99.8,1413,846,128.5442,35.8679
2003-07-27,21.9,19.3,2003-07-26 19:56:00+00:00,26.5,2003-07-27 06:12:00+00:00,0.0,,,4.1,,0.5,4.3,1420,847,128.4665,36.2763
2003-07-27,20.8,18.4,2003-07-26 18:50:00+00:00,25.6,2003-07-27 04:01:00+00:00,0.0,,,4.4,,1.6,357.9,1412,848,128.8922,35.687
2003-07-27,22.6,20.1,2003-07-26 21:34:00+00:00,27.1,2003-07-27 05:30:00+00:00,0.0,,,4.0,,0.9,153.3,1417,849,128.299,36.5106
2003-07-27,21.2,19.9,2003-07-26 18:51:00+00:00,23.2,2003-07-27 03:01:00+00:00,0.0,,,6.8,,2.3,47.5,1431,850,129.5012,35.8071
2003-07-27,20.4,18.2,2003-07-26 20:44:00+00:00,23.5,2003-07-27 06:44:00+00:00,0.5,,,5.7,,1.4,102.0,1418,851,129.26,37.07
2003-07-27,21.5,19.7,2003-07-26 17:21:00+00:00,25.6,2003-07-27 06:43:00+00:00,0.0,,,8.1,,3.2,355.2,1437,852,129.4167,37.05
2003-07-27,18.0,16.2,2003-07-27 14:11:00+00:00,22.3,2003-07-27 06:34:00+00:00,0.5,,,4.3,,0.3,356.5,1423,853,128.6167,36.0
2003-07-27,13.5,,,,,,,,,,,,142,875,128.4667,38.1333
2003-07-27,24.3,23.0,2003-07-26 18:59:00+00:00,25.6,2003-07-27 05:54:00+00:00,0.0,,,14.2,,8.6,95.8,1434,855,126.2735,33.1664
2003-07-27,18.5,,,,,,,,,,,,144,870,126.55,33.3833
2003-07-27,20.0,16.9,2003-07-26 20:47:00+00:00,24.7,2003-07-27 03:58:00+00:00,0.0,,,5.2,,0.3,273.4,1436,856,127.6294,35.0836
2003-07-27,22.3,20.7,2003-07-26 20:50:00+00:00,24.3,2003-07-27 06:51:00+00:00,0.0,,,9.1,,3.1,104.8,1394,857,126.6989,34.2975
2003-07-27,21.0,19.0,2003-07-26 19:24:00+00:00,24.0,2003-07-27 03:37:00+00:00,0.0,,,15.5,,5.5,115.9,1434,858,126.1175,34.4583
2003-07-27,20.7,18.9,2003-07-26 16:38:00+00:00,23.3,2003-07-27 04:17:00+00:00,0.5,,,4.3,,1.1,83.0,1404,876,129.1631,37.4354
2003-07-27,21.2,19.4,2003-07-27 13:31:00+00:00,24.6,2003-07-27 04:13:00+00:00,0.0,,,5.3,,1.0,107.1,1409,900,129.0998,35.5824
2003-07-27,21.0,20.2,2003-07-26 17:49:00+00:00,22.3,2003-07-27 05:54:00+00:00,0.0,,,5.3,,1.8,63.0,1434,901,129.4424,35.4927
2003-07-27,20.0,18.1,2003-07-26 20:48:00+00:00,23.2,2003-07-27 06:08:00+00:00,0.0,,,3.8,,0.5,144.1,1400,902,127.7594,35.3188
2003-07-27,23.5,22.5,2003-07-26 18:56:00+00:00,24.4,2003-07-27 03:42:00+00:00,0.0,,,17.1,,10.5,83.9,1421,726,126.2714,33.1137
2003-07-27,23.3,20.8,2003-07-26 20:52:00+00:00,26.8,2003-07-27 04:37:00+00:00,0.0,,,8.1,,2.8,121.4,1432,744,126.3276,34.6709
2003-07-27,23.5,20.9,2003-07-26 21:03:00+00:00,28.3,2003-07-27 05:38:00+00:00,0.0,,,4.6,,1.2,312.4,1421,903,128.4742,35.3855
2003-07-27,23.3,19.6,2003-07-26 19:24:00+00:00,28.3,2003-07-27 05:24:00+00:00,0.0,,,6.5,,1.5,71.9,1413,904,128.6667,35.35
2003-07-27,21.6,19.4,2003-07-26 18:55:00+00:00,25.2,2003-07-27 04:39:00+00:00,0.0,,,7.3,,2.3,40.9,1420,905,129.0362,35.3243
2003-07-27,23.3,20.2,2003-07-26 20:48:00+00:00,27.0,2003-07-27 05:23:00+00:00,0.0,,,7.8,,1.3,207.5,1433,906,127.6254,35.1883
2003-07-27,23.9,20.8,2003-07-26 19:59:00+00:00,27.2,2003-07-27 02:02:00+00:00,0.0,,,5.8,,1.6,121.4,1412,907,128.07,34.93
2003-07-27,22.6,18.7,2003-07-26 19:39:00+00:00,27.5,2003-07-27 06:28:00+00:00,0.0,,,7.6,,1.8,97.3,1407,908,128.75,35.12
2003-07-27,22.2,20.8,2003-07-26 19:35:00+00:00,25.3,2003-07-27 04:53:00+00:00,0.0,,,15.7,,6.4,32.0,1437,909,128.73,34.78
2003-07-27,21.6,20.3,2003-07-26 19:10:00+00:00,23.1,2003-07-27 01:50:00+00:00,0.0,,,10.6,,5.4,54.2,1426,910,129.08,35.07
2003-07-27,,,,,,0.0,,,,,,,1063,912,127.7167,35.5333
2003-07-27,24.3,20.7,2003-07-26 20:32:00+00:00,27.8,2003-07-27 05:06:00+00:00,0.0,,,8.1,,2.3,68.8,1408,913,127.9854,34.7238
2003-07-27,23.0,20.3,2003-07-27 14:56:00+00:00,28.7,2003-07-27 07:18:00+00:00,0.0,,,5.3,,1.0,4.3,1417,915,128.12,35.42
2003-07-27,22.7,20.2,2003-07-26 20:23:00+00:00,26.5,2003-07-27 06:30:00+00:00,0.0,,,6.8,,1.4,171.4,1429,916,127.9667,35.3167
2003-07-27,24.3,20.8,2003-07-26 20:13:00+00:00,27.9,2003-07-27 05:00:00+00:00,0.0,,,5.9,,1.3,71.5,1416,917,128.08,35.07
2003-07-27,24.0,19.9,2003-07-26 20:46:00+00:00,28.3,2003-07-27 05:55:00+00:00,0.0,,,6.6,,1.8,18.8,1431,918,128.3333,34.97
2003-07-27,23.3,20.9,2003-07-26 20:42:00+00:00,28.0,2003-07-27 04:50:00+00:00,0.0,,,6.6,,2.3,63.0,1422,919,128.47,35.55
2003-07-27,22.4,19.0,2003-07-26 20:54:00+00:00,28.4,2003-07-27 07:05:00+00:00,0.0,,,5.3,,0.8,7.9,1425,920,128.4,35.3
2003-07-27,21.9,20.1,2003-07-26 19:52:00+00:00,24.6,2003-07-27 04:11:00+00:00,0.0,,,13.1,,6.3,81.2,1417,921,128.8291,34.9897
2003-07-27,21.3,18.5,2003-07-26 20:55:00+00:00,25.5,2003-07-27 05:56:00+00:00,0.0,,,5.3,,1.1,338.0,1419,922,128.9189,35.3647
2003-07-27,22.0,20.2,2003-07-27 14:49:00+00:00,25.3,2003-07-27 06:21:00+00:00,0.0,,,7.5,,2.4,15.1,1421,923,129.2323,35.264
2003-07-27,,,,,,0.0,,,,,,,604,788,126.879,35.1313
2003-07-27,22.7,19.1,2003-07-26 20:37:00+00:00,27.3,2003-07-27 05:16:00+00:00,0.0,,,7.5,,1.3,252.3,1426,925,128.8534,35.3277
2003-07-27,22.3,18.3,2003-07-26 21:06:00+00:00,27.3,2003-07-27 04:41:00+00:00,0.0,,,5.8,,1.4,67.0,1407,926,128.4719,35.1137
2003-07-27,23.0,19.4,2003-07-26 20:48:00+00:00,29.3,2003-07-27 04:25:00+00:00,0.0,,,6.4,,1.7,34.4,1425,927,128.8809,35.5842
2003-07-27,21.2,19.1,2003-07-26 19:47:00+00:00,24.7,2003-07-27 06:12:00+00:00,0.0,,,5.9,,1.6,353.1,1426,928,129.1792,35.4122
2003-07-27,22.7,18.9,2003-07-26 19:00:00+00:00,27.3,2003-07-27 07:47:00+00:00,0.0,,,4.1,,1.0,269.9,1389,929,128.2586,35.0989
2003-07-27,24.3,21.5,2003-07-26 20:28:00+00:00,27.2,2003-07-27 07:35:00+00:00,0.0,,,3.6,,1.1,148.6,1403,930,128.2251,34.8436
2003-07-27,23.2,19.9,2003-07-26 18:47:00+00:00,26.2,2003-07-27 03:16:00+00:00,0.0,,,7.6,,2.4,26.2,1388,931,128.2634,34.6363
2003-07-27,24.4,20.9,2003-07-26 20:58:00+00:00,28.3,2003-07-27 06:32:00+00:00,0.0,,,6.9,,1.5,171.4,1425,932,127.75,35.05
2003-07-27,24.0,21.2,2003-07-26 20:16:00+00:00,27.5,2003-07-27 02:56:00+00:00,0.0,,,9.0,,1.8,15.0,1430,933,127.859,34.9506
2003-07-27,22.8,19.5,2003-07-27 14:41:00+00:00,27.6,2003-07-27 06:02:00+00:00,0.0,,,5.1,,0.5,14.6,1415,934,127.9322,35.1986
2003-07-27,22.1,19.3,2003-07-26 20:29:00+00:00,26.9,2003-07-27 07:10:00+00:00,0.0,,,3.4,,0.6,90.0,1427,935,128.32,35.55
2003-07-27,23.2,20.4,2003-07-27 14:53:00+00:00,27.9,2003-07-27 07:28:00+00:00,0.0,,,6.0,,0.9,120.4,1410,936,128.2833,35.3167
2003-07-27,23.0,21.0,2003-07-26 18:51:00+00:00,26.1,2003-07-27 05:05:00+00:00,0.0,,,9.3,,3.1,39.1,1430,937,129.1669,35.1604
2003-07-27,19.2,17.4,2003-07-26 19:07:00+00:00,21.9,2003-07-27 05:14:00+00:00,0.0,,,6.8,,1.7,0.0,1404,842,129.0473,35.7576
2003-07-27,,,,,,0.0,,,,,,,1062,914,127.696,35.6447
2003-07-27,24.0,21.6,2003-07-26 19:16:00+00:00,27.5,2003-07-27 05:59:00+00:00,0.0,,,7.0,,2.4,157.9,1419,938,129.05,35.1333
2003-07-27,22.6,20.7,2003-07-26 17:32:00+00:00,26.0,2003-07-27 05:28:00+00:00,0.0,,,7.0,,2.7,12.4,1416,939,129.0831,35.2289
2003-07-27,22.9,20.7,2003-07-26 19:00:00+00:00,26.5,2003-07-27 06:52:00+00:00,0.0,,,8.6,,2.8,54.1,1420,940,129.085,35.2028
2003-07-27,21.9,19.7,2003-07-26 20:00:00+00:00,24.9,2003-07-27 03:48:00+00:00,0.0,,,14.6,,3.1,112.7,1429,941,129.0065,35.1926
2003-07-27,23.7,21.7,2003-07-26 19:04:00+00:00,26.0,2003-07-27 03:57:00+00:00,0.0,,,11.6,,3.3,69.7,1423,942,129.1051,35.1304
2003-07-27,23.6,22.1,2003-07-26 17:02:00+00:00,26.1,2003-07-27 05:16:00+00:00,0.0,,,9.4,,3.7,8.5,1433,943,129.3519,35.5076
2003-07-27,24.1,20.1,2003-07-26 21:02:00+00:00,29.9,2003-07-27 05:38:00+00:00,0.0,,,4.9,,1.3,96.8,1413,944,128.569,35.387
2003-07-27,22.6,19.6,2003-07-26 20:02:00+00:00,27.0,2003-07-27 06:43:00+00:00,0.0,,,4.2,,0.7,31.5,1421,945,127.99,35.5345
2003-07-27,,,,,,0.0,,,,,,,1045,946,127.8193,35.7773
2003-07-27,22.6,20.9,2003-07-26 20:07:00+00:00,25.1,2003-07-27 02:43:00+00:00,0.0,,,12.7,,3.0,73.6,1436,947,128.6036,34.7257
2003-07-27,22.6,19.7,2003-07-26 20:45:00+00:00,26.8,2003-07-27 05:26:00+00:00,0.0,,,4.2,,0.7,188.9,1436,948,127.85,35.2833
2003-07-27,22.1,20.6,2003-07-27 14:34:00+00:00,24.1,2003-07-27 07:28:00+00:00,0.0,,,9.9,,3.1,42.2,1436,949,129.45,35.5833
2003-07-27,23.0,20.8,2003-07-26 19:20:00+00:00,26.3,2003-07-27 06:42:00+00:00,0.0,,,9.0,,3.0,9.7,1430,950,129.1381,35.1612
2003-07-27,23.1,20.5,2003-07-26 19:58:00+00:00,26.0,2003-07-27 03:21:00+00:00,0.0,,,7.3,,2.3,1.1,1437,953,128.6741,34.9924
2003-07-27,23.7,21.5,2003-07-26 20:10:00+00:00,27.2,2003-07-27 06:10:00+00:00,0.0,,,4.9,,0.4,116.3,1437,951,126.9,35.4667
2003-07-27,22.1,18.8,2003-07-26 23:30:00+00:00,26.6,2003-07-27 05:57:00+00:00,13.0,,,4.9,,0.8,237.9,1428,325,128.0254,37.1376
2003-07-27,22.4,20.7,2003-07-26 23:54:00+00:00,26.4,2003-07-26 15:01:00+00:00,44.0,,,7.3,,1.7,33.9,1430,405,126.8793,37.524
2003-07-27,20.1,17.8,2003-07-26 22:03:00+00:00,24.5,2003-07-27 06:01:00+00:00,15.5,,,4.8,,1.0,134.0,1433,505,127.35,37.82
2003-07-27,21.2,19.9,2003-07-26 22:07:00+00:00,23.9,2003-07-26 15:01:00+00:00,38.0,,,4.7,,0.8,6.0,1426,506,126.779,37.7584
2003-07-27,21.6,19.8,2003-07-26 21:55:00+00:00,26.0,2003-07-27 05:29:00+00:00,24.0,,,3.4,,0.5,22.1,1404,507,127.1891,37.9917
2003-07-27,21.1,19.7,2003-07-26 23:39:00+00:00,24.7,2003-07-26 16:28:00+00:00,42.0,,,5.8,,0.9,129.0,1426,509,126.9507,37.4562
2003-07-27,22.4,20.6,2003-07-26 22:54:00+00:00,26.5,2003-07-26 15:09:00+00:00,28.5,,,6.8,,1.9,75.4,1425,510,126.908,37.5262
2003-07-27,22.6,21.2,2003-07-27 02:52:00+00:00,25.8,2003-07-26 17:45:00+00:00,13.5,,,7.5,,1.5,121.5,1425,511,126.6833,37.55
2003-07-27,22.3,20.6,2003-07-27 03:07:00+00:00,24.6,2003-07-26 17:40:00+00:00,18.0,,,5.3,,1.1,103.5,1417,512,126.6621,37.3968
2003-07-27,20.8,19.6,2003-07-27 04:50:00+00:00,23.7,2003-07-26 15:01:00+00:00,8.5,,,9.5,,3.1,127.2,1420,513,126.1468,37.2331
2003-07-27,22.5,21.3,2003-07-26 23:15:00+00:00,24.0,2003-07-26 17:54:00+00:00,9.5,,,8.0,,2.6,117.3,1432,514,126.5806,37.2455
2003-07-27,22.7,19.2,2003-07-27 08:38:00+00:00,24.8,2003-07-26 15:58:00+00:00,10.5,,,6.1,,1.1,95.4,1252,515,126.8128,37.0952
2003-07-27,22.2,20.0,2003-07-27 02:23:00+00:00,25.3,2003-07-26 15:54:00+00:00,18.5,,,6.6,,1.3,103.4,1435,516,127.2651,37.013
2003-07-27,19.4,17.8,2003-07-26 18:53:00+00:00,21.7,2003-07-27 05:04:00+00:00,5.0,,,4.2,,1.0,62.0,1409,517,128.43,38.38
2003-07-27,18.0,16.2,2003-07-26 20:06:00+00:00,19.8,2003-07-27 08:07:00+00:00,10.5,,,4.8,,0.9,11.6,1430,518,128.1397,38.2847
2003-07-27,19.2,17.3,2003-07-26 20:38:00+00:00,22.5,2003-07-27 05:10:00+00:00,29.0,,,4.7,,0.8,106.1,1433,519,127.5235,38.0702
2003-07-27,18.6,16.9,2003-07-26 19:02:00+00:00,20.5,2003-07-27 04:24:00+00:00,2.5,,,5.0,,0.6,100.2,1409,520,128.4933,38.1721
2003-07-27,20.1,18.5,2003-07-26 18:00:00+00:00,22.1,2003-07-27 06:39:00+00:00,5.0,,,4.9,,0.8,69.9,1399,521,128.6026,38.1438
2003-07-27,19.7,17.4,2003-07-26 20:58:00+00:00,22.6,2003-07-27 05:26:00+00:00,8.0,,,3.3,,0.7,127.7,1393,522,128.0184,37.8675
2003-07-27,20.2,18.3,2003-07-26 21:33:00+00:00,23.2,2003-07-27 03:40:00+00:00,2.0,,,5.4,,1.1,10.4,1427,523,128.83,37.9
2003-07-27,19.8,18.0,2003-07-26 18:09:00+00:00,22.6,2003-07-27 03:49:00+00:00,1.5,,,4.0,,1.2,327.0,1413,524,128.9045,37.8047
2003-07-27,19.1,16.5,2003-07-26 21:09:00+00:00,22.1,2003-07-27 03:28:00+00:00,5.0,,,5.5,,0.7,141.5,1433,525,128.3797,37.6161
2003-07-27,22.1,19.4,2003-07-26 21:48:00+00:00,25.4,2003-07-27 04:22:00+00:00,2.0,,,3.0,,0.5,227.7,1428,526,128.3946,37.3779
2003-07-27,20.9,17.8,2003-07-26 19:56:00+00:00,26.0,2003-07-27 03:31:00+00:00,1.0,,,6.3,,0.9,33.7,1425,527,128.6645,37.4299
2003-07-27,20.9,19.7,2003-07-27 14:38:00+00:00,22.5,2003-07-26 18:30:00+00:00,0.0,,,11.5,,4.1,240.6,1382,528,124.7187,37.9743
2003-07-27,21.4,19.9,2003-07-26 20:24:00+00:00,24.6,2003-07-27 06:34:00+00:00,0.0,,,6.0,,1.9,354.9,1415,529,129.3434,37.2325
2003-07-27,23.0,20.8,2003-07-26 15:03:00+00:00,27.9,2003-07-27 02:42:00+00:00,0.0,,,5.3,,1.0,51.2,1397,530,130.7977,37.5184
2003-07-27,21.2,19.0,2003-07-26 20:33:00+00:00,25.4,2003-07-27 06:03:00+00:00,21.5,,,3.8,,0.6,36.3,1434,531,127.5502,37.8856
2003-07-27,21.2,19.6,2003-07-26 22:51:00+00:00,25.4,2003-07-26 15:08:00+00:00,56.0,,,5.1,,1.0,151.6,1415,532,127.0352,37.7355
2003-07-27,21.1,19.2,2003-07-26 22:09:00+00:00,23.7,2003-07-26 15:14:00+00:00,26.0,,,6.4,,1.4,17.0,1349,533,127.3333,37.55
2003-07-27,22.4,19.8,2003-07-26 22:58:00+00:00,25.7,2003-07-27 07:05:00+00:00,8.0,,,4.4,,0.8,1.3,1423,534,127.6171,37.1147
2003-07-27,19.6,17.4,2003-07-26 21:25:00+00:00,23.3,2003-07-27 05:48:00+00:00,3.0,,,2.9,,0.7,260.0,1434,535,128.1867,37.7116
2003-07-27,21.9,18.9,2003-07-26 22:06:00+00:00,26.2,2003-07-27 04:44:00+00:00,10.0,,,4.7,,0.8,275.5,1433,536,127.88,37.47
2003-07-27,18.2,16.1,2003-07-26 19:55:00+00:00,22.2,2003-07-27 04:58:00+00:00,0.0,,,6.4,,1.8,42.6,1437,537,128.852,37.4949
2003-07-27,20.8,19.2,2003-07-26 22:09:00+00:00,23.2,2003-07-26 15:01:00+00:00,37.5,,,6.1,,1.6,7.1,1388,538,127.103,38.1725
2003-07-27,20.2,18.4,2003-07-26 19:56:00+00:00,24.0,2003-07-27 05:04:00+00:00,20.5,,,6.2,,0.4,45.0,1393,539,127.3667,38.0333
2003-07-27,21.5,20.1,2003-07-26 22:29:00+00:00,25.0,2003-07-26 15:28:00+00:00,41.0,,,4.8,,0.4,300.9,1424,540,126.8774,37.6413
2003-07-27,21.4,19.3,2003-07-26 22:49:00+00:00,24.6,2003-07-26 15:25:00+00:00,39.0,,,5.0,,0.9,152.8,1419,541,127.18,37.65
2003-07-27,21.3,19.3,2003-07-26 22:20:00+00:00,24.2,2003-07-27 05:32:00+00:00,17.5,,,5.0,,1.0,23.6,1434,542,127.3802,37.6841
2003-07-27,23.0,21.7,2003-07-27 00:54:00+00:00,26.3,2003-07-26 17:11:00+00:00,12.5,,,5.5,,0.8,103.9,1415,544,126.7827,37.4631
2003-07-27,20.1,16.7,2003-07-26 18:32:00+00:00,25.2,2003-07-27 04:14:00+00:00,0.0,,,4.7,,0.3,0.6,1417,581,128.8385,37.1409
