dt,avg_ta,min_ta,max_ta,max_ta_hrmt,min_ta_hrmt,sum_rn,hr1_max_rn,mi10_max_rn,sum_rn_dur,n9_9_rn,mi10_max_rn_hrmt,hr1_max_rn_hrmt,min_rhm,avg_rhm,min_rhm_hrmt,hr24_sum_rws,avg_ws,max_ins_ws,max_ws,max_ins_ws_wd,max_ws_wd,max_wd,max_ins_ws_hrmt,max_ws_hrmt,ss_dur,sum_ss_hr,hr1_max_icsr,sum_gsr,hr1_max_icsr_hrmt,avg_tca,avg_lmac,avg_td,min_tg,avg_ts,avg_m1_5_te,avg_cm5_te,avg_cm10_te,avg_cm20_te,avg_cm30_te,avg_m0_5_te,avg_m1_0_te,avg_m5_0_te,avg_m3_0_te,dd_mes,dd_mefs,sum_dpth_fhsc,dd_mes_hrmt,dd_mefs_hrmt,avg_pv,avg_pa,avg_ps,min_ps,max_ps,min_ps_hrmt,max_ps_hrmt,sum_fog_dur,sum_lrg_ev,sum_sml_ev,iscs,code,x,y
1995-01-01,-2.2,-6.2,2.1,1502.0,608.0,,,,,,,,35.0,51.3,1630.0,4882.0,5.7,13.2,8.0,270.0,270.0,270.0,1350.0,1300.0,9.7,8.5,1.43,8.32,1200.0,0.0,0.0,-11.2,-11.5,-1.5,,,,,,,,,,,,,,,2.6,1000.1,1031.5,1029.9,1033.2,1500.0,2330.0,,,,,135,127.9946,36.2203
1995-01-02,-2.7,-8.8,5.1,1420.0,820.0,,,,,,,,34.0,65.8,1427.0,1448.0,1.7,9.0,5.7,270.0,270.0,270.0,1505.0,1510.0,9.7,8.4,1.4,8.19,1245.0,1.0,1.3,-9.1,-16.5,-1.3,,,,,,,,,,,,,,,3.1,1000.0,1031.4,1027.7,1034.4,2400.0,250.0,,,,,135,127.9946,36.2203
1995-01-03,0.2,-1.8,2.9,1300.0,31.0,2.3,,,10.43,2.3,,,65.0,82.5,0.0,958.0,1.1,7.1,4.7,270.0,290.0,250.0,450.0,520.0,9.7,0.0,0.41,1.49,1130.0,10.0,6.0,-2.5,-4.8,0.5,,,,,,,,,,2.6,2.6,2.6,2215.0,2215.0,5.2,991.1,1021.9,1017.3,1027.7,2400.0,0.0,,,,{눈}0945-1028.{눈}1235-{눈}{강도0}1500-{눈}{강도0}1800-{눈}{강도0}2100-2218.,135,127.9946,36.2203
1995-01-04,-0.1,-2.2,1.7,1420.0,2400.0,0.5,,,3.35,0.8,,,59.0,76.8,2025.0,3382.0,3.9,12.2,7.7,270.0,270.0,270.0,2156.0,2150.0,9.7,0.3,0.58,1.82,1200.0,7.3,5.1,-3.7,-6.9,0.8,,,,,,,,,,2.2,0.6,0.6,0.0,1455.0,4.7,985.1,1015.8,1013.3,1017.6,1408.0,232.0,,,,{눈}0538-{눈}{강도0}0600-0725.{눈}1148-{눈}{강도0}1200-1225.{눈}1405-{눈}{강도0}1500-1502.,135,127.9946,36.2203
1995-01-05,-2.3,-3.6,0.9,1134.0,2400.0,1.7,,,4.57,1.4,,,52.0,70.8,1810.0,4277.0,5.0,12.4,7.7,270.0,270.0,270.0,1310.0,1630.0,9.8,2.9,1.32,4.34,1030.0,4.3,3.9,-6.7,-9.5,-0.9,,,,,,,,,,3.5,3.0,3.6,1350.0,1350.0,3.8,984.9,1015.9,1014.0,1018.1,1407.0,2400.0,,,,{눈}0425-{눈}{강도0}0600-0620.{눈}1158-{눈}{강도0}1200-1354.{눈}2235-2318.,135,127.9946,36.2203
1995-01-06,-2.7,-6.6,0.7,1450.0,627.0,,,,,,,,39.0,51.3,1415.0,4844.0,5.6,14.0,8.3,290.0,290.0,290.0,1205.0,1210.0,9.8,8.0,1.47,8.56,1200.0,0.3,0.1,-11.2,-12.9,-1.2,,,,,,,,,,3.4,,,0.0,,2.6,991.1,1022.3,1018.1,1024.0,0.0,1948.0,,,,,135,127.9946,36.2203
1995-01-07,4.6,-0.2,9.6,1418.0,0.0,,,,,,,,56.0,73.0,1530.0,3942.0,4.6,12.3,7.7,290.0,290.0,290.0,219.0,150.0,9.8,5.5,1.27,6.72,1200.0,3.8,2.5,0.1,-8.6,2.0,,,,,,,,,,0.6,,,0.0,,6.2,992.0,1022.3,1020.8,1024.1,600.0,2343.0,,,,,135,127.9946,36.2203
1995-01-08,3.2,-3.8,12.2,1522.0,750.0,,,,,,,,35.0,74.5,1455.0,1030.0,1.2,10.3,6.0,270.0,270.0,270.0,1508.0,1510.0,9.8,6.6,1.17,6.84,1200.0,1.8,1.1,-1.7,-11.3,2.6,,,,,,,,,,,,,,,5.5,989.6,1020.1,1016.2,1024.0,2400.0,0.0,,,,{박무}0435-{박무}{강도0}0600-{박무}{강도0}0900-1050.,135,127.9946,36.2203
1995-01-09,3.0,-4.2,6.6,1055.0,2400.0,0.0,,,2.1,0.0,,,36.0,59.8,1408.0,5408.0,6.3,20.6,10.3,270.0,290.0,270.0,1150.0,1220.0,9.8,5.8,1.2,6.7,1230.0,4.5,3.1,-4.2,-8.7,2.4,,,,,,,,,,,,,,,4.7,986.6,1017.0,1013.4,1023.4,458.0,2332.0,,,,{눈}1908-1925.{눈}2023-{눈}{강도0}2100-2212.,135,127.9946,36.2203
1995-01-10,-4.1,-7.3,0.1,1552.0,655.0,,,,,,,,36.0,49.5,1513.0,3824.0,4.4,18.0,8.0,270.0,270.0,270.0,1314.0,1330.0,9.8,8.1,1.48,8.54,1200.0,1.5,1.1,-13.3,-12.0,-1.6,,,,,,,,,,,,,,,2.2,992.8,1024.2,1021.6,1026.3,1508.0,922.0,,,,,135,127.9946,36.2203
1995-01-11,-4.2,-8.4,-0.1,1510.0,817.0,,,,,0.0,,,37.0,54.0,1032.0,4330.0,5.0,14.1,8.0,270.0,290.0,290.0,1320.0,1530.0,9.8,8.1,1.52,8.72,1230.0,2.8,1.1,-12.2,-13.2,-1.8,,,,,,,,,,,,,,,2.5,993.5,1025.0,1022.0,1027.1,1611.0,312.0,,,,,135,127.9946,36.2203
1995-01-12,-1.4,-6.3,3.9,1346.0,640.0,0.0,,,2.55,0.0,,,44.0,66.0,1410.0,2798.0,3.2,15.3,8.3,270.0,270.0,270.0,1313.0,1320.0,9.9,5.8,1.44,7.75,1300.0,5.8,3.9,-7.3,-13.5,-0.4,,,,,,,,,,0.3,0.3,0.3,900.0,900.0,3.5,989.4,1020.4,1016.7,1024.4,1452.0,240.0,,,,{눈}0225-{눈}{강도0}0300-0318.{눈}0755-{눈}{강도0}0900-0935.,135,127.9946,36.2203
1995-01-13,-3.9,-6.6,-0.3,0.0,815.0,0.0,,,4.23,0.0,,,36.0,55.3,1515.0,4596.0,5.3,22.3,8.7,290.0,290.0,290.0,1429.0,1430.0,9.9,8.2,1.25,7.31,1100.0,2.5,1.8,-11.6,-11.7,-1.3,,,,,,,,,,0.1,0.1,0.1,48.0,48.0,2.5,989.7,1021.1,1017.7,1023.1,0.0,2400.0,,,,{눈}0018-0048.{눈}2016-{눈}{강도0}2100-{눈}{강도0}2400,135,127.9946,36.2203
1995-01-14,-5.9,-8.5,-1.8,1548.0,450.0,0.0,,,2.37,0.0,,,36.0,58.5,1435.0,6085.0,7.0,20.7,11.3,290.0,290.0,290.0,1159.0,1210.0,9.9,8.2,1.59,9.54,1245.0,2.8,1.6,-13.1,-12.6,-2.5,,,,,,,,,,0.1,0.1,0.1,856.0,856.0,2.3,994.1,1025.7,1023.1,1028.6,0.0,2400.0,,,,-{눈}-0022.{눈}0705-{눈}{강도0}0900-0905.,135,127.9946,36.2203
1995-01-15,-2.6,-5.6,2.8,1448.0,2400.0,,,,,,,,28.0,52.0,1430.0,3782.0,4.4,13.0,7.5,320.0,320.0,270.0,328.0,330.0,9.9,8.8,1.54,9.09,1245.0,0.8,1.3,-11.6,-12.9,-1.7,,,,,,,,,,,,,,,2.6,996.5,1027.8,1025.7,1029.6,1500.0,940.0,,,,,135,127.9946,36.2203
1995-01-16,-0.2,-5.9,4.7,1502.0,11.0,,,,,,,,40.0,62.0,1358.0,2087.0,2.4,12.1,6.7,250.0,250.0,270.0,1313.0,1320.0,9.9,6.2,1.66,8.05,1145.0,4.5,4.6,-6.8,-11.7,-0.3,,,,,,,,,,,,,,,3.7,994.6,1025.5,1023.3,1027.9,1500.0,0.0,,,,,135,127.9946,36.2203
1995-01-17,-1.4,-6.8,4.2,1503.0,804.0,,,,,,,,29.0,58.0,1620.0,2550.0,3.0,12.0,7.7,270.0,270.0,270.0,1346.0,1330.0,10.0,8.6,1.51,8.97,1230.0,0.0,0.5,-9.5,-14.6,-1.0,,,,,,,,,,,,,,,3.1,996.6,1027.8,1025.7,1029.6,1445.0,927.0,,,,,135,127.9946,36.2203
1995-01-18,0.1,-4.8,5.3,1418.0,50.0,,,,,,,,48.0,60.0,0.0,5018.0,5.8,17.2,10.0,270.0,270.0,270.0,1713.0,1720.0,10.0,5.0,1.36,6.28,1130.0,3.0,3.6,-6.7,-13.2,-0.6,,,,,,,,,,,,,,,3.7,993.5,1024.3,1021.3,1028.2,1550.0,42.0,,,,,135,127.9946,36.2203
1995-01-19,-3.2,-8.9,1.8,1502.0,815.0,,,,,,,,31.0,48.0,1453.0,3787.0,4.4,13.0,7.3,270.0,270.0,270.0,2310.0,2320.0,10.0,8.6,1.46,8.07,1130.0,3.0,1.3,-13.0,-16.7,-1.5,,,,,,,,,,,,,,,2.3,994.1,1025.5,1022.4,1028.5,1712.0,915.0,,,,,135,127.9946,36.2203
1995-01-20,-1.9,-6.6,4.6,1640.0,645.0,,,,,,,,47.0,57.0,1610.0,2786.0,3.2,11.3,6.7,270.0,270.0,270.0,1308.0,1310.0,10.0,8.7,1.52,8.78,1200.0,2.5,0.8,-9.3,-13.5,-1.2,,,,,,,,,,,,,,,3.1,992.9,1024.1,1022.0,1025.4,1445.0,2200.0,,,,,135,127.9946,36.2203
1995-01-21,-1.7,-7.1,3.8,1516.0,604.0,0.0,,,0.58,11.0,,,52.0,72.8,1622.0,513.0,0.6,6.7,3.2,270.0,290.0,110.0,628.0,650.0,10.1,0.0,0.58,2.88,1415.0,6.5,5.3,-6.4,-13.9,-0.4,,,,,,,,,,,,,,,3.8,992.5,1023.6,1019.3,1026.3,2400.0,252.0,,,,{눈}2325-{눈}{강도0}2400,135,127.9946,36.2203
1995-01-22,0.9,-0.7,2.0,1805.0,447.0,11.7,,,16.95,0.7,,,66.0,94.5,0.0,1422.0,1.6,10.7,6.0,270.0,270.0,270.0,2252.0,2320.0,10.1,0.0,0.17,0.71,1300.0,10.0,4.1,0.2,-3.0,0.2,,,,,,,,,,1.6,1.6,1.6,215.0,215.0,6.2,984.6,1015.2,1013.1,1019.3,1400.0,0.0,,,,-{눈}-{진눈깨비}0225-{비}0243-{비}{강도0}0300-{비}{강도0}0600-{진눈깨비}0619-{비}0835-{비}{강도0}0900-{비}{강도0}1200-1345.{비}1533-{비}{강도0}1800-1845.{박무}1135-{박무}{강도0}1200-{박무}{강도0}1500-{박무}{강도0}1800-{박무}{강도0}2100-{박무}{강도0}2400,135,127.9946,36.2203
1995-01-23,1.4,-2.8,5.1,1524.0,2353.0,,,,,0.0,,,26.0,57.0,1630.0,4994.0,5.8,16.0,10.0,270.0,270.0,270.0,1640.0,1430.0,10.1,6.9,1.57,8.16,1145.0,4.0,2.4,-6.6,-9.8,0.8,,,,,,,,,,,,,,,3.9,989.4,1020.0,1017.0,1024.7,5.0,2330.0,,,,-{박무}-{박무}{강도0}0300-{박무}{강도0}0600-0720.,135,127.9946,36.2203
1995-01-24,-2.6,-5.5,1.1,1427.0,740.0,0.0,,,2.78,,,,36.0,53.5,1558.0,3241.0,3.8,15.0,8.0,290.0,290.0,290.0,1315.0,1310.0,10.1,8.4,1.61,9.3,1200.0,1.0,1.3,-11.0,-11.8,-1.6,,,,,,,,,,,,,,,2.7,996.0,1027.2,1024.7,1030.0,0.0,2400.0,,,,{눈}0225-{눈}{강도0}0300-0512.,135,127.9946,36.2203
1995-01-25,-2.3,-7.9,5.3,1435.0,814.0,0.1,,,0.3,0.2,,,34.0,64.3,1200.0,1787.0,2.1,14.5,6.0,270.0,270.0,270.0,1700.0,1610.0,10.2,7.4,1.43,7.81,1200.0,1.5,1.5,-8.4,-14.3,-1.1,,,,,,,,,,0.4,0.4,0.4,2400.0,2400.0,3.3,997.8,1029.1,1026.0,1031.9,1450.0,853.0,,,,{소낙눈}2342-{소낙눈}{강도0}2400,135,127.9946,36.2203
1995-01-26,-2.1,-6.8,1.3,1510.0,2400.0,0.1,,,0.47,,,,30.0,53.0,1710.0,4390.0,5.1,17.0,10.7,290.0,290.0,290.0,1220.0,1210.0,10.2,8.7,1.66,9.5,1200.0,1.3,0.8,-10.7,-14.1,-1.0,,,,,,,,,,0.7,0.3,0.3,35.0,35.0,2.9,998.2,1029.4,1026.3,1033.1,50.0,2210.0,,,,-{소낙눈}-0005.{소낙눈}0025-0048.,135,127.9946,36.2203
1995-01-27,-3.6,-9.6,2.7,1519.0,812.0,,,,,,,,29.0,51.0,1223.0,4142.0,4.8,13.3,9.3,270.0,290.0,270.0,1714.0,10.0,10.2,7.9,1.6,9.45,1220.0,1.0,0.8,-12.7,-15.1,-1.7,,,,,,,,,,,,,,,2.4,998.8,1030.4,1027.0,1033.2,1502.0,830.0,,,,,135,127.9946,36.2203
1995-01-28,-4.8,-9.5,-0.9,1545.0,2400.0,,,,,0.2,,,30.0,51.3,1608.0,4452.0,5.2,15.0,9.0,290.0,270.0,270.0,1600.0,1510.0,10.3,8.6,1.6,9.75,1200.0,0.0,0.0,-13.7,-17.6,-2.3,,,,,,,,,,,,,,,2.2,998.3,1030.0,1028.1,1031.4,1453.0,1013.0,,,,,135,127.9946,36.2203
1995-01-29,-6.3,-11.5,-0.6,1510.0,148.0,0.3,,,4.33,0.1,,,42.0,65.8,1238.0,4595.0,5.3,23.4,12.7,270.0,270.0,270.0,1418.0,1520.0,10.3,7.0,1.64,9.19,1200.0,2.0,2.4,-12.0,-18.3,-1.8,,,,,,,,,,0.7,0.7,1.0,717.0,717.0,2.5,996.1,1027.8,1025.0,1030.9,1426.0,2340.0,,,,{눈}0517-{눈}{강도0}0600-0720.{소낙눈}1616-1758.{눈}2325-{눈}{강도0}2400,135,127.9946,36.2203
1995-01-30,-6.7,-10.8,-1.7,1508.0,630.0,0.0,,,0.3,,,,32.0,44.8,1450.0,4348.0,5.0,16.0,9.0,270.0,270.0,270.0,645.0,650.0,10.3,8.5,1.68,10.61,1215.0,0.0,0.0,-17.0,-16.8,-3.0,,,,,,,,,,,,,,,1.6,999.9,1031.9,1030.0,1033.7,1456.0,1000.0,,,,-{눈}-0018.,135,127.9946,36.2203
1995-01-31,-4.3,-8.2,0.8,1352.0,810.0,,,,,,,,38.0,56.8,1712.0,4342.0,5.0,15.5,9.3,290.0,290.0,270.0,1608.0,1610.0,10.3,7.8,1.62,9.67,1200.0,1.5,1.4,-11.6,-14.5,-2.2,,,,,,,,,,,,,,,2.5,999.8,1031.5,1028.7,1033.3,1447.0,2400.0,,,,,135,127.9946,36.2203
1995-02-01,-4.2,-9.8,2.9,1538.0,813.0,,,,,,,,28.0,55.3,1543.0,2316.0,2.7,8.3,5.3,290.0,290.0,290.0,714.0,720.0,10.4,8.7,1.74,10.78,1230.0,0.0,0.0,-12.4,-17.2,-2.5,,,,,,,,,,,,,,,2.4,1002.5,1034.3,1032.5,1035.4,1430.0,755.0,,,,,135,127.9946,36.2203
1995-02-02,-3.4,-11.7,6.9,1430.0,740.0,,,,,,,,29.0,60.0,1335.0,904.0,1.0,6.3,3.3,140.0,160.0,290.0,1400.0,1410.0,10.4,7.3,1.54,9.12,1245.0,2.3,0.8,-11.1,-18.9,-2.0,,,,,,,,,,,,,,,2.6,1001.7,1033.3,1029.4,1035.4,1513.0,233.0,,,,,135,127.9946,36.2203
1995-02-03,-1.2,-7.0,4.6,1519.0,814.0,,,,,,,,34.0,60.0,1430.0,2770.0,3.2,10.6,6.7,270.0,270.0,270.0,2344.0,2350.0,10.4,8.5,1.74,10.34,1215.0,2.0,0.4,-8.6,-14.7,-1.0,,,,,,,,,,,,,,,3.2,1001.4,1032.7,1029.7,1034.9,1445.0,756.0,,,,,135,127.9946,36.2203
1995-02-04,-2.4,-5.9,2.4,1316.0,434.0,,,,,,,,36.0,64.3,1308.0,3048.0,3.5,9.8,6.3,290.0,290.0,270.0,1312.0,1310.0,10.5,5.9,1.64,7.73,1215.0,3.8,0.4,-8.8,-13.1,-1.5,,,,,,,,,,,,,,,3.2,997.2,1028.6,1025.0,1031.5,1530.0,0.0,,,,,135,127.9946,36.2203
1995-02-05,-3.1,-6.5,1.0,1555.0,807.0,,,,,,,,34.0,51.3,1556.0,4800.0,5.6,13.0,6.7,270.0,270.0,270.0,1223.0,1410.0,10.5,8.6,1.69,10.75,1200.0,0.0,0.0,-12.1,-12.4,-1.9,,,,,,,,,,,,,,,2.4,994.5,1025.8,1023.8,1027.1,1500.0,812.0,,,,,135,127.9946,36.2203
1995-02-06,-0.4,-4.6,4.1,1507.0,112.0,,,,,,,,35.0,55.3,1402.0,5078.0,5.9,16.2,10.0,270.0,270.0,270.0,1522.0,1540.0,10.5,9.1,1.77,11.13,1200.0,1.5,1.0,-8.4,-12.0,-0.4,,,,,,,,,,,,,,,3.3,994.0,1024.9,1022.4,1027.2,1457.0,15.0,,,,,135,127.9946,36.2203
1995-02-07,2.4,-3.6,9.3,1605.0,732.0,,,,,,,,35.0,59.8,1630.0,3359.0,3.9,13.0,8.2,270.0,270.0,270.0,208.0,220.0,10.6,8.9,1.76,11.07,1200.0,0.0,0.0,-4.9,-11.0,0.4,,,,,,,,,,,,,,,4.2,992.0,1022.6,1020.2,1024.5,1450.0,820.0,,,,,135,127.9946,36.2203
1995-02-08,2.4,-5.8,11.5,1440.0,710.0,,,,,,,,25.0,61.0,1428.0,699.0,0.8,7.3,4.3,290.0,230.0,270.0,1415.0,1320.0,10.6,5.2,1.66,8.13,1245.0,4.3,2.6,-5.9,-13.5,0.6,,,,,,,,,,,,,,,4.0,990.8,1021.4,1018.3,1024.6,1515.0,900.0,,,,{햇무리}1120-1138.,135,127.9946,36.2203
1995-02-09,3.9,-1.5,9.5,1429.0,2400.0,,,,,,,,39.0,60.3,1614.0,2706.0,3.1,11.4,8.3,270.0,270.0,270.0,1339.0,1530.0,10.6,7.9,1.6,9.64,1215.0,3.0,0.4,-3.1,-7.5,2.0,,,,,,,,,,,,,,,4.9,990.2,1020.5,1017.8,1027.4,1354.0,2400.0,,,,{박무}1115-{박무}{강도0}1200-1305.,135,127.9946,36.2203
1995-02-10,0.8,-6.1,10.2,1520.0,800.0,,,,,,,,38.0,70.0,1440.0,630.0,0.7,6.5,3.3,180.0,180.0,50.0,1215.0,1210.0,10.7,9.1,1.71,10.43,1200.0,0.5,0.1,-4.8,-13.7,1.7,,,,,,,,,,,,,,,4.3,998.0,1029.0,1026.9,1031.1,1440.0,905.0,,,,,135,127.9946,36.2203
1995-02-11,3.2,-5.2,13.4,1503.0,642.0,,,,,0.1,,,44.0,72.3,1455.0,844.0,1.0,10.2,6.0,270.0,270.0,270.0,1400.0,1410.0,10.7,6.6,1.64,8.89,1200.0,4.5,1.8,-1.9,-12.6,3.2,,,,,,,,,,,,,,,5.5,995.9,1026.5,1022.8,1030.1,1446.0,0.0,,,,,135,127.9946,36.2203
1995-02-12,3.3,0.8,5.3,1040.0,2140.0,8.2,,,14.05,8.1,,,82.0,90.0,0.0,1122.0,1.3,9.0,5.3,270.0,270.0,270.0,2035.0,2040.0,10.7,0.0,0.32,2.17,1445.0,10.0,6.0,1.9,-2.0,3.7,,,,,,,,,,,,,,,7.0,990.1,1020.5,1017.4,1024.2,1830.0,0.0,,,,{비}0712-{비}{강도0}0900-0935.{비}1015-{비}{강도0}1200-{진눈깨비}1440-{진눈깨비}{강도0}1500-{비}1513-{비}{강도0}1800-{진눈깨비}1945-{진눈깨비}{강도0}2100-{눈}2145-2155.{박무}2340-{박무}{강도0}2400,135,127.9946,36.2203
1995-02-13,2.2,-1.0,6.1,1412.0,2400.0,,,,,0.0,,,36.0,62.3,1418.0,4532.0,5.2,13.2,8.0,270.0,270.0,270.0,1330.0,1530.0,10.8,8.3,1.85,11.22,1200.0,4.5,2.3,-4.7,-7.6,2.9,,,,,,,,,,,,,,,4.4,988.4,1018.9,1017.2,1021.2,1445.0,924.0,,,,-{박무}-{박무}{강도0}0300-{박무}{강도0}0600-0740.,135,127.9946,36.2203
1995-02-14,0.0,-3.9,5.5,1538.0,750.0,0.0,,,0.88,0.0,,,30.0,52.5,1508.0,3834.0,4.4,12.1,7.7,270.0,270.0,270.0,1358.0,1100.0,10.8,9.3,1.93,12.38,1230.0,0.8,0.4,-9.1,-11.0,1.2,,,,,,,,,,,,,,,3.1,988.1,1018.8,1015.8,1020.7,1434.0,900.0,,,,{눈}0515-{눈}{강도0}0600-0608.,135,127.9946,36.2203
1995-02-15,-0.7,-5.5,4.7,1506.0,610.0,0.0,,,1.73,0.0,,,29.0,55.3,1648.0,3056.0,3.5,14.2,8.7,270.0,270.0,270.0,1543.0,1510.0,10.8,8.6,1.92,11.08,1200.0,3.5,2.0,-9.0,-13.3,0.7,,,,,,,,,,0.1,0.1,0.1,900.0,900.0,3.2,987.9,1018.7,1016.1,1022.6,1435.0,2400.0,,,,{눈}0640-0708.{눈}0756-{눈}{강도0}0900-0912.,135,127.9946,36.2203
1995-02-16,-1.0,-5.8,3.3,1548.0,742.0,,,,,,,,33.0,52.8,1521.0,3589.0,4.2,14.2,8.0,270.0,270.0,270.0,1415.0,1420.0,10.9,9.8,1.94,12.71,1200.0,0.3,0.1,-9.7,-12.3,0.2,,,,,,,,,,,,,,,3.0,991.2,1022.1,1019.9,1025.0,1423.0,2400.0,,,,,135,127.9946,36.2203
1995-02-17,-0.7,-5.6,6.1,1630.0,741.0,,,,,,,,35.0,62.0,1600.0,1941.0,2.2,11.2,6.7,270.0,270.0,270.0,1140.0,1310.0,10.9,9.4,1.91,12.51,1200.0,0.0,0.0,-7.4,-13.0,0.0,,,,,,,,,,,,,,,3.5,994.5,1025.5,1023.4,1026.9,1445.0,900.0,,,,,135,127.9946,36.2203
1995-02-18,-0.6,-6.7,6.5,1550.0,520.0,,,,,,,,39.0,67.3,1515.0,409.0,0.5,5.6,2.7,90.0,90.0,160.0,1332.0,1330.0,11.0,0.3,1.02,6.48,1245.0,7.0,3.0,-6.4,-13.9,1.1,,,,,,,,,,,,,,,3.8,994.1,1025.1,1023.4,1026.7,1550.0,430.0,,,,{달무리}0115-0535.{햇무리}0840-0943.,135,127.9946,36.2203
1995-02-19,1.9,-6.8,11.0,1550.0,753.0,,,,,,,,27.0,58.8,1436.0,2168.0,2.5,10.2,7.0,270.0,270.0,270.0,1600.0,1620.0,11.0,8.8,1.94,12.8,1215.0,0.0,0.0,-6.7,-14.6,1.8,,,,,,,,,,,,,,,3.7,992.8,1023.5,1020.4,1025.7,1452.0,823.0,,,,,135,127.9946,36.2203
1995-02-20,1.8,-2.2,6.9,1456.0,550.0,,,,,,,,45.0,63.5,1516.0,3070.0,3.6,12.5,6.7,270.0,270.0,270.0,1457.0,1510.0,11.0,6.3,1.84,10.16,1215.0,2.0,1.8,-4.5,-11.0,2.3,,,,,,,,,,,,,,,4.4,992.5,1023.2,1020.6,1024.7,1452.0,2400.0,,,,{박무}0420-{박무}{강도0}0600-{박무}{강도0}0900-{박무}{강도0}1200-1435.,135,127.9946,36.2203
1995-02-21,0.4,-5.0,7.5,1426.0,754.0,,,,,,,,29.0,50.5,1546.0,2097.0,2.4,8.3,6.0,270.0,270.0,270.0,115.0,120.0,11.1,8.9,1.84,11.37,1230.0,0.8,0.1,-9.1,-11.9,2.1,,,,,,,,,,,,,,,3.1,994.8,1025.8,1023.3,1027.9,1440.0,2400.0,,,,,135,127.9946,36.2203
1995-02-22,0.7,-7.8,10.5,1522.0,710.0,,,,,,,,26.0,59.0,1620.0,1308.0,1.5,9.2,5.0,270.0,270.0,270.0,1205.0,1220.0,11.1,9.0,1.84,11.57,1200.0,1.8,0.0,-7.9,-14.7,2.3,,,,,,,,,,,,,,,3.4,994.8,1025.7,1021.9,1028.4,1455.0,900.0,,,,,135,127.9946,36.2203
1995-02-23,2.2,-2.5,8.6,1514.0,638.0,,,,,,,,34.0,50.3,1904.0,3816.0,4.4,10.5,7.3,270.0,270.0,270.0,1312.0,1410.0,11.1,7.7,1.83,11.81,1230.0,0.8,0.0,-7.2,-8.9,2.8,,,,,,,,,,,,,,,3.6,994.3,1024.9,1022.2,1026.7,1706.0,830.0,,,,,135,127.9946,36.2203
1995-02-24,2.0,-5.6,10.9,1509.0,735.0,,,,,,,,39.0,57.8,1700.0,547.0,0.6,5.4,3.3,70.0,270.0,20.0,1454.0,1040.0,11.2,5.9,1.74,9.34,1215.0,1.8,1.5,-5.6,-13.5,3.2,,,,,,,,,,,,,,,4.1,991.7,1022.3,1018.4,1025.0,1650.0,820.0,,,,,135,127.9946,36.2203
1995-02-25,1.8,-3.2,8.0,1325.0,608.0,0.3,,,1.8,,,,38.0,68.3,1412.0,1194.0,1.4,10.1,6.7,270.0,270.0,270.0,1514.0,2050.0,11.2,0.0,0.92,5.28,1230.0,7.5,6.3,-3.8,-9.7,2.8,,,,,,,,,,,,,,,4.7,985.7,1016.2,1011.4,1021.0,1910.0,30.0,,,,{비}2036-{비}{강도0}2100-2224.{박무}0940-{박무}{강도0}1200-1350.,135,127.9946,36.2203
1995-02-26,2.2,-2.2,6.6,1539.0,2400.0,0.0,,,6.78,0.0,,,40.0,59.5,1542.0,4282.0,5.0,17.0,10.0,290.0,290.0,290.0,1045.0,1040.0,11.2,6.8,1.94,11.18,1145.0,6.3,3.3,-4.8,-11.5,4.5,,,,,,,,,,,,,,,4.3,984.6,1014.9,1012.0,1019.4,0.0,2300.0,,,,{눈}0218-{눈}{강도0}0300-{눈}{강도0}0600-{눈}{강도0}0900-0905.,135,127.9946,36.2203
1995-02-27,1.6,-5.5,11.3,1509.0,802.0,,,,,5.7,,,28.0,58.3,1408.0,1179.0,1.4,6.2,4.7,290.0,290.0,70.0,508.0,550.0,11.3,8.3,1.95,12.56,1215.0,0.8,0.0,-6.6,-13.0,3.7,,,,,,,,,,,,,,,3.8,987.2,1017.8,1014.4,1021.4,1700.0,910.0,,,,,135,127.9946,36.2203
1995-02-28,2.8,0.5,6.9,1505.0,2400.0,7.2,,,6.27,,,,54.0,75.0,1525.0,3700.0,4.3,17.6,10.0,270.0,270.0,270.0,1955.0,2010.0,11.3,3.2,1.56,7.39,1145.0,9.3,5.1,-1.3,-6.7,3.9,,,,,,,,,,2.8,2.8,2.8,826.0,826.0,5.6,979.8,1010.0,1006.5,1015.4,1433.0,2400.0,,,,{비}0634-{진눈깨비}0703-{소낙눈}0712-0852.{비}1747-{비}{강도0}1800-{비}{강도0}2100-2145.,135,127.9946,36.2203
1995-03-01,2.7,-1.9,9.5,1511.0,736.0,,,,,,,,34.0,56.5,1500.0,2599.0,3.0,13.8,9.3,270.0,270.0,270.0,25.0,30.0,11.4,9.5,2.12,13.21,1245.0,3.5,1.4,-5.5,-10.7,5.0,,,,,,,,,,,,,,,4.1,989.1,1019.6,1015.4,1023.0,0.0,2334.0,,,,,135,127.9946,36.2203
1995-03-02,2.1,-5.8,11.2,1538.0,728.0,,,,,,,,34.0,65.0,1540.0,783.0,0.9,6.4,4.0,270.0,290.0,270.0,1614.0,2300.0,11.4,8.8,1.55,10.56,1145.0,3.8,1.5,-4.7,-12.5,4.4,,,,,,,,,,,,,,,4.3,989.5,1020.1,1016.0,1023.4,1650.0,230.0,,,,,135,127.9946,36.2203
1995-03-03,1.5,-1.6,6.3,1330.0,730.0,,,,,0.1,,,37.0,57.8,2016.0,3415.0,4.0,12.2,7.0,270.0,270.0,270.0,1307.0,1210.0,11.4,5.8,2.01,10.13,1200.0,4.5,1.6,-5.7,-7.4,2.7,,,,,,,,,,,,,,,4.1,985.7,1016.3,1013.7,1017.5,1500.0,832.0,,,,,135,127.9946,36.2203
1995-03-04,-0.1,-2.6,4.4,1427.0,555.0,0.1,,,8.13,0.0,,,46.0,72.8,1437.0,3802.0,4.4,12.5,7.3,270.0,270.0,270.0,1405.0,1440.0,11.5,4.7,1.88,9.4,1045.0,5.3,4.1,-4.5,-8.7,1.5,,,,,,,,,,0.4,0.4,0.4,815.0,815.0,4.4,986.8,1017.4,1015.5,1021.2,1405.0,2400.0,,,,{눈}0215-{눈}{강도0}0300-{눈}{강도0}0600-{눈}{강도0}0900-0925.{눈}1245-1325.{눈}1622-1640.,135,127.9946,36.2203
1995-03-05,2.5,-2.8,9.1,1542.0,437.0,,,,,,,,40.0,56.0,1530.0,4882.0,5.7,14.0,7.7,270.0,270.0,270.0,1106.0,1120.0,11.5,9.4,2.17,13.2,1200.0,1.5,0.6,-5.4,-9.7,3.4,,,,,,,,,,,,,,,4.1,989.5,1020.1,1017.9,1022.0,1708.0,955.0,,,,,135,127.9946,36.2203
1995-03-06,4.9,-3.6,13.3,1553.0,724.0,,,,,,,,29.0,64.5,1630.0,1787.0,2.1,9.3,6.3,270.0,270.0,270.0,1540.0,30.0,11.6,9.0,2.1,12.67,1200.0,2.8,0.4,-2.2,-12.2,4.8,,,,,,,,,,,,,,,5.2,989.4,1019.6,1017.1,1021.9,1430.0,653.0,,,,,135,127.9946,36.2203
1995-03-07,6.1,-2.3,15.6,1553.0,745.0,,,,,,,,28.0,64.8,1633.0,1361.0,1.6,10.2,6.3,270.0,270.0,270.0,1525.0,1520.0,11.6,9.5,1.93,12.55,1145.0,0.8,0.4,-1.2,-9.7,6.4,,,,,,,,,,,,,,,5.6,990.2,1020.3,1017.5,1022.1,1800.0,2400.0,,,,{박무}0620-{박무}{강도0}0900-0928.,135,127.9946,36.2203
1995-03-08,7.3,-1.4,18.4,1518.0,520.0,,,,,,,,22.0,50.8,1426.0,1414.0,1.6,9.4,5.3,250.0,250.0,230.0,1335.0,1340.0,11.6,10.2,2.11,14.15,1215.0,0.0,0.0,-3.5,-9.6,7.6,,,,,,,,,,,,,,,4.7,993.1,1023.1,1019.8,1025.0,1603.0,2121.0,,,,,135,127.9946,36.2203
1995-03-09,6.0,2.5,11.1,1310.0,655.0,13.5,,,8.75,21.8,,,55.0,74.0,1255.0,2276.0,2.6,12.7,6.7,110.0,110.0,110.0,1544.0,2000.0,11.7,0.0,0.69,3.01,1200.0,7.5,4.9,1.8,-4.9,5.6,,,,,,,,,,,,,,,7.0,988.3,1018.4,1006.7,1025.1,2400.0,45.0,,,,{비}1515-{비}{강도0}1800-{비}{강도0}2100-{비}{강도0}2400,135,127.9946,36.2203
1995-03-10,3.8,0.5,6.3,1455.0,2010.0,10.0,,,14.47,1.7,,,42.0,72.8,1505.0,6520.0,7.5,21.8,11.7,270.0,270.0,270.0,1415.0,1440.0,11.7,5.3,1.7,7.79,1000.0,7.3,5.0,-1.0,-1.9,5.4,,,,,,,,,,4.7,4.7,4.7,2400.0,2400.0,5.9,976.4,1006.4,1003.7,1010.5,315.0,2400.0,,,,-{비}-{비}{강도0}0300-{비}{강도0}0600-{진눈깨비}0615-{눈}0640-0718.{눈}1615-1750.{눈}1825-{눈}{강도0}2100-{눈}{강도0}2400,135,127.9946,36.2203
1995-03-11,3.9,0.0,9.0,1338.0,2320.0,0.0,,,0.47,1.3,,,51.0,70.0,1353.0,3614.0,4.2,16.5,7.0,290.0,290.0,290.0,47.0,50.0,11.7,5.5,1.24,6.32,1000.0,7.3,4.9,-1.2,-7.6,4.5,,,,,,,,,,5.0,0.3,0.3,8.0,8.0,5.6,982.5,1012.6,1009.8,1013.6,2348.0,900.0,,,,-{눈}-0028.,135,127.9946,36.2203
1995-03-12,2.7,0.2,5.3,1550.0,0.0,2.7,,,12.4,1.4,,,75.0,84.5,1533.0,2996.0,3.5,13.5,7.7,270.0,270.0,290.0,915.0,920.0,11.8,0.6,1.16,3.6,1315.0,9.5,5.3,0.4,-4.4,3.9,,,,,,,,,,,,,,,6.3,982.6,1012.9,1007.7,1019.5,513.0,2400.0,,,,{비}0048-{진눈깨비}0105-0235.{눈}0545-{눈}{강도0}0600-{진눈깨비}0740-{진눈깨비}{강도0}0900-{비}0910-{비}{강도0}1200-1335.{비}1448-{비}{강도0}1500-1735.{박무}2150-{박무}{강도0}2400,135,127.9946,36.2203
1995-03-13,5.6,2.1,12.1,1548.0,2352.0,,,,,,,,36.0,65.3,1547.0,2217.0,2.6,9.2,5.7,320.0,320.0,290.0,658.0,710.0,11.8,8.6,1.97,13.53,1200.0,6.8,4.4,-0.7,-4.4,7.4,,,,,,,,,,,,,,,5.8,993.0,1023.2,1019.5,1026.4,0.0,2300.0,,,,-{박무}-{박무}{강도0}0300-{박무}{강도0}0600-0625.,135,127.9946,36.2203
1995-03-14,4.6,-2.1,13.0,1519.0,647.0,,,,,,,,33.0,71.5,1614.0,519.0,0.6,5.3,2.7,270.0,270.0,320.0,1631.0,1630.0,11.9,7.3,1.63,10.19,1115.0,4.3,1.1,-0.7,-9.0,5.7,,,,,,,,,,,,,,,5.8,998.0,1028.5,1026.3,1031.3,0.0,2150.0,,,,{햇무리}1425-1635.{박무}0625-0820.,135,127.9946,36.2203
1995-03-15,7.1,-2.3,17.1,1453.0,720.0,,,,,11.1,,,32.0,65.3,1505.0,1886.0,2.2,10.0,5.7,90.0,90.0,90.0,2133.0,2130.0,11.9,8.5,2.1,12.66,1230.0,6.8,2.1,0.0,-9.8,8.0,,,,,,,,,,,,,,,6.1,995.9,1026.0,1020.4,1031.1,2400.0,0.0,,,,{햇무리}1515-1550.,135,127.9946,36.2203
1995-03-16,7.6,4.5,12.4,1053.0,132.0,11.1,,,11.28,0.0,,,69.0,88.3,0.0,3087.0,3.6,14.4,8.3,270.0,270.0,270.0,2335.0,2340.0,11.9,0.9,1.42,2.79,920.0,10.0,5.8,5.7,2.2,7.6,,,,,,,,,,,,,,,9.2,981.7,1011.4,1005.0,1020.4,1216.0,0.0,,,,{비}0012-{비}{강도0}0300-{비}{강도0}0600-{비}{강도0}0900-0907.{비}1336-1413.{비}1645-{비}{강도0}1800-1805.{비}1910-1935.,135,127.9946,36.2203
1995-03-17,1.1,-2.7,6.7,0.0,2400.0,,,,,0.0,,,24.0,49.0,1645.0,5547.0,6.4,20.3,10.0,270.0,270.0,270.0,1445.0,1450.0,12.0,8.8,2.23,12.94,1100.0,6.3,3.4,-8.5,-8.0,3.9,,,,,,,,,,,,,,,3.4,992.7,1023.4,1017.5,1028.0,0.0,2337.0,,,,,135,127.9946,36.2203
1995-03-18,0.9,-4.3,6.2,1518.0,528.0,0.1,,,2.77,0.1,,,41.0,59.0,1355.0,4060.0,4.7,17.2,9.3,290.0,290.0,270.0,1832.0,1830.0,12.0,8.9,2.04,12.13,1200.0,5.3,3.3,-6.3,-10.9,2.9,,,,,,,,,,,,,,,3.9,994.0,1024.9,1021.5,1028.1,1658.0,100.0,,,,{달무리}0016-0120.{눈}0308-0412.{소낙눈}0923-1005.{눈}1538-1615.{눈}1808-1831.,135,127.9946,36.2203
1995-03-19,4.3,-0.6,10.5,1525.0,2400.0,,,,,,,,24.0,41.0,1424.0,3549.0,4.1,13.6,8.3,270.0,270.0,290.0,1506.0,1510.0,12.1,10.1,2.24,15.46,1145.0,1.8,1.3,-8.3,-10.3,5.4,,,,,,,,,,,,,,,3.3,993.8,1024.2,1021.4,1026.3,1702.0,914.0,,,,,135,127.9946,36.2203
1995-03-20,7.7,-1.6,17.1,1539.0,130.0,,,,,,,,22.0,44.5,1631.0,2786.0,3.2,19.1,10.7,270.0,270.0,270.0,1547.0,1520.0,12.1,8.9,1.93,12.93,1300.0,1.0,0.5,-4.9,-9.3,7.7,,,,,,,,,,,,,,,4.3,990.6,1020.6,1016.7,1024.1,1800.0,40.0,,,,,135,127.9946,36.2203
1995-03-21,11.0,1.0,20.4,1517.0,630.0,,,,,,,,36.0,60.8,1507.0,1933.0,2.2,13.0,8.0,270.0,270.0,270.0,1320.0,1510.0,12.1,9.7,2.05,13.73,1030.0,3.5,3.3,3.2,-6.7,12.1,,,,,,,,,,,,,,,8.0,987.2,1016.7,1012.3,1019.7,1453.0,30.0,,,,,135,127.9946,36.2203
1995-03-22,7.4,5.8,10.0,0.0,410.0,0.0,,,1.17,0.0,,,75.0,85.8,1250.0,1797.0,2.1,7.3,4.3,70.0,70.0,70.0,1340.0,1350.0,12.2,0.0,0.27,1.04,1200.0,7.5,3.5,5.1,0.0,7.4,,,,,,,,,,,,,,,8.8,989.4,1019.3,1017.1,1021.4,320.0,1100.0,,,,{박무}0315-{박무}{강도0}0600-{박무}{강도0}0900-{박무}{강도0}1200-{박무}{강도0}1500-{박무}{강도0}1800-{박무}{강도0}2100-{박무}{강도0}2400{비}1505-1515.{비}1655-1735.{비}1920-1940.,135,127.9946,36.2203
1995-03-23,9.4,6.0,14.8,1523.0,610.0,,,,,,,,61.0,82.3,1520.0,1134.0,1.3,6.3,4.0,70.0,70.0,70.0,2057.0,2050.0,12.2,0.9,0.99,4.74,1330.0,10.0,4.8,6.3,4.4,10.8,,,,,,,,,,,,,,,9.6,988.5,1018.2,1014.6,1020.8,1603.0,905.0,,,,-{박무}-{박무}{강도0}0300-{박무}{강도0}0600-{박무}{강도0}0900-{박무}{강도0}1200-{박무}{강도0}1500-{박무}{강도0}1800-{박무}{강도0}2100-{박무}{강도0}2400,135,127.9946,36.2203
1995-03-24,7.9,3.6,10.2,1410.0,2400.0,3.0,,,3.97,8.8,,,69.0,82.0,1401.0,2221.0,2.6,7.7,5.0,50.0,50.0,70.0,2042.0,2000.0,12.3,0.0,0.42,1.58,1300.0,10.0,5.0,5.0,1.6,8.8,,,,,,,,,,,,,,,8.8,985.9,1015.6,1013.4,1018.0,1527.0,2306.0,,,,-{박무}-{박무}{강도0}0300-{박무}{강도0}0600-{박무}{강도0}0900-{박무}{강도0}1200-1420.{비}2002-{비}{강도0}2100-{비}{강도0}2400,135,127.9946,36.2203
1995-03-25,3.0,0.7,5.5,1414.0,513.0,5.8,,,6.93,0.0,,,73.0,87.0,1350.0,829.0,1.0,5.6,3.0,70.0,70.0,70.0,108.0,110.0,12.3,0.0,0.47,2.97,1330.0,9.5,5.5,1.1,-2.0,5.9,,,,,,,,,,,,,,,6.6,987.0,1017.4,1016.0,1018.4,1640.0,830.0,,,,-{비}-{비}{강도0}0300-{진눈깨비}0315-{진눈깨비}{강도0}0600-0618.{비}1445-{비}{강도0}1500-1510.{비}1635-1648.,135,127.9946,36.2203
1995-03-26,4.9,0.7,10.3,1611.0,630.0,,,,,,,,34.0,59.5,1444.0,3731.0,4.3,12.8,8.0,270.0,270.0,270.0,1405.0,1430.0,12.3,10.1,2.37,16.31,1200.0,4.0,2.0,-3.1,-4.6,8.5,,,,,,,,,,,,,,,5.0,985.0,1015.1,1012.4,1016.8,1650.0,940.0,,,,,135,127.9946,36.2203
1995-03-27,4.2,-0.6,9.3,1228.0,520.0,9.0,,,3.88,9.0,,,32.0,68.8,2050.0,2328.0,2.7,13.2,6.3,290.0,340.0,290.0,1802.0,1710.0,12.4,0.0,0.7,2.54,1130.0,5.0,3.1,-1.7,-7.5,3.6,,,,,,,,,,,,,,,5.7,986.0,1016.2,1013.8,1021.1,1626.0,2350.0,,,,{비}1305-{비}{강도0}1500-1515.{비}1635-{비}{강도0}1800-1818.,135,127.9946,36.2203
1995-03-28,5.3,-3.9,11.1,1510.0,650.0,,,,,,,,39.0,56.8,1420.0,1651.0,1.9,8.5,5.0,70.0,70.0,50.0,1015.0,1030.0,12.4,9.9,1.73,11.77,1145.0,5.0,2.4,-2.9,-10.7,5.7,,,,,,,,,,,,,,,5.0,992.5,1022.8,1019.9,1026.2,1713.0,800.0,,,,{햇무리}1117-1635.,135,127.9946,36.2203
1995-03-29,9.2,3.0,17.0,1426.0,730.0,,,,,,,,35.0,59.3,1510.0,759.0,0.9,7.3,4.3,250.0,230.0,20.0,1533.0,1540.0,12.5,8.2,2.3,14.72,1230.0,5.3,3.4,1.4,-2.0,12.1,,,,,,,,,,,,,,,6.8,988.2,1017.9,1014.6,1021.8,1730.0,40.0,,,,,135,127.9946,36.2203
1995-03-30,8.4,1.4,16.1,1613.0,632.0,,,,,,,,40.0,71.3,1418.0,681.0,0.8,6.2,4.3,250.0,250.0,250.0,1015.0,1010.0,12.5,4.5,1.24,7.45,1300.0,6.0,2.5,2.7,-4.0,9.4,,,,,,,,,,,,,,,7.4,983.0,1012.6,1008.3,1016.8,1540.0,0.0,,,,{햇무리}1127-1225.{박무}2045-{박무}{강도0}2100-{박무}{강도0}2400,135,127.9946,36.2203
1995-03-31,5.0,0.7,11.7,1028.0,735.0,0.3,,,2.5,0.3,,,46.0,73.0,2200.0,3569.0,4.1,17.2,9.0,270.0,270.0,270.0,1815.0,1820.0,12.5,2.6,1.5,5.51,930.0,3.8,1.9,0.4,-3.9,5.5,,,,,,,,,,,,,,,6.5,982.5,1012.5,1009.7,1015.8,1517.0,2400.0,,,,-{박무}-{박무}{강도0}0300-{박무}{강도0}0600-{박무}{강도0}0900-1125.{비}1345-{비}{강도0}1500-1615.,135,127.9946,36.2203
1995-04-01,5.3,0.3,10.7,1504.0,605.0,,,,,,,,32.0,46.0,1118.0,4596.0,5.3,16.3,10.0,270.0,270.0,270.0,1220.0,1400.0,12.6,10.8,2.28,15.74,1115.0,0.8,1.4,-5.5,-4.8,7.7,,,,,,,,,,,,,,,4.1,987.5,1017.7,1015.8,1019.4,0.0,2203.0,,,,,135,127.9946,36.2203
1995-04-02,3.6,0.4,7.7,1449.0,650.0,,,,,,,,27.0,47.0,1432.0,5343.0,6.2,16.8,10.3,270.0,270.0,270.0,1418.0,1520.0,12.6,9.8,2.51,18.43,1215.0,1.5,1.6,-7.0,-5.1,7.9,,,,,,,,,,,,,,,3.7,991.9,1022.4,1018.4,1026.3,125.0,2400.0,,,,,135,127.9946,36.2203
1995-04-03,5.1,-2.3,11.7,1634.0,710.0,,,,,,,,32.0,49.8,1637.0,4324.0,5.0,14.3,8.3,250.0,250.0,270.0,1515.0,1530.0,12.6,11.1,2.36,17.71,1200.0,0.0,0.0,-4.9,-10.5,8.4,,,,,,,,,,,,,,,4.3,994.7,1025.1,1021.5,1027.7,1800.0,828.0,,,,,135,127.9946,36.2203
1995-04-04,8.4,-1.3,17.6,1557.0,650.0,,,,,,,,21.0,40.0,1526.0,3418.0,4.0,12.0,9.3,270.0,270.0,270.0,47.0,50.0,12.7,10.9,2.44,18.06,1215.0,2.0,0.0,-5.2,-8.8,10.8,,,,,,,,,,,,,,,4.2,992.1,1022.0,1017.5,1024.9,1620.0,620.0,,,,,135,127.9946,36.2203
1995-04-05,9.4,-0.3,17.6,1614.0,625.0,,,,,,,,22.0,41.0,1218.0,2877.0,3.3,10.1,7.3,270.0,270.0,270.0,1321.0,2200.0,12.7,10.1,2.46,16.64,1200.0,3.3,0.3,-3.7,-9.1,11.2,,,,,,,,,,,,,,,4.7,989.2,1018.8,1015.7,1021.7,1700.0,637.0,,,,{햇무리}1423-1640.,135,127.9946,36.2203
1995-04-06,8.9,-0.4,18.0,1430.0,425.0,1.2,1.2,0.6,0.9,1.2,1640.0,1628.0,41.0,54.0,0.0,3316.0,3.8,13.3,8.3,250.0,250.0,270.0,1355.0,1400.0,12.8,6.8,1.64,11.12,1245.0,5.0,3.3,0.2,-9.5,10.1,,,,,,,,,,,,,,,6.5,982.1,1011.7,1005.8,1017.5,1500.0,25.0,,,,{비}1628-1722.{박무}2035-{박무}{강도0}2100-{박무}{강도0}2400-{햇무리}0835-0937.,135,127.9946,36.2203
1995-04-07,10.5,2.2,18.5,1510.0,533.0,,,,,,,,23.0,41.8,1532.0,2210.0,2.6,12.0,6.7,270.0,270.0,270.0,1447.0,1900.0,12.8,10.8,2.25,16.22,1200.0,1.3,0.6,-2.4,-4.5,12.0,,,,,,,,,,,,,,,5.1,983.0,1012.4,1009.5,1014.5,1506.0,2345.0,,,,-{박무}-0150.{황사}1520-{황사}{강도0}1800-{황사}{강도0}2100-{황사}{강도0}2400,135,127.9946,36.2203
1995-04-08,12.5,1.2,22.0,1420.0,633.0,,,,,0.0,,,29.0,43.8,1429.0,1407.0,1.6,12.1,7.7,270.0,270.0,270.0,1625.0,1440.0,12.8,9.3,2.17,12.24,1200.0,5.3,0.3,0.2,-5.4,12.7,,,,,,,,,,,,,,,6.3,982.5,1011.7,1008.6,1014.8,1500.0,10.0,,,,-{황사}-{황사}{강도0}0300-{황사}{강도0}0600-{황사}{강도0}0900-{황사}{강도0}1200-{황사}{강도0}1500-{황사}{강도0}1800-{황사}{강도0}2100-{황사}{강도0}2400,135,127.9946,36.2203
1995-04-09,11.9,5.6,16.0,1412.0,2400.0,0.1,0.1,0.1,2.65,0.1,920.0,930.0,25.0,53.0,1823.0,3455.0,4.0,12.3,7.3,270.0,270.0,270.0,1540.0,1600.0,12.9,3.4,1.58,7.22,1245.0,7.5,4.0,1.4,-0.2,11.4,,,,,,,,,,,,,,,7.5,984.7,1014.0,1011.7,1021.2,454.0,2400.0,,,,-{황사}-{황사}{강도0}0300-{황사}{강도0}0600-{황사}{강도0}0900-{황사}{강도0}1200-{황사}{강도0}1500-1720.{비}0758-{비}{강도0}0900-1037.{박무}0815-{박무}{강도0}0900-{박무}{강도0}1200-1345.,135,127.9946,36.2203
1995-04-10,7.7,2.0,14.6,1611.0,655.0,,,,,,,,26.0,44.3,1638.0,3852.0,4.5,12.8,7.7,270.0,270.0,250.0,159.0,220.0,12.9,9.8,2.27,15.21,1130.0,4.8,1.3,-3.6,-2.3,11.4,,,,,,,,,,,,,,,4.7,991.1,1021.1,1018.1,1023.3,1740.0,900.0,,,,,135,127.9946,36.2203
1995-04-11,6.1,-0.3,14.3,1324.0,602.0,5.0,3.3,0.8,8.53,5.1,1800.0,1730.0,45.0,67.8,0.0,1806.0,2.1,11.2,7.3,270.0,270.0,270.0,2345.0,2340.0,12.9,1.4,1.3,5.56,900.0,9.0,3.4,0.5,-8.0,8.1,,,,,,,,,,,,,,,6.4,986.2,1016.2,1011.7,1022.1,1503.0,128.0,,,,{비}0528-{비}{강도0}1800-{비}{강도0}2100-{비}{강도0}2400,135,127.9946,36.2203
1995-04-12,6.9,2.1,13.0,1624.0,220.0,0.1,0.1,0.1,4.73,,600.0,524.0,35.0,61.3,1806.0,4502.0,5.2,13.0,9.3,270.0,270.0,270.0,1645.0,1650.0,13.0,9.0,2.43,15.48,1200.0,5.8,3.1,-0.4,-2.7,8.4,,,,,,,,,,,,,,,6.0,984.2,1014.1,1012.2,1017.5,152.0,2400.0,,,,-{비}-0035.{비}0215-{비}{강도0}0300-{비}{강도0}0600-0624.,135,127.9946,36.2203
1995-04-13,11.3,-0.7,21.8,1513.0,650.0,,,,,0.5,,,24.0,49.5,1518.0,1144.0,1.3,9.5,4.3,110.0,110.0,110.0,1527.0,1530.0,13.0,9.2,2.28,15.38,1215.0,3.3,1.1,0.2,-7.4,13.9,,,,,,,,,,,,,,,6.2,986.4,1015.8,1012.2,1019.3,1520.0,817.0,,,,,135,127.9946,36.2203
1995-04-14,12.6,7.7,19.7,1640.0,630.0,0.6,0.2,0.1,6.68,0.1,410.0,400.0,48.0,71.5,1631.0,1532.0,1.8,8.0,4.7,70.0,70.0,90.0,1252.0,830.0,13.1,4.2,1.89,9.93,1400.0,8.8,3.4,7.4,4.4,15.3,,,,,,,,,,,,,,,10.3,982.5,1011.6,1009.0,1014.2,1600.0,2400.0,,,,{비}0252-{비}{강도0}0300-{비}{강도0}0600-0845.{비}0917-1005.,135,127.9946,36.2203
1995-04-15,12.9,5.7,20.8,1535.0,647.0,,,,,,,,39.0,66.8,1527.0,1373.0,1.6,7.6,4.3,110.0,90.0,110.0,1130.0,1100.0,13.1,9.4,2.18,15.6,1230.0,4.5,1.3,6.3,0.7,16.4,,,,,,,,,,,,,,,9.5,985.7,1015.0,1011.8,1017.3,1634.0,942.0,,,,{박무}0420-{박무}{강도0}0600-{박무}{강도0}0900-1030.,135,127.9946,36.2203
1995-04-16,12.5,3.1,20.1,1510.0,630.0,,,,,,,,39.0,68.0,1452.0,2584.0,3.0,11.0,7.0,270.0,270.0,270.0,1422.0,1500.0,13.1,9.3,2.24,15.98,1200.0,3.8,2.9,6.2,-1.5,15.9,,,,,,,,,,,,,,,9.5,986.0,1015.2,1012.2,1016.7,1523.0,2230.0,,,,{박무}0325-{박무}{강도0}0600-{박무}{강도0}0900-{박무}{강도0}1200-1305.,135,127.9946,36.2203
1995-04-17,15.8,5.9,25.0,1503.0,645.0,,,,,,,,30.0,60.5,1504.0,913.0,1.1,6.2,3.8,160.0,160.0,110.0,942.0,940.0,13.2,10.2,2.27,16.66,1200.0,2.8,0.6,7.2,-0.9,19.0,,,,,,,,,,,,,,,10.2,987.1,1016.0,1012.4,1018.5,1802.0,806.0,,,,{박무}0245-{박무}{강도0}0300-{박무}{강도0}0600-{박무}{강도0}0900-0925.{달무리}2335,135,127.9946,36.2203
1995-04-18,14.7,6.6,22.9,1357.0,640.0,,,,,,,,35.0,58.0,1300.0,2442.0,2.8,11.5,8.0,270.0,270.0,270.0,2343.0,2350.0,13.2,5.9,2.12,11.65,1030.0,7.3,3.0,6.2,0.7,17.1,,,,,,,,,,,,,,,9.5,982.3,1011.2,1006.8,1016.3,1515.0,0.0,,,,-{달무리}-0430.{박무}2325-{박무}{강도0}2400,135,127.9946,36.2203
1995-04-19,10.5,6.0,15.3,1425.0,630.0,,,,,,,,30.0,53.0,1740.0,4288.0,5.0,15.2,8.3,250.0,250.0,270.0,528.0,550.0,13.2,10.0,2.53,18.11,1230.0,4.5,3.3,0.9,-1.0,15.2,,,,,,,,,,,,,,,6.7,984.7,1014.1,1008.4,1020.0,0.0,2400.0,,,,-{박무}-0220.,135,127.9946,36.2203
1995-04-20,10.7,-0.8,20.7,1627.0,625.0,,,,,,,,23.0,46.0,1531.0,1298.0,1.5,7.6,4.7,250.0,290.0,270.0,1322.0,1700.0,13.3,11.8,2.56,19.8,1200.0,0.8,0.0,-1.5,-8.6,16.3,,,,,,,,,,,,,,,5.5,991.2,1020.8,1016.9,1023.4,1735.0,740.0,,,,,135,127.9946,36.2203
1995-04-21,10.2,2.0,16.2,1318.0,522.0,13.5,2.1,0.6,10.87,13.8,1520.0,1520.0,54.0,79.3,1129.0,1212.0,1.4,9.0,4.3,90.0,90.0,70.0,1435.0,1430.0,13.3,1.8,1.08,4.84,945.0,8.3,4.1,6.8,-5.1,11.6,,,,,,,,,,,,,,,10.4,985.6,1015.1,1007.5,1020.8,2258.0,0.0,,,,{햇무리}0835-0920.{비}1308-{비}{강도0}1500-{비}{강도0}1800-{비}{강도0}2100-{비}{강도0}2400-{박무}1440-{박무}{강도0}1500-{박무}{강도0}1800-1835.,135,127.9946,36.2203
1995-04-22,16.1,12.4,21.7,1318.0,53.0,45.3,12.3,3.0,10.17,46.7,1850.0,1810.0,57.0,79.5,1429.0,1667.0,1.9,8.0,6.0,250.0,250.0,270.0,2120.0,2110.0,13.4,2.1,1.61,6.29,1215.0,9.3,5.8,12.4,10.3,16.7,,,,,,,,,,,,,,,14.4,974.8,1003.4,997.4,1007.5,1937.0,0.0,,,,-{비}-0045.{비}0120--147.{비}1502-{소나기}1635-{비}1732-{비}{강도0}1800-{비}{강도1}2100-{비}{강도0}2400-{박무}0150-{박무}{강도0}0300-{박무}{강도0}0600-0720.{천둥}{강도0}(S)1642-{뇌전}{강도0}(S6~8)1648-{뇌전}{강도0}({이동}SE5~7)1650-{뇌전}{강도0}(SE{이동}E3~5)1655-{천둥}{강도0}(E)1708-1715.,135,127.9946,36.2203
1995-04-23,13.0,8.9,17.8,1517.0,640.0,1.7,1.6,0.6,1.42,,10.0,0.0,20.0,44.3,1616.0,5077.0,5.9,18.5,10.3,270.0,270.0,270.0,1610.0,1550.0,13.4,10.6,2.46,17.81,1145.0,4.5,1.4,-0.4,2.6,14.0,,,,,,,,,,,,,,,6.5,977.8,1006.9,998.7,1016.6,0.0,2400.0,,,,-{비}-0125.{황사}1215-{황사}{강도0}1500-{황사}{강도0}1800-{황사}{강도0}2100-{황사}{강도0}2400,135,127.9946,36.2203
1995-04-24,12.0,4.9,19.2,1430.0,620.0,,,,,,,,21.0,41.5,1648.0,1760.0,2.0,11.2,7.0,270.0,250.0,270.0,1712.0,1320.0,13.4,7.7,2.47,14.84,1110.0,4.8,2.3,-1.1,-2.5,13.2,,,,,,,,,,,,,,,5.7,986.5,1015.8,1013.0,1017.6,1620.0,814.0,,,,-{황사}-{황사}{강도0}0300-{황사}{강도0}0600-{황사}{강도0}0900-{황사}{강도0}1200-{황사}{강도0}1500-{황사}{강도0}1800-{황사}{강도0}2100-{황사}{강도0}2400-{햇무리}1415-1645.,135,127.9946,36.2203
1995-04-25,12.6,2.9,22.0,1547.0,650.0,0.0,0.0,0.0,0.47,0.0,,,25.0,46.8,1103.0,3186.0,3.7,15.5,10.7,250.0,250.0,270.0,1905.0,1910.0,13.5,10.9,2.54,18.22,1200.0,2.8,1.3,1.0,-4.6,15.8,,,,,,,,,,,,,,,6.6,982.7,1011.9,1006.1,1016.7,1622.0,0.0,,,,-{황사}-{황사}{강도0}0300-{황사}{강도0}0600-{황사}{강도0}0900-1115.{비}1850-1918.,135,127.9946,36.2203
1995-04-26,13.1,6.9,20.0,1708.0,320.0,,,,,,,,27.0,42.3,1610.0,6023.0,7.0,17.1,11.0,270.0,270.0,270.0,1247.0,1250.0,13.5,11.9,2.54,18.8,1200.0,0.0,0.0,0.5,3.2,15.7,,,,,,,,,,,,,,,6.3,987.1,1016.4,1013.4,1021.7,0.0,2400.0,,,,,135,127.9946,36.2203
1995-04-27,14.6,8.4,23.7,1405.0,642.0,,,,,,,,29.0,49.3,1547.0,1483.0,1.7,7.0,4.7,270.0,270.0,270.0,2331.0,2340.0,13.5,5.9,2.26,13.21,1300.0,5.3,2.6,3.8,3.5,17.1,,,,,,,,,,,,,,,8.1,989.7,1018.9,1015.1,1022.0,1705.0,728.0,,,,,135,127.9946,36.2203
1995-04-28,17.2,7.2,27.2,1529.0,640.0,,,,,,,,34.0,48.3,1616.0,1175.0,1.4,5.7,4.3,270.0,270.0,270.0,15.0,20.0,13.6,11.6,2.54,18.92,1215.0,1.0,0.0,6.1,2.7,19.5,,,,,,,,,,,,,,,9.6,988.2,1017.0,1013.7,1019.3,1740.0,607.0,,,,,135,127.9946,36.2203
1995-04-29,16.3,8.3,25.3,1225.0,650.0,,,,,,,,32.0,55.8,1237.0,1866.0,2.2,9.3,7.3,270.0,270.0,270.0,1758.0,1800.0,13.6,6.2,2.01,11.63,945.0,4.8,1.3,7.2,2.2,16.7,,,,,,,,,,,,,,,10.2,984.4,1013.2,1010.0,1016.8,1433.0,30.0,,,,,135,127.9946,36.2203
1995-04-30,18.5,9.9,27.1,1523.0,640.0,,,,,,,,32.0,48.5,1532.0,1907.0,2.2,9.1,5.7,290.0,290.0,110.0,447.0,440.0,13.6,9.9,2.32,16.0,1100.0,6.0,2.1,7.3,2.6,21.1,,,,,,,,,,,,,,,10.2,985.0,1013.7,1010.8,1015.4,1640.0,900.0,,,,{햇무리}0815-1105.,135,127.9946,36.2203
1995-05-01,15.2,10.3,19.6,1420.0,2317.0,0.0,0.0,0.0,0.92,0.0,,,50.0,69.8,1138.0,387.0,0.4,4.5,3.0,90.0,90.0,140.0,1514.0,1520.0,13.7,0.0,0.88,4.86,1315.0,8.5,4.3,9.7,2.2,15.4,,,,,,,,,,,,,,,12.1,982.9,1011.8,1009.2,1016.2,1506.0,2340.0,,,,{비}1413-{비}{강도0}1500-1508.{박무}2320-{박무}{강도0}2400,135,127.9946,36.2203
1995-05-02,17.2,9.0,24.4,1501.0,348.0,,,,,,,,32.0,50.8,1352.0,2043.0,2.4,10.7,8.7,270.0,270.0,270.0,2339.0,2340.0,13.7,6.4,1.66,11.95,1215.0,7.5,5.0,6.6,1.4,18.3,,,,,,,,,,,,,,,9.7,985.3,1014.1,1011.8,1016.0,1528.0,0.0,,,,{햇무리}0850-1445.-{박무}-{박무}{강도0}0300-0345.,135,127.9946,36.2203
1995-05-03,14.4,8.3,18.0,1529.0,2400.0,,,,,,,,26.0,45.0,2010.0,4496.0,5.2,15.5,8.3,270.0,270.0,270.0,1153.0,1140.0,13.7,10.8,2.64,19.64,1200.0,4.3,1.3,2.1,6.2,18.6,,,,,,,,,,,,,,,7.7,985.6,1014.6,1012.6,1018.6,448.0,2400.0,,,,{박무}0415-{박무}{강도0}0600-0645.,135,127.9946,36.2203
1995-05-04,10.5,4.6,16.7,1558.0,653.0,,,,,,,,37.0,45.0,0.0,3454.0,4.0,10.1,7.0,270.0,270.0,270.0,2242.0,2250.0,13.8,6.2,1.97,12.51,1200.0,4.8,1.6,-0.7,-1.9,14.7,,,,,,,,,,,,,,,5.9,986.6,1016.1,1011.6,1019.1,1730.0,218.0,,,,{햇무리}1125-1645.,135,127.9946,36.2203
1995-05-05,13.9,6.0,20.2,1430.0,608.0,,,,,,,,39.0,48.5,1130.0,4580.0,5.3,16.4,10.7,270.0,270.0,270.0,1500.0,1500.0,13.8,12.0,2.46,18.29,1215.0,0.5,0.3,3.4,-1.7,17.4,,,,,,,,,,,,,,,7.9,982.4,1011.4,1008.3,1013.7,1603.0,0.0,,,,,135,127.9946,36.2203
1995-05-06,16.9,6.9,24.3,1442.0,612.0,,,,,,,,44.0,54.3,1448.0,2114.0,2.4,11.2,6.7,270.0,270.0,270.0,1010.0,1010.0,13.8,11.2,2.25,16.64,1200.0,0.5,0.3,7.8,-0.3,19.3,,,,,,,,,,,,,,,10.8,984.2,1012.9,1011.0,1017.3,1435.0,2400.0,,,,{박무}2145-{박무}{강도0}2400,135,127.9946,36.2203
1995-05-07,15.7,6.4,24.6,1554.0,605.0,,,,,,,,27.0,52.3,1530.0,1052.0,1.2,8.3,5.0,270.0,270.0,250.0,1410.0,1410.0,13.9,7.4,2.11,14.23,1230.0,3.8,1.9,5.1,-1.2,18.8,,,,,,,,,,,,,,,8.8,986.3,1015.2,1012.2,1017.7,1630.0,40.0,,,,-{박무}-0210.,135,127.9946,36.2203
1995-05-08,18.0,6.5,28.0,1616.0,614.0,,,,,,,,35.0,57.0,1434.0,1200.0,1.4,6.0,4.3,250.0,250.0,270.0,929.0,930.0,13.9,11.7,2.47,19.01,1200.0,1.0,0.0,8.9,-1.2,22.4,,,,,,,,,,,,,,,11.5,984.5,1013.2,1009.5,1015.5,1740.0,710.0,,,,,135,127.9946,36.2203
1995-05-09,19.9,9.2,29.6,1424.0,630.0,,,,,,,,29.0,59.8,1450.0,1270.0,1.5,8.9,5.7,250.0,250.0,250.0,1540.0,1550.0,13.9,11.5,2.4,18.77,1200.0,0.3,0.1,10.8,1.2,23.3,,,,,,,,,,,,,,,12.9,983.1,1011.5,1007.7,1015.1,1650.0,640.0,,,,,135,127.9946,36.2203
1995-05-10,13.2,7.5,22.5,948.0,2400.0,6.6,2.7,0.7,5.82,6.6,1730.0,1730.0,49.0,78.3,1003.0,2629.0,3.0,14.9,9.7,290.0,290.0,290.0,1432.0,1440.0,14.0,1.3,1.02,4.57,845.0,6.5,3.0,9.3,3.4,14.4,,,,,,,,,,,,,,,11.8,982.0,1011.1,1008.1,1014.7,905.0,2200.0,,,,{비}1036-{비}{강도0}1200-1318.{비}1548-{비}{강도0}1800-1855.{달무리}2035-2124.,135,127.9946,36.2203
1995-05-11,10.8,5.1,18.1,1644.0,242.0,,,,,,,,32.0,54.5,1238.0,2958.0,3.4,9.9,7.3,270.0,270.0,290.0,958.0,1010.0,14.0,11.9,2.66,19.18,1135.0,4.3,0.5,1.8,0.6,13.1,,,,,,,,,,,,,,,7.0,987.8,1017.2,1014.6,1020.7,0.0,2340.0,,,,{햇무리}1435-1610.,135,127.9946,36.2203
1995-05-12,13.8,2.5,23.6,1443.0,634.0,,,,,,,,35.0,58.0,1727.0,1091.0,1.3,7.8,4.0,70.0,70.0,140.0,1650.0,1700.0,14.0,12.3,2.58,20.15,1200.0,0.0,0.0,5.0,-2.6,17.5,,,,,,,,,,,,,,,8.8,991.3,1020.5,1017.8,1022.7,1750.0,710.0,,,,,135,127.9946,36.2203
1995-05-13,9.8,6.5,15.2,1230.0,620.0,2.7,0.8,0.7,8.55,3.0,2130.0,2130.0,47.0,70.0,1219.0,1496.0,1.7,8.5,6.0,110.0,110.0,50.0,2020.0,2010.0,14.0,0.3,1.01,3.43,1130.0,9.0,4.8,4.5,1.2,12.0,,,,,,,,,,,,,,,8.6,987.2,1016.7,1012.0,1020.7,2400.0,0.0,,,,{비}1302-{비}{강도0}1500-1618.{비}1717-{비}{강도0}1800-2018.{비}2119-2335.{달무리}0210-0420.,135,127.9946,36.2203
1995-05-14,10.3,8.2,11.8,1729.0,0.0,1.0,0.2,0.1,14.07,0.7,1943.0,1943.0,90.0,91.5,1456.0,1645.0,1.9,6.4,4.3,70.0,90.0,50.0,116.0,120.0,14.1,0.0,0.23,1.26,1345.0,10.0,5.5,9.0,7.6,12.3,,,,,,,,,,,,,,,11.5,978.4,1007.8,1005.6,1012.0,1645.0,0.0,,,,{비}0428-{비}{강도0}0600-0825.{비}0950-{비}{강도0}1200-1235.{비}1420-1445.{안개비}1703-{안개비}{강도0}1800-{비}1906-{비}{강도0}2100-{안개비}2240-{안개비}{강도0}2400-{박무}0315-{박무}{강도0}0600-{박무}{강도0}0900-{박무}{강도0}1200-{박무}{강도0}1500-{박무}{강도0}1800-{박무}{강도0}2100{박무}{강도0}2400,135,127.9946,36.2203
1995-05-15,12.7,10.6,15.4,1400.0,350.0,0.0,0.0,0.0,8.58,0.0,,,71.0,86.0,1323.0,710.0,0.8,5.5,4.0,70.0,70.0,70.0,1008.0,1020.0,14.1,0.3,0.87,3.42,1245.0,10.0,5.3,10.4,7.1,14.8,,,,,,,,,,,,,,,12.6,977.1,1006.1,1004.9,1007.5,1530.0,2400.0,,,,-{안개비}-{안개비}{강도0}0300-{안개비}{강도0}0600-0635.{비}0915-0950.{비}1545-1710.-{박무}-{박무}{강도0}0300{박무}{강도0}0600-{박무}{강도0}0900-{박무}{강도0}1200-1250.,135,127.9946,36.2203
1995-05-16,15.2,9.5,23.1,1537.0,100.0,0.0,0.0,0.0,1.1,0.0,,,42.0,68.8,1642.0,2583.0,3.0,14.3,6.7,290.0,290.0,290.0,1732.0,730.0,14.1,6.9,2.26,13.6,1330.0,4.0,2.9,9.2,6.1,17.3,,,,,,,,,,,,,,,11.6,980.2,1009.0,1007.1,1013.3,150.0,2400.0,,,,{비}1012-1106.{소나기}1712-1724.{천둥}{강도0}(NE)1653-{천둥}{강도0}(NE{이동}E)1713-1718.,135,127.9946,36.2203
1995-05-17,18.8,9.3,27.6,1624.0,503.0,,,,,,,,24.0,48.3,1417.0,1480.0,1.7,6.6,4.7,250.0,250.0,320.0,1135.0,930.0,14.1,10.7,2.59,19.38,1200.0,2.3,2.0,6.3,4.5,20.8,,,,,,,,,,,,,,,9.6,986.3,1014.9,1012.7,1017.7,1500.0,2400.0,,,,,135,127.9946,36.2203
1995-05-18,19.6,7.8,28.9,1523.0,648.0,,,,,,,,26.0,45.8,1415.0,1057.0,1.2,8.6,5.0,140.0,140.0,140.0,1405.0,1400.0,14.2,12.0,2.47,19.8,1200.0,0.0,0.0,6.7,2.1,22.7,,,,,,,,,,,,,,,9.8,989.3,1017.8,1015.6,1020.6,1515.0,725.0,,,,,135,127.9946,36.2203
1995-05-19,17.6,7.0,26.3,1629.0,630.0,,,,,15.6,,,35.0,56.5,1543.0,1181.0,1.4,10.0,6.0,160.0,160.0,160.0,1432.0,1420.0,14.2,9.7,1.77,14.4,1400.0,6.8,3.3,8.4,1.5,21.3,,,,,,,,,,,,,,,11.1,987.6,1016.3,1012.0,1020.5,1903.0,610.0,,,,,135,127.9946,36.2203
1995-05-20,17.0,15.1,18.6,104.0,12.0,24.2,5.4,1.7,20.38,8.6,614.0,530.0,66.0,87.0,16.0,673.0,0.8,7.4,3.3,90.0,90.0,70.0,644.0,650.0,14.2,0.0,0.3,1.62,1400.0,10.0,5.4,14.9,13.0,17.7,,,,,,,,,,,,,,,16.9,976.4,1005.0,1001.1,1012.0,1724.0,0.0,,,,{비}0212-{비}{강도0}0300-{비}{강도1}0600-{비}{강도0}0900-{비}{강도0}1200-{비}{강도0}1500-{비}{강도0}1800-1943.{비}2108-{비}{강도0}2400,135,127.9946,36.2203
1995-05-21,17.2,11.8,21.6,1504.0,2400.0,2.5,1.5,0.7,5.75,2.5,2210.0,2130.0,48.0,77.0,1538.0,953.0,1.1,7.0,4.7,90.0,90.0,70.0,1140.0,1130.0,14.3,0.0,1.62,10.29,1115.0,9.8,5.0,12.7,10.4,20.3,,,,,,,,,,,,,,,14.8,974.2,1002.6,1000.7,1006.0,200.0,2207.0,,,,-{비}-0038.{안개비}0611-0708.{비}1910-{비}{강도0}2100-2320.,135,127.9946,36.2203
1995-05-22,17.0,8.5,24.4,1505.0,435.0,,,,,,,,32.0,56.5,1556.0,2244.0,2.6,10.3,7.0,290.0,290.0,290.0,1600.0,1600.0,14.3,10.9,3.03,22.58,1145.0,0.8,1.5,7.5,4.2,18.3,,,,,,,,,,,,,,,10.4,977.6,1006.0,1004.4,1009.6,1512.0,2400.0,,,,,135,127.9946,36.2203
1995-05-23,19.1,11.8,26.4,1624.0,553.0,,,,,,,,22.0,49.8,1558.0,2302.0,2.7,11.0,5.8,290.0,270.0,290.0,1604.0,1240.0,14.3,12.1,3.02,23.48,1230.0,0.3,0.1,7.6,5.8,20.5,,,,,,,,,,,,,,,10.6,984.1,1012.7,1009.6,1015.3,0.0,2400.0,,,,,135,127.9946,36.2203
1995-05-24,18.8,10.4,26.8,1356.0,415.0,,,,,0.0,,,31.0,59.5,1315.0,1275.0,1.5,8.0,5.3,290.0,290.0,290.0,1405.0,1410.0,14.3,5.4,2.37,15.47,1315.0,6.8,4.1,10.0,5.6,20.8,,,,,,,,,,,,,,,12.4,984.2,1012.7,1009.6,1015.6,1800.0,700.0,,,,,135,127.9946,36.2203
1995-05-25,18.7,12.9,26.3,1645.0,244.0,0.0,0.0,0.0,0.17,,,,53.0,70.0,149.0,1183.0,1.4,8.3,5.7,270.0,270.0,270.0,2352.0,2400.0,14.3,6.0,2.31,13.78,1415.0,7.5,5.6,13.4,8.3,22.7,,,,,,,,,,,,,,,15.7,979.6,1008.0,1003.3,1011.3,1720.0,0.0,,,,{비}0815-0825.,135,127.9946,36.2203
1995-05-26,19.0,13.9,23.9,1635.0,624.0,,,,,,,,25.0,52.8,1557.0,3113.0,3.6,12.2,6.7,320.0,290.0,290.0,2035.0,2120.0,14.4,11.9,2.62,21.18,1300.0,1.8,1.3,7.6,8.4,22.9,,,,,,,,,,,,,,,11.2,982.9,1011.3,1008.7,1015.1,0.0,2350.0,,,,,135,127.9946,36.2203
1995-05-27,17.8,10.0,25.7,1519.0,630.0,,,,,,,,24.0,36.5,1554.0,2200.0,2.5,7.8,6.0,250.0,250.0,250.0,1427.0,1420.0,14.4,12.5,3.01,23.25,1230.0,0.0,0.0,2.7,5.2,22.3,,,,,,,,,,,,,,,7.6,988.4,1017.2,1014.8,1019.7,1828.0,908.0,,,,,135,127.9946,36.2203
1995-05-28,14.6,11.7,19.4,1734.0,110.0,0.0,0.0,0.0,1.88,0.0,,,48.0,71.3,1732.0,945.0,1.1,9.2,4.7,140.0,140.0,90.0,1817.0,1840.0,14.4,0.0,0.76,4.98,1145.0,10.0,4.1,9.5,7.1,16.9,,,,,,,,,,,,,,,11.9,987.0,1016.0,1011.8,1019.1,1806.0,1040.0,,,,{비}0910-1028.{비}2325-{비}{강도0}2400,135,127.9946,36.2203
1995-05-29,17.8,11.9,23.9,1534.0,620.0,0.0,0.0,0.0,0.33,0.0,,,43.0,66.3,1524.0,2150.0,2.5,11.0,7.3,270.0,290.0,290.0,1445.0,2110.0,14.4,10.0,3.02,20.39,1215.0,6.5,3.8,11.0,10.7,20.0,,,,,,,,,,,,,,,13.1,980.1,1008.7,1005.4,1012.6,1802.0,0.0,,,,-{비}-0020.{박무}0320-{박무}{강도0}0600-0715.,135,127.9946,36.2203
1995-05-30,18.6,13.5,24.3,1520.0,630.0,0.0,0.0,0.0,0.77,,,,32.0,59.3,1623.0,2999.0,3.5,10.3,7.3,290.0,290.0,290.0,1859.0,1900.0,14.4,10.2,3.04,21.97,1200.0,4.3,3.5,10.2,11.3,25.0,,,,,,,,,,,,,,,12.5,982.4,1010.9,1008.5,1012.8,1730.0,2345.0,,,,{안개비}0532-{안개비}{강도0}0600-0618.{박무}0415-{박무}{강도0}0600-0805.,135,127.9946,36.2203
1995-05-31,17.7,12.7,23.5,1302.0,520.0,,,,,,,,36.0,57.5,1627.0,2220.0,2.6,7.5,5.0,320.0,320.0,290.0,120.0,120.0,14.5,7.0,2.3,16.35,1200.0,6.8,3.8,8.9,9.7,21.5,,,,,,,,,,,,,,,11.4,986.4,1015.0,1012.7,1016.3,0.0,2340.0,,,,,135,127.9946,36.2203
1995-06-01,19.7,10.5,28.7,1634.0,630.0,,,,,,,,26.0,51.8,1656.0,588.0,0.7,4.6,3.5,270.0,270.0,270.0,1536.0,920.0,14.5,12.0,2.72,22.33,1145.0,1.5,0.9,8.9,4.7,25.1,,,,,,,,,,,,,,,11.4,986.8,1015.4,1012.1,1017.5,1625.0,804.0,,,,,135,127.9946,36.2203
1995-06-02,18.5,12.5,25.5,1323.0,155.0,5.7,5.4,1.2,1.25,26.7,2350.0,2300.0,45.0,66.0,1205.0,904.0,1.0,7.0,3.7,70.0,70.0,50.0,2239.0,2230.0,14.5,4.6,2.11,12.82,1115.0,9.5,7.1,11.8,7.5,23.4,,,,,,,,,,,,,,,13.9,984.6,1013.1,1009.1,1016.4,2400.0,38.0,,,,{햇무리}1130-1239.{비}2245-{비}{강도1}2400,135,127.9946,36.2203
1995-06-03,14.6,12.0,17.1,1730.0,705.0,31.1,9.5,3.0,17.72,10.1,840.0,840.0,85.0,89.3,2354.0,1759.0,2.0,7.6,6.0,270.0,270.0,50.0,2315.0,2320.0,14.5,0.0,0.56,3.03,1245.0,10.0,6.3,12.9,11.4,17.2,,,,,,,,,,,,,,,15.0,974.6,1003.3,1000.1,1009.8,1810.0,30.0,,,,-{비}-0155.{비}0505-{비}{강도0}0600-{비}{강도1}0900-{비}{강도0}1200-{비}{강도0}1500-1748.{비}1952-{비}{강도0}2100-2257.{박무}0120-{박무}{강도0}0300-0520.{박무}0840-{박무}{강도0}0900-{박무}{강도0}1200-{박무}{강도0}1500-{박무}{강도0}1800-{박무}{강도0}2100-{박무}{강도0}2400,135,127.9946,36.2203
1995-06-04,17.2,13.7,21.8,1504.0,546.0,1.2,0.7,0.3,2.1,1.2,1910.0,1848.0,47.0,69.0,1504.0,2442.0,2.8,9.0,6.3,290.0,290.0,290.0,36.0,40.0,14.5,5.6,2.97,16.55,1100.0,7.8,5.4,11.2,9.8,20.5,,,,,,,,,,,,,,,13.3,977.4,1005.8,1002.7,1008.3,0.0,2140.0,,,,-{박무}-{박무}{강도0}0300-0525.{박무}1925-{박무}{강도0}2100-{박무}{강도0}2400-{비}1837-2006.{비}2128-2205.,135,127.9946,36.2203
1995-06-05,16.9,12.9,24.1,1732.0,30.0,,,,,,,,41.0,71.5,1731.0,2804.0,3.2,9.8,6.7,290.0,290.0,290.0,1452.0,1500.0,14.5,8.8,2.89,20.85,1100.0,2.5,3.5,11.5,9.7,20.1,,,,,,,,,,,,,,,13.5,979.6,1008.2,1006.4,1010.6,1542.0,2400.0,,,,-{박무}-{박무}{강도0}0300-{박무}{강도0}0600-{박무}{강도0}0900-1120.{천둥}{강도0}(NE)1732-1748.,135,127.9946,36.2203
1995-06-06,20.0,14.0,27.1,1608.0,425.0,,,,,,,,36.0,62.8,1413.0,2079.0,2.4,6.0,5.0,270.0,270.0,270.0,1415.0,1330.0,14.6,11.3,2.84,20.88,1130.0,3.0,1.4,12.0,10.5,23.0,,,,,,,,,,,,,,,14.0,983.5,1011.9,1010.3,1014.6,52.0,2400.0,,,,{박무}0145-{박무}{강도0}0300-{박무}{강도0}0600-0820.,135,127.9946,36.2203
1995-06-07,20.6,12.7,27.2,1503.0,430.0,,,,,,,,47.0,68.8,1707.0,698.0,0.8,7.2,3.7,50.0,50.0,70.0,2227.0,2230.0,14.6,6.7,2.36,16.71,1100.0,5.8,2.6,14.3,9.5,24.2,,,,,,,,,,,,,,,16.5,986.0,1014.4,1011.8,1016.1,1734.0,656.0,,,,{박무}0325-{박무}{강도0}0600-{박무}{강도0}0900-{박무}{강도0}1200-1435.{햇무리}1220-1550.,135,127.9946,36.2203
1995-06-08,18.6,14.3,24.5,1625.0,554.0,,,,,,,,45.0,66.3,1605.0,1508.0,1.7,6.1,4.0,70.0,70.0,70.0,1235.0,1240.0,14.6,8.8,3.1,19.14,1200.0,6.5,3.9,11.9,10.6,25.5,,,,,,,,,,,,,,,14.0,984.6,1013.2,1009.3,1016.0,1750.0,0.0,,,,,135,127.9946,36.2203
1995-06-09,18.6,12.9,25.0,1429.0,407.0,,,,,,,,43.0,67.3,1417.0,1027.0,1.2,6.7,4.0,90.0,180.0,50.0,1452.0,1530.0,14.6,5.9,2.89,16.24,1230.0,4.0,4.1,12.1,9.1,24.3,,,,,,,,,,,,,,,14.1,981.3,1009.8,1006.9,1011.7,1706.0,0.0,,,,{박무}0320-{박무}{강도0}0600-0810.,135,127.9946,36.2203
1995-06-10,19.8,12.3,27.1,1420.0,550.0,,,,,,,,39.0,63.0,1510.0,798.0,0.9,5.5,4.0,90.0,140.0,110.0,1427.0,1810.0,14.6,10.3,2.74,18.92,1300.0,2.5,1.5,12.1,9.4,26.6,,,,,,,,,,,,,,,14.1,982.5,1010.8,1008.6,1013.8,1550.0,2350.0,,,,{박무}0345-{박무}{강도0}0600-0835.,135,127.9946,36.2203
1995-06-11,18.1,15.0,23.3,1544.0,220.0,,,,,,,,48.0,67.3,1723.0,1654.0,1.9,7.3,4.0,90.0,90.0,70.0,1250.0,1350.0,14.6,2.7,1.35,8.78,1330.0,8.5,4.8,11.8,10.8,22.4,,,,,,,,,,,,,,,13.9,986.7,1015.4,1013.8,1016.7,0.0,2400.0,,,,,135,127.9946,36.2203
1995-06-12,17.2,15.0,20.2,1712.0,556.0,,,,,0.7,,,62.0,68.5,1710.0,1615.0,1.9,7.4,4.3,70.0,70.0,70.0,206.0,820.0,14.6,0.0,0.85,7.42,1615.0,10.0,5.8,11.4,13.2,21.3,,,,,,,,,,,,,,,13.6,986.8,1015.6,1013.1,1017.4,1950.0,954.0,,,,,135,127.9946,36.2203
1995-06-13,17.6,13.5,22.7,1732.0,558.0,0.7,0.3,0.2,5.15,,237.0,230.0,48.0,76.8,2248.0,519.0,0.6,4.2,2.3,70.0,140.0,70.0,119.0,1030.0,14.6,1.4,1.41,8.62,1300.0,9.8,4.8,13.4,12.1,21.2,,,,,,,,,,,,,,,15.4,983.1,1011.7,1009.0,1013.9,1745.0,50.0,,,,{비}0216-{비}{강도0}0300-{비}{강도0}0600-0725.{박무}0135-{박무}{강도0}0300-{박무}{강도0}0600-{박무}{강도0}0900-1045.,135,127.9946,36.2203
1995-06-14,18.7,13.3,25.1,1613.0,640.0,,,,,,,,38.0,59.5,1626.0,639.0,0.7,7.2,4.3,250.0,250.0,50.0,1259.0,1150.0,14.6,6.5,3.25,17.1,1153.0,7.5,5.3,10.5,9.4,22.3,,,,,,,,,,,,,,,12.7,982.7,1011.2,1008.0,1013.1,1614.0,458.0,,,,,135,127.9946,36.2203
1995-06-15,19.5,11.2,25.8,1614.0,420.0,,,,,,,,37.0,62.8,1558.0,1705.0,2.0,7.8,4.7,270.0,250.0,250.0,1457.0,1030.0,14.6,5.6,2.76,18.02,1145.0,4.8,3.3,11.5,8.1,25.5,,,,,,,,,,,,,,,13.6,981.1,1009.4,1007.2,1011.8,1602.0,600.0,,,,{박무}0320-{박무}{강도0}0600-{박무}{강도0}0900-{박무}{강도0}1200-1315.{박무}2240-{박무}{강도0}2400,135,127.9946,36.2203
1995-06-16,21.3,15.1,28.7,1605.0,505.0,,,,,,,,36.0,64.0,1524.0,2783.0,3.2,9.2,6.0,270.0,270.0,270.0,910.0,920.0,14.6,11.1,2.79,22.1,1200.0,0.8,0.0,13.6,13.1,27.0,,,,,,,,,,,,,,,15.6,979.2,1007.4,1004.1,1009.8,1730.0,130.0,,,,-{박무}-{박무}{강도0}0300-{박무}{강도0}0600-{박무}{강도0}0900-1045.,135,127.9946,36.2203
1995-06-17,22.9,15.8,29.1,1311.0,555.0,,,,,2.5,,,39.0,62.8,1716.0,1142.0,1.3,5.5,4.7,50.0,290.0,140.0,1128.0,350.0,14.7,3.2,2.24,15.13,1215.0,7.3,4.6,15.1,11.5,27.5,,,,,,,,,,,,,,,17.2,977.9,1005.8,1003.4,1008.4,1650.0,546.0,,,,{박무}0805-{박무}{강도0}0900-{박무}{강도0}1200-{박무}{강도0}1500-1645.{박무}2010-{박무}{강도0}2100-{박무}{강도0}2400,135,127.9946,36.2203
1995-06-18,16.8,15.2,21.7,0.0,732.0,5.1,0.9,0.4,20.08,2.6,1027.0,1027.0,75.0,84.3,0.0,571.0,0.7,7.8,5.7,110.0,110.0,70.0,735.0,740.0,14.7,0.0,0.37,1.88,1100.0,10.0,5.4,14.2,15.1,19.3,,,,,,,,,,,,,,,16.3,974.2,1002.7,1001.0,1004.3,1730.0,21.0,,,,-{박무}-{박무}{강도0}0300-{박무}{강도0}0600-0735.{박무}1435-{박무}{강도0}1500-{박무}{강도0}1800-{박무}{강도0}2100-{박무}{강도0}2400-{비}0115-{비}{강도0}0300-{비}{강도0}0600-0740.{비}0845-{비}{강도0}0900-{비}{강도0}1200-{비}{강도0}1500{비}{강도0}1800-{비}{강도0}2100-2225.,135,127.9946,36.2203
1995-06-19,19.9,15.6,25.1,1542.0,20.0,0.0,0.0,0.0,0.75,0.0,,,47.0,68.5,1703.0,2335.0,2.7,9.3,6.3,290.0,290.0,290.0,2020.0,2020.0,14.7,2.5,1.77,10.42,1500.0,7.0,6.5,13.9,14.1,22.0,,,,,,,,,,,,,,,15.9,974.1,1002.3,1001.0,1005.1,1550.0,2340.0,,,,{비}1120-{비}{강도0}1200-1205.-{박무}-{박무}{강도0}0300-0515.,135,127.9946,36.2203
1995-06-20,22.1,17.4,28.5,1556.0,450.0,,,,,,,,40.0,63.8,1703.0,1998.0,2.3,8.1,4.7,270.0,270.0,270.0,1335.0,1340.0,14.7,9.6,2.74,20.37,1145.0,4.0,3.5,14.5,15.9,25.9,,,,,,,,,,,,,,,16.6,978.0,1006.0,1004.0,1008.0,1651.0,750.0,,,,{박무}2240-{박무}{강도0}2400,135,127.9946,36.2203
1995-06-21,19.3,15.7,20.8,950.0,2340.0,0.0,0.0,0.0,0.45,0.0,,,70.0,76.3,930.0,1469.0,1.7,6.1,3.3,70.0,70.0,70.0,1218.0,1230.0,14.7,0.0,0.64,2.84,845.0,9.3,5.0,15.0,12.6,21.2,,,,,,,,,,,,,,,17.0,978.1,1006.4,1005.2,1008.4,1543.0,2330.0,,,,-{박무}-{박무}{강도0}0300-0445.{박무}1420-{박무}{강도0}1500-1715.{비}1328-1355.,135,127.9946,36.2203
1995-06-22,18.3,15.1,21.8,1247.0,2400.0,,,,,,,,59.0,69.0,1234.0,1320.0,1.5,5.9,3.7,110.0,110.0,90.0,2021.0,2030.0,14.7,0.3,1.32,7.73,1200.0,10.0,5.6,12.7,11.1,21.4,,,,,,,,,,,,,,,14.7,978.3,1006.6,1004.6,1008.3,1809.0,0.0,,,,{박무}2250-{박무}{강도0}2400,135,127.9946,36.2203
1995-06-23,20.4,13.6,27.5,1523.0,150.0,,,,,,,,45.0,67.0,1409.0,1241.0,1.4,6.2,4.3,230.0,230.0,270.0,1145.0,1150.0,14.7,9.0,2.72,19.9,1130.0,6.3,4.4,13.8,10.2,26.4,,,,,,,,,,,,,,,15.9,976.2,1004.3,1002.0,1006.7,1548.0,0.0,,,,-{박무}-{박무}{강도0}0300-{박무}{강도0}0600-{박무}{강도0}0900-0925.{박무}1940-{박무}{강도0}2100-{박무}{강도0}2400,135,127.9946,36.2203
1995-06-24,23.5,18.3,30.9,1625.0,458.0,,,,,,,,36.0,62.3,1532.0,715.0,0.8,6.2,5.0,270.0,270.0,270.0,112.0,120.0,14.7,8.4,2.23,16.93,1357.0,5.3,2.4,15.5,16.2,29.4,,,,,,,,,,,,,,,17.6,975.5,1003.2,999.8,1006.1,1805.0,750.0,,,,-{박무}-{박무}{강도0}0300-{박무}{강도0}0600-{박무}{강도0}0900-{박무}{강도0}1200-1235.{박무}2325-{박무}{강도0}2400,135,127.9946,36.2203
1995-06-25,23.5,18.1,30.3,1334.0,640.0,0.0,0.0,0.0,0.4,0.0,,,44.0,66.8,1336.0,1132.0,1.3,6.5,4.2,270.0,270.0,270.0,1629.0,1630.0,14.7,5.6,2.25,14.36,1300.0,8.3,5.8,16.6,15.9,28.7,,,,,,,,,,,,,,,18.9,970.0,997.6,993.3,1002.4,1530.0,0.0,,,,-{박무}-{박무}{강도0}0300-{박무}{강도0}0600-0835.{박무}1610-{박무}{강도0}1800-{박무}{강도0}2100-{박무}{강도0}2400-{소나기}1645-1654.{소나기}1748-{소나기}{강도0}1800-1803.{천둥}{강도0}(S)1828-1855.,135,127.9946,36.2203
1995-06-26,22.7,18.8,27.4,1512.0,2400.0,,,,,,,,39.0,60.5,1540.0,3248.0,3.8,10.0,6.3,270.0,270.0,270.0,1141.0,1140.0,14.7,9.3,2.79,20.75,1200.0,3.0,2.8,14.4,16.1,29.2,,,,,,,,,,,,,,,16.5,971.6,999.4,997.7,1003.1,253.0,2340.0,,,,-{박무}-{박무}{강도0}0300-{박무}{강도0}0600-0710.,135,127.9946,36.2203
1995-06-27,21.7,14.0,28.9,1538.0,630.0,,,,,,,,35.0,59.8,1505.0,824.0,1.0,5.7,4.3,290.0,290.0,290.0,3.0,10.0,14.6,7.4,2.59,17.85,1145.0,4.8,3.8,13.0,10.2,27.6,,,,,,,,,,,,,,,15.0,975.0,1002.8,1001.3,1004.3,1510.0,600.0,,,,{박무}0320-{박무}{강도0}0600-0745.,135,127.9946,36.2203
1995-06-28,23.0,18.1,28.3,1552.0,620.0,,,,,,,,39.0,59.5,1451.0,1710.0,2.0,7.0,6.0,270.0,270.0,270.0,1850.0,2010.0,14.6,7.1,3.04,19.04,1200.0,5.5,3.8,14.2,16.6,29.6,,,,,,,,,,,,,,,16.3,977.6,1005.4,1003.7,1008.8,1629.0,2328.0,,,,{박무}0610-0835.,135,127.9946,36.2203
1995-06-29,23.3,14.2,31.9,1555.0,625.0,,,,,,,,36.0,58.0,1554.0,1095.0,1.3,6.0,4.7,250.0,270.0,250.0,1231.0,2330.0,14.6,10.1,2.86,20.12,1200.0,2.5,2.8,14.0,10.3,30.2,,,,,,,,,,,,,,,16.0,980.5,1008.5,1005.6,1011.2,1547.0,744.0,,,,{박무}2135-{박무}{강도0}2400,135,127.9946,36.2203
1995-06-30,21.5,17.0,25.2,1351.0,550.0,,,,,,,,54.0,72.3,1346.0,580.0,0.7,4.8,3.0,140.0,140.0,140.0,1400.0,1400.0,14.6,0.8,1.4,8.03,1145.0,8.5,4.1,16.2,13.5,25.1,,,,,,,,,,,,,,,18.4,977.8,1005.8,1002.6,1008.8,1832.0,0.0,,,,-{박무}-{박무}{강도0}0300-{박무}{강도0}0600-{박무}{강도0}0900-{박무}{강도0}1200-{박무}{강도0}1500-1640.,135,127.9946,36.2203
1995-07-01,23.4,16.5,29.5,1502.0,623.0,,,,,0.5,,,51.0,70.3,1516.0,566.0,0.7,5.3,4.0,270.0,270.0,290.0,2113.0,2130.0,14.6,3.8,1.81,9.84,930.0,8.8,4.3,17.4,13.3,29.0,,,,,,,,,,,,,,,19.9,975.8,1003.6,1002.2,1005.3,1430.0,2330.0,,,,{박무}0125-{박무}{강도0}0300-0545.{박무}1615-{박무}{강도0}1800-{박무}{강도0}2100-{박무}{강도0}2400-{번개}{강도0}(W)0305-0358.,135,127.9946,36.2203
1995-07-02,20.9,17.2,23.5,1205.0,2400.0,1.2,0.6,0.5,4.98,0.7,1311.0,1311.0,61.0,80.5,1439.0,402.0,0.5,4.2,3.0,110.0,110.0,110.0,1255.0,1300.0,14.6,0.0,0.73,3.49,1300.0,10.0,4.0,17.3,14.3,23.0,,,,,,,,,,,,,,,19.8,975.7,1003.8,1002.5,1005.7,1518.0,135.0,,,,-{박무}-{박무}{강도0}0300-{박무}{강도0}0600-{박무}{강도0}0900-{박무}{강도0}1200-1445.{박무}1920-{박무}{강도0}2100-{박무}{강도0}2400-{비}0528-{비}{강도0}0600-0815.{비}1228-1342.{비}1652-1750.,135,127.9946,36.2203
1995-07-03,21.2,16.0,27.3,1614.0,158.0,,,,,,,,48.0,71.8,1607.0,824.0,1.0,4.9,3.3,290.0,290.0,320.0,2143.0,2010.0,14.6,3.0,2.13,9.46,1115.0,9.0,5.1,15.6,14.4,23.5,,,,,,,,,,,,,,,17.8,977.0,1005.1,1004.2,1007.6,1524.0,2343.0,,,,-{박무}-{박무}{강도0}0300-{박무}{강도0}0600-{박무}{강도0}0900-{박무}{강도0}1200-1335.{박무}2235-{박무}{강도0}2400,135,127.9946,36.2203
1995-07-04,21.7,16.2,27.2,1504.0,548.0,,,,,,,,42.0,65.0,1506.0,388.0,0.4,5.0,3.3,290.0,290.0,180.0,8.0,10.0,14.6,4.5,1.58,10.13,1208.0,8.8,3.4,14.5,14.3,25.0,,,,,,,,,,,,,,,16.5,980.4,1008.5,1007.3,1009.9,1816.0,2230.0,,,,-{박무}-{박무}{강도0}0300-{박무}{강도0}0600-{박무}{강도0}0900-1045.,135,127.9946,36.2203
1995-07-05,22.5,17.4,28.7,1525.0,610.0,,,,,,,,39.0,60.3,1455.0,1049.0,1.2,5.0,4.3,270.0,270.0,290.0,100.0,110.0,14.6,6.2,2.55,12.53,1130.0,8.5,5.0,14.0,15.3,28.3,,,,,,,,,,,,,,,16.0,981.3,1009.4,1007.1,1011.2,1730.0,835.0,,,,{박무}0315-{박무}{강도0}0600-{박무}{강도0}0900-1020.{박무}2320-{박무}{강도0}2400,135,127.9946,36.2203
1995-07-06,22.6,17.6,28.2,1604.0,638.0,,,,,,,,44.0,62.5,1447.0,1184.0,1.4,5.3,3.7,290.0,290.0,270.0,150.0,120.0,14.6,6.1,2.88,12.18,1230.0,8.8,5.9,14.8,15.4,26.9,,,,,,,,,,,,,,,16.9,982.8,1010.8,1009.4,1012.1,1728.0,840.0,,,,-{박무}-{박무}{강도0}0300-{박무}{강도0}0600-0835.{박무}2135-{박무}{강도0}2400,135,127.9946,36.2203
1995-07-07,21.1,18.1,25.1,1534.0,545.0,0.0,0.0,0.0,0.42,16.7,,,58.0,77.5,1602.0,723.0,0.8,5.5,3.3,160.0,160.0,140.0,1404.0,1410.0,14.6,0.6,1.22,6.78,1300.0,10.0,5.8,17.0,16.8,24.5,,,,,,,,,,,,,,,19.4,983.5,1011.7,1009.9,1012.8,1524.0,2235.0,,,,-{박무}-{박무}{강도0}0300-{박무}{강도0}0600-{박무}{강도0}0900-{박무}{강도0}1200-1350.{비}1320-1345.,135,127.9946,36.2203
1995-07-08,21.5,19.0,25.3,1621.0,255.0,23.5,5.2,1.7,8.13,6.8,807.0,717.0,74.0,85.8,1556.0,142.0,0.2,3.2,2.0,140.0,140.0,140.0,1405.0,1400.0,14.5,0.6,0.97,4.55,1300.0,10.0,5.6,19.1,18.2,23.1,,,,,,,,,,,,,,,22.2,983.1,1011.3,1009.0,1013.2,2400.0,930.0,,,,{박무}0315-{박무}{강도0}0600-{박무}{강도0}0900-{박무}{강도0}1200-{박무}{강도0}1500-1650.{박무}2025-{박무}{강도0}2100-{박무}{강도0}2400-{비}0420-{비}{강도1}0600-{비}{강도1}0900-{비}{강도0}1200-1228.,135,127.9946,36.2203
1995-07-09,26.2,20.2,30.9,1334.0,610.0,,,,,,,,50.0,64.3,1248.0,2107.0,2.4,10.7,6.3,250.0,250.0,230.0,906.0,910.0,14.5,7.9,2.8,12.93,1230.0,6.0,4.5,18.6,19.0,25.8,,,,,,,,,,,,,,,21.5,978.6,1006.2,1005.3,1009.0,1738.0,0.0,,,,-{박무}-{박무}{강도0}0300-0350.,135,127.9946,36.2203
1995-07-10,26.2,22.5,29.9,1311.0,527.0,2.8,2.8,2.8,0.3,5.2,1406.0,1358.0,55.0,75.5,1207.0,989.0,1.1,7.5,4.8,270.0,290.0,200.0,1400.0,1410.0,14.5,2.8,1.22,7.66,900.0,6.8,4.9,21.5,21.0,26.1,,,,,,,,,,,,,,,25.8,976.8,1004.3,1002.6,1005.4,1346.0,0.0,,,,{소나기}1358-1416.{뇌전}{강도0}(NW3~4)1357-{뇌전}{강도0}(NW{이동}N3~4)1359-{뇌전}{강도0}(N{이동}NE4~5)1404-1410.,135,127.9946,36.2203
1995-07-11,25.6,23.0,30.9,1527.0,920.0,2.5,1.3,0.5,4.12,0.1,813.0,730.0,58.0,78.5,1527.0,773.0,0.9,7.5,5.7,230.0,270.0,250.0,1350.0,1300.0,14.5,2.9,1.98,9.67,1100.0,8.8,4.3,21.4,21.0,26.4,,,,,,,,,,,,,,,25.5,979.3,1006.9,1004.6,1009.5,0.0,2252.0,,,,{소나기}0535-{소나기}{강도0}0600-{소나기}{강도0}0900-0942.{박무}0915-{박무}{강도0}1200-1245.{천둥}{강도0}(W)0548-{천둥}{강도0}(W)0600-{뇌전}{강도0}(W{이동}NW3~4)0603-{뇌전}{강도0}(NW{이동}N5~6)0608-{천둥}{강도0}(N{이동}NE)0614-0632.{뇌전}{강도0}(SE3~4)0702-{천둥}{강도0}(SE{이동}E)0707-0735.{뇌전}{강도0}(SE5~6)0750-{뇌전}{강도0}(SE{이동}E5~6)0805-0825.{천둥}{강도0}(W)0832-{천둥}{강도0}(W{이동}NW)0835-{천둥}{강도0}(NW{이동}N)0852-{천둥}{강도0}(N)0900-0925.,135,127.9946,36.2203
1995-07-12,26.3,22.0,31.2,1333.0,602.0,0.2,0.2,0.1,0.3,0.2,1607.0,1607.0,53.0,71.8,1546.0,769.0,0.9,6.7,5.3,250.0,250.0,250.0,1607.0,1620.0,14.5,3.4,1.56,8.88,930.0,8.8,5.0,20.7,20.7,27.0,,,,,,,,,,,,,,,24.4,982.4,1010.2,1009.4,1011.2,0.0,2230.0,,,,{소나기}1607-1625.{박무}0430-{박무}{강도0}0600-0755.,135,127.9946,36.2203
1995-07-13,27.6,25.5,29.9,1421.0,12.0,,,,,,,,61.0,63.5,1440.0,3873.0,4.5,10.0,7.7,250.0,250.0,250.0,1650.0,1640.0,14.5,5.7,1.88,12.11,1000.0,7.0,4.8,20.1,23.9,27.5,,,,,,,,,,,,,,,23.5,981.5,1009.0,1007.8,1010.6,1620.0,0.0,,,,,135,127.9946,36.2203
1995-07-14,27.7,24.8,32.3,1406.0,432.0,,,,,,,,55.0,64.5,1403.0,3486.0,4.0,8.6,6.7,250.0,250.0,250.0,530.0,540.0,14.5,10.0,2.82,18.25,1200.0,3.8,2.3,20.5,22.0,29.5,,,,,,,,,,,,,,,24.1,979.3,1006.8,1004.2,1010.0,1750.0,0.0,,,,,135,127.9946,36.2203
1995-07-15,26.5,22.0,32.1,1448.0,530.0,4.2,4.0,2.0,1.4,4.4,1616.0,1616.0,50.0,72.0,1430.0,877.0,1.0,8.6,5.0,270.0,270.0,270.0,1627.0,1630.0,14.4,3.4,1.88,11.16,1200.0,8.3,4.8,20.7,20.4,29.6,,,,,,,,,,,,,,,24.5,974.4,1001.8,999.5,1005.3,1530.0,130.0,,,,{소나기}1608-1732.{박무}1845-{박무}{강도0}2100-{박무}{강도0}2400-{천둥}{강도0}(NW)1602-{천둥}{강도0}(NW{이동}N)1605{천둥}{강도0}(N{이동}NE)1611-1614.{천둥}{강도0}(NW)1613-{천둥}{강도0}(NW{이동}N)1616-{천둥}{강도0}(N{이동}NE)1623-1645.,135,127.9946,36.2203
1995-07-16,25.0,22.2,28.9,1204.0,2400.0,0.5,0.3,0.3,0.75,0.3,1616.0,1610.0,64.0,78.0,1107.0,2342.0,2.7,10.0,6.7,250.0,250.0,250.0,1253.0,1310.0,14.4,0.9,0.92,5.4,1010.0,8.0,5.0,20.9,19.6,25.5,,,,,,,,,,,,,,,24.9,972.1,999.6,998.3,1002.7,1113.0,2234.0,,,,-{박무}-{박무}{강도0}0300-0515.{비}0740-0805.{소나기}1610-1630.,135,127.9946,36.2203
1995-07-17,23.7,19.5,29.5,1602.0,620.0,,,,,,,,39.0,65.3,1550.0,1966.0,2.3,5.3,4.3,230.0,230.0,230.0,412.0,420.0,14.4,8.2,2.78,16.66,1200.0,7.3,4.3,16.5,18.6,25.3,,,,,,,,,,,,,,,18.8,977.4,1005.2,1002.6,1008.5,0.0,2338.0,,,,{박무}2320-{박무}{강도0}2400,135,127.9946,36.2203
1995-07-18,21.9,18.7,27.4,1646.0,618.0,,,,,0.1,,,51.0,72.8,1548.0,616.0,0.7,3.2,2.3,110.0,110.0,50.0,1322.0,1150.0,14.4,5.2,2.45,14.25,1130.0,8.0,4.5,16.7,17.8,26.1,,,,,,,,,,,,,,,19.0,980.3,1008.3,1007.2,1009.8,1620.0,904.0,,,,-{박무}-{박무}{강도0}0300-{박무}{강도0}0600-{박무}{강도0}0900-1045.{박무}2005-{박무}{강도0}2100-{박무}{강도0}2400,135,127.9946,36.2203
1995-07-19,20.2,19.1,21.4,1622.0,703.0,7.7,5.8,4.2,6.5,7.6,1715.0,1714.0,75.0,83.8,14.0,510.0,0.6,4.5,3.3,20.0,20.0,50.0,1150.0,1210.0,14.4,0.0,0.29,1.35,1045.0,10.0,5.9,17.3,18.9,22.3,,,,,,,,,,,,,,,19.8,976.6,1004.8,1001.3,1007.9,1717.0,25.0,,,,-{박무}-{박무}{강도0}0300-{박무}{강도0}0600-{박무}{강도0}0900-1050.{박무}1735-{박무}{강도0}1800-{박무}{강도0}2100-{박무}{강도0}2400-{비}0758-{비}{강도0}0900-1030.{비}1620-{소나기}1713-{비}1735-{비}{강도1}1800-2018.{천둥}{강도0}(NW)1712-{천둥}{강도0}(NW{이동}W)1715-{천둥}{강도0}(W{이동}SW)1720-1725.,135,127.9946,36.2203
1995-07-20,22.4,19.6,25.7,1214.0,357.0,2.3,1.5,0.5,2.32,11.5,1532.0,1642.0,64.0,75.8,1205.0,1600.0,1.9,6.5,5.0,250.0,250.0,250.0,1525.0,1520.0,14.3,0.6,1.19,5.89,1130.0,8.3,5.8,17.8,19.0,23.7,,,,,,,,,,,,,,,20.4,976.0,1003.9,1002.3,1006.6,24.0,2315.0,,,,-{박무}-{박무}{강도0}0300-0525.{비}1526-1745.{박무}1925-{박무}{강도0}2100-{박무}{강도0}2400,135,127.9946,36.2203
1995-07-21,21.6,20.1,24.1,1244.0,630.0,9.3,4.3,1.1,9.82,0.1,810.0,738.0,74.0,84.5,1055.0,524.0,0.6,4.8,3.8,250.0,250.0,140.0,408.0,400.0,14.3,0.2,1.09,3.98,945.0,10.0,4.6,18.9,19.5,22.8,,,,,,,,,,,,,,,21.8,977.0,1005.1,1003.6,1006.1,1727.0,0.0,,,,{비}0250-{비}{강도0}0300-{비}{강도0}0600-{비}{강도1}0900-0908.{비}1404-{비}{강도0}1500-1735.-{박무}-{박무}{강도0}0300-0520.{박무}0720-{박무}{강도0}0900-{박무}{강도0}1200-{박무}{강도0}1500-{박무}{강도0}1800-{박무}{강도0}2100-{박무}{강도0}2400,135,127.9946,36.2203
1995-07-22,24.9,21.0,30.9,1426.0,333.0,,,,,,,,60.0,78.3,1706.0,320.0,0.4,3.7,3.2,160.0,110.0,110.0,1626.0,1150.0,14.3,5.0,2.08,11.23,1015.0,8.5,3.4,20.8,20.2,26.5,,,,,,,,,,,,,,,24.6,978.8,1006.5,1004.6,1008.4,1757.0,2218.0,,,,-{박무}-{박무}{강도0}0300-{박무}{강도0}0600-{박무}{강도0}0900-{박무}{강도0}1200-1325.{천둥}{강도0}(NW)1542-{천둥}{강도0}(NW{이동}W)1546-{천둥}{강도0}(W{이동}SW)1549-{천둥}{강도0}(SW{이동}S)1552-{천둥}{강도0}(S{이동}SE)1555-1604.,135,127.9946,36.2203
1995-07-23,24.0,20.6,27.3,1342.0,550.0,41.6,17.2,6.0,8.13,64.8,2059.0,2020.0,65.0,82.5,1020.0,2328.0,2.7,21.2,8.0,20.0,20.0,20.0,1923.0,1930.0,14.3,2.6,1.11,6.98,800.0,8.8,5.3,20.8,19.1,25.3,,,,,,,,,,,,,,,24.7,974.0,1001.6,991.8,1007.6,2005.0,20.0,,,,{박무}0515-{박무}{강도0}0600-0835.{박무}1425-{박무}{강도0}1500-1535.{소나기}1420-{소나기}{강도1}1500-1528.{비}1650-{비}{강도0}1800-{비}{강도1}2100-{비}{강도0}2400,135,127.9946,36.2203
1995-07-24,26.1,22.1,31.9,1641.0,2318.0,23.2,8.5,2.7,6.75,,558.0,520.0,41.0,68.8,1538.0,3096.0,3.6,13.0,7.3,270.0,270.0,270.0,549.0,550.0,14.2,8.1,2.52,16.14,1330.0,4.5,4.0,19.7,20.6,27.8,,,,,,,,,,,,,,,22.9,980.2,1007.8,997.4,1013.6,0.0,2358.0,,,,-{비}-{비}{강도0}0300-{비}{강도1}0600-0645.{박무}2215-{박무}{강도0}2400,135,127.9946,36.2203
1995-07-25,26.0,22.0,31.9,1227.0,20.0,13.2,10.3,9.0,1.25,13.2,1249.0,1237.0,55.0,77.5,1224.0,678.0,0.8,10.2,6.0,110.0,110.0,140.0,1517.0,1530.0,14.2,6.2,1.97,13.5,1500.0,4.3,3.4,21.9,21.1,28.1,,,,,,,,,,,,,,,26.3,985.7,1013.5,1011.9,1015.8,1524.0,2400.0,,,,-{박무}-{박무}{강도0}0300-{박무}{강도0}0600-0815.{소나기}1237-1315.{소나기}1338-1415.,135,127.9946,36.2203
1995-07-26,26.4,19.6,33.2,1605.0,520.0,,,,,,,,42.0,68.5,1812.0,583.0,0.7,5.0,3.3,110.0,110.0,140.0,1250.0,1240.0,14.2,11.2,2.47,19.3,1300.0,1.5,1.5,19.7,18.4,28.9,,,,,,,,,,,,,,,23.0,987.8,1015.7,1013.6,1017.2,1810.0,2340.0,,,,{박무}0345-{박무}{강도0}0600-0815.,135,127.9946,36.2203
1995-07-27,25.7,18.6,32.9,1633.0,620.0,,,,,,,,42.0,69.8,1621.0,659.0,0.8,5.5,3.5,250.0,250.0,270.0,1037.0,1110.0,14.2,11.9,2.57,20.93,1245.0,1.3,1.3,19.3,17.6,30.4,,,,,,,,,,,,,,,22.4,988.6,1016.6,1014.2,1018.2,1757.0,642.0,,,,{박무}0420-{박무}{강도0}0600-0805.,135,127.9946,36.2203
1995-07-28,26.5,20.3,33.8,1604.0,550.0,,,,,,,,33.0,66.5,1657.0,500.0,0.6,3.7,3.3,250.0,250.0,230.0,917.0,920.0,14.1,11.7,2.54,20.95,1100.0,1.5,0.8,19.1,18.5,32.4,,,,,,,,,,,,,,,22.1,986.2,1013.9,1011.0,1016.7,1800.0,616.0,,,,,135,127.9946,36.2203
1995-07-29,25.9,20.3,32.3,1430.0,1528.0,,,,,,,,41.0,65.0,1425.0,1520.0,1.8,6.2,4.3,250.0,270.0,270.0,1000.0,1030.0,14.1,10.9,2.44,19.62,1100.0,4.0,2.9,18.4,18.6,30.7,,,,,,,,,,,,,,,21.2,982.3,1010.0,1007.7,1013.1,1550.0,0.0,,,,{박무}0315-{박무}{강도0}0600-0655.,135,127.9946,36.2203
1995-07-30,26.3,19.9,32.4,1527.0,630.0,0.0,0.0,0.0,0.2,0.0,,,41.0,68.8,1444.0,1230.0,1.4,7.2,5.3,250.0,250.0,250.0,1311.0,1240.0,14.1,9.3,2.4,17.04,1200.0,3.8,2.6,19.7,18.0,31.6,,,,,,,,,,,,,,,23.0,981.4,1009.0,1007.6,1010.7,1507.0,12.0,,,,{소나기}2020-2032.,135,127.9946,36.2203
1995-07-31,27.0,21.8,32.6,1558.0,556.0,0.0,0.0,0.0,0.1,0.0,,,45.0,67.3,1604.0,1259.0,1.5,7.1,5.2,250.0,250.0,250.0,1618.0,1620.0,14.1,5.9,2.59,14.31,1315.0,5.3,4.9,20.2,19.9,31.4,,,,,,,,,,,,,,,23.8,983.5,1011.1,1009.5,1012.8,1807.0,2400.0,,,,{소나기}2052-2058.,135,127.9946,36.2203
1995-08-01,26.5,24.2,31.4,1348.0,640.0,0.5,0.5,0.3,0.63,0.5,1430.0,1410.0,53.0,76.5,1325.0,1156.0,1.3,6.1,5.0,270.0,270.0,270.0,1433.0,1430.0,14.0,3.8,1.93,10.34,1145.0,8.0,3.4,22.0,22.2,28.0,,,,,,,,,,,,,,,26.6,983.1,1010.7,1008.5,1013.1,1750.0,28.0,,,,{소나기}1410-1448.,135,127.9946,36.2203
1995-08-02,26.4,22.6,32.1,1632.0,405.0,,,,,,,,50.0,75.8,1308.0,896.0,1.0,7.2,5.7,250.0,250.0,230.0,1327.0,1320.0,14.0,5.6,2.41,11.43,1215.0,6.0,3.4,21.4,21.4,29.8,,,,,,,,,,,,,,,25.6,980.4,1008.0,1005.7,1010.0,1748.0,30.0,,,,,135,127.9946,36.2203
1995-08-03,27.3,20.6,33.1,1421.0,630.0,,,,,,,,40.0,65.0,1406.0,1317.0,1.5,8.3,6.0,230.0,250.0,230.0,1206.0,1050.0,14.0,10.7,2.62,18.99,1130.0,2.3,1.8,19.7,18.7,33.0,,,,,,,,,,,,,,,23.0,982.1,1009.6,1008.3,1012.4,1430.0,2400.0,,,,,135,127.9946,36.2203
1995-08-04,26.9,20.6,32.9,1440.0,555.0,,,,,,,,43.0,65.5,1235.0,893.0,1.0,7.0,5.0,250.0,250.0,230.0,1245.0,1240.0,13.9,10.0,2.6,17.87,1115.0,4.0,2.5,19.4,18.7,33.0,,,,,,,,,,,,,,,22.6,984.3,1011.9,1010.0,1013.5,1805.0,655.0,,,,{햇무리}0835-0945.,135,127.9946,36.2203
1995-08-05,26.8,21.2,33.3,1600.0,610.0,,,,,,,,41.0,67.0,1554.0,1194.0,1.4,6.1,4.7,250.0,250.0,250.0,1118.0,1120.0,13.9,6.5,2.69,15.59,1230.0,4.8,3.1,19.8,19.3,31.2,,,,,,,,,,,,,,,23.1,983.7,1011.3,1009.4,1013.3,1530.0,608.0,,,,,135,127.9946,36.2203
1995-08-06,28.1,21.2,34.6,1607.0,552.0,,,,,,,,36.0,64.5,1554.0,1095.0,1.3,5.7,5.0,270.0,270.0,230.0,2147.0,2150.0,13.9,10.8,2.59,18.19,1308.0,2.0,2.1,20.3,19.0,34.0,,,,,,,,,,,,,,,23.8,982.8,1010.2,1007.7,1012.3,1736.0,26.0,,,,,135,127.9946,36.2203
1995-08-07,27.9,21.2,33.6,1650.0,632.0,,,,,,,,40.0,62.8,1652.0,1605.0,1.9,8.5,6.0,250.0,250.0,250.0,1129.0,1130.0,13.8,11.4,2.67,19.01,1100.0,2.5,2.6,19.8,18.9,32.9,,,,,,,,,,,,,,,23.1,981.0,1008.5,1005.9,1010.2,1720.0,542.0,,,,,135,127.9946,36.2203
1995-08-08,27.2,20.8,33.7,1348.0,609.0,0.0,0.0,0.0,0.3,0.0,,,39.0,63.8,1216.0,974.0,1.1,7.1,5.7,230.0,250.0,230.0,1602.0,1530.0,13.8,7.7,2.87,17.4,1145.0,4.8,3.1,19.4,18.9,32.3,,,,,,,,,,,,,,,22.5,980.1,1007.7,1005.6,1009.6,1610.0,603.0,,,,{소나기}1416-1434.,135,127.9946,36.2203
1995-08-09,25.4,22.5,26.9,205.0,2238.0,17.0,10.3,3.6,8.08,17.0,1055.0,1047.0,55.0,71.3,200.0,1036.0,1.2,8.0,3.7,230.0,230.0,230.0,215.0,220.0,13.8,0.0,1.09,4.15,1352.0,8.8,5.6,19.7,21.8,27.2,,,,,,,,,,,,,,,23.0,980.6,1008.3,1006.7,1010.6,232.0,2330.0,,,,{소나기}1023-1155.{소나기}1227-1350.{소나기}1525-{소나기}{강도0}1800-2035.{천둥}{강도0}(NW)1030-{천둥}{강도0}(NW{이동}N)1034-1043.{천둥}{강도0}(N)1302-{천둥}{강도0}(N{이동}NW)1304-{천둥}{강도0}(NW{이동}W)1307-{천둥}{강도0}(W{이동}SW)1311-{천둥}{강도0}(SW{이동}S)1325.{천둥}{강도0}(E)1316-1328.{천둥}{강도0}((W)1517-{천둥}{강도0}(W{이동}SW)1522-{천둥}{강도0}(SW{이동}S)1525-1537.{천둥}{강도0}(SW)1608-{천둥}{강도0}(SW{이동}S)1621-1647.,135,127.9946,36.2203
1995-08-10,25.9,22.2,31.1,1556.0,8.0,,,,,,,,44.0,69.8,1600.0,2224.0,2.6,7.3,5.3,270.0,270.0,250.0,1259.0,1410.0,13.8,7.8,2.3,15.55,1330.0,6.8,4.1,19.7,20.6,27.3,,,,,,,,,,,,,,,23.0,983.1,1010.8,1009.0,1012.0,1735.0,2400.0,,,,{햇무리}1055-1245.,135,127.9946,36.2203
1995-08-11,26.3,21.6,32.6,1528.0,645.0,,,,,,,,43.0,69.5,1537.0,1126.0,1.3,6.0,5.0,250.0,250.0,250.0,842.0,850.0,13.7,9.7,2.55,19.17,1035.0,5.8,2.3,19.9,20.4,28.6,,,,,,,,,,,,,,,23.2,982.8,1010.5,1008.6,1012.4,1528.0,730.0,,,,,135,127.9946,36.2203
1995-08-12,27.6,22.0,33.5,1543.0,430.0,,,,,,,,40.0,66.3,1508.0,1342.0,1.6,6.0,5.0,290.0,290.0,270.0,1933.0,1940.0,13.7,10.6,2.47,18.55,1215.0,3.5,3.1,20.3,20.8,31.4,,,,,,,,,,,,,,,23.9,980.0,1007.5,1004.9,1010.2,1804.0,0.0,,,,{박무}0320-{박무}{강도0}0600-0815.,135,127.9946,36.2203
1995-08-13,27.7,23.3,33.2,1502.0,450.0,,,,,,,,48.0,70.5,1445.0,1469.0,1.7,8.2,5.7,250.0,250.0,250.0,1425.0,1420.0,13.7,5.5,2.3,13.53,1115.0,3.5,3.5,21.4,22.2,31.2,,,,,,,,,,,,,,,25.5,980.4,1007.8,1006.5,1011.0,1818.0,2400.0,,,,{박무}0420-{박무}{강도0}0600-0825.{박무}2025-{박무}{강도0}2100-{박무}{강도0}2400,135,127.9946,36.2203
1995-08-14,28.6,23.7,35.2,1417.0,623.0,,,,,,,,41.0,69.5,1642.0,481.0,0.6,4.5,3.7,270.0,270.0,270.0,2356.0,2400.0,13.6,7.0,2.47,15.39,1115.0,6.3,3.9,22.0,22.1,32.3,,,,,,,,,,,,,,,26.5,984.5,1012.0,1010.5,1014.2,1627.0,2352.0,,,,-{박무}-{박무}{강도0}0300-{박무}{강도0}0600-0840.{박무}2345-{박무}{강도0}2400,135,127.9946,36.2203
1995-08-15,27.1,21.5,34.1,1420.0,2342.0,61.3,34.0,6.4,5.97,61.3,1610.0,1603.0,50.0,74.5,1407.0,1735.0,2.0,10.0,5.7,90.0,90.0,270.0,1550.0,1550.0,13.6,5.1,2.2,10.56,1212.0,7.5,3.1,22.0,20.7,29.6,,,,,,,,,,,,,,,26.5,987.3,1015.0,1012.8,1017.0,1347.0,2340.0,,,,-{박무}-{박무}{강도0}0300-0525.{박무}2145-{박무}{강도0}2400-{소나기}1440-{소나기}{강도0}1500-{소나기}{강도1}1800-2038.{천둥}{강도0}(W)1206-{천둥}{강도0}(W{이동}SW)1209-1219.{천둥}{강도0}(NW)1237-{천둥}{강도0}(NW{이동}W)1242-{천둥}{강도0}({이동}SW)1245-{천둥}{강도0}(SW{이동}S)1250-1320.{천둥}{강도0}(N)1420-{천둥}{강도0}(N{이동}NE)1427-{천둥}{강도0}(NE{이동}E)1433-{천둥}{강도0}(E{이동}SE)1442-1452.{뇌전}{강도0}(W3~4)1502-{뇌전}{강도0}(W{이동}SW5~6)1508-1519.{뇌전}{강도0}(E3~4)1506-{뇌전}{강도1}(E{이동}SE2~3)1508-{뇌전}{강도1}(SE{이동}S2~4)1517-{뇌전}{강도1}(S{이동}SW3~4)1529-{뇌전}{강도0}(SW{이동}W5~6)1537-1547.{뇌전}{강도1}(N2~3)1532-{뇌전}{강도1}(N{이동}NE3~4)1541-{뇌전}{강도0}(NE{이동}E5~6)1555-{뇌전}{강도0}(E{이동}SE5~6)1603-{뇌전}{강도0}(SE{이동}S5~6)1610-{뇌전}{강도0}(S{이동}SW6~8)1625{천둥}{강도0}(SW{이동}W)1635-1718.{뇌전}{강도0}(E5~6)1643-{뇌전}{강도0}(E{이동}NE3~4)1645-{뇌전}{강도0}(NE{이동}N3~4,135,127.9946,36.2203
1995-08-16,25.7,20.5,33.4,1621.0,250.0,0.0,0.0,0.0,0.7,0.0,,,40.0,73.5,1656.0,1120.0,1.3,6.0,5.3,250.0,250.0,250.0,1146.0,1140.0,13.6,10.3,2.42,17.94,1200.0,4.0,2.5,20.0,20.0,28.0,,,,,,,,,,,,,,,23.4,987.1,1014.9,1012.0,1017.0,1625.0,0.0,,,,-{박무}-{박무}{강도0}0300-{박무}{강도0}0600-0835.{소나기}2310-2352.{박무}2250-{박무}{강도0}2400,135,127.9946,36.2203
1995-08-17,25.8,22.1,31.7,1535.0,531.0,1.2,0.7,0.3,2.13,1.2,1254.0,1254.0,59.0,80.0,1148.0,649.0,0.8,7.1,6.0,270.0,290.0,90.0,1708.0,1840.0,13.5,3.9,2.12,10.63,1017.0,6.0,4.1,22.0,21.6,28.3,,,,,,,,,,,,,,,26.5,985.1,1012.9,1010.3,1015.2,1624.0,630.0,,,,-{박무}-{박무}{강도0}0300-{박무}{강도0}0600-{박무}{강도0}0900-{박무}{강도0}1200-1440.{박무}2325-{박무}{강도0}2400-{소나기}1214-1222.{소나기}1251-1331.{소나기}1348-1406.{소나기}1632-1734.{천둥}{강도0}(E)1321-{천둥}{강도0}(E{이동}SE)1329-1335.{천둥}{강도0}(SE)1710-{천둥}{강도0}(E{이동}NE)1715-1736.,135,127.9946,36.2203
1995-08-18,26.4,20.9,32.7,1547.0,630.0,,,,,0.0,,,44.0,68.8,1539.0,1268.0,1.5,7.1,5.7,270.0,270.0,270.0,922.0,920.0,13.5,10.4,2.7,16.74,1145.0,3.3,2.9,19.9,16.2,27.8,,,,,,,,,,,,,,,23.3,982.9,1010.6,1008.3,1012.6,1802.0,3.0,,,,-{박무}-{박무}{강도1}0300-0432.,135,127.9946,36.2203
1995-08-19,24.9,22.2,31.5,1303.0,527.0,3.9,1.7,0.7,7.5,41.7,1509.0,1430.0,52.0,78.3,1425.0,548.0,0.6,5.2,4.7,230.0,230.0,360.0,1435.0,1440.0,13.5,2.5,2.29,7.51,1100.0,7.3,4.3,20.9,17.8,26.5,,,,,,,,,,,,,,,24.6,983.5,1011.3,1009.4,1012.5,1356.0,626.0,,,,{소나기}0631-0648.{소나기}1005-1050.{소나기}1430-{소나기}{강도0}1500-1748.{비}1840-{비}{강도0}2100-2150.,135,127.9946,36.2203
1995-08-20,24.1,21.9,29.1,1708.0,915.0,50.4,30.5,10.5,4.7,12.6,840.0,820.0,56.0,78.0,1702.0,966.0,1.1,4.2,3.7,250.0,250.0,250.0,1242.0,1240.0,13.4,1.8,1.14,6.76,1145.0,7.0,3.3,19.9,20.4,25.3,,,,,,,,,,,,,,,23.2,981.5,1009.4,1007.6,1011.1,1722.0,0.0,,,,{소나기}0445-{비}0520-0540.{비}0655-{비}{강도2}0900-1042.{박무}0625-0830.,135,127.9946,36.2203
1995-08-21,24.1,19.9,29.9,1556.0,601.0,,,,,,,,49.0,78.3,1635.0,460.0,0.5,2.3,2.0,140.0,140.0,140.0,1532.0,1500.0,13.4,4.3,1.77,10.89,940.0,5.5,2.3,19.9,19.1,26.5,,,,,,,,,,,,,,,23.3,982.9,1010.8,1008.8,1011.9,1617.0,923.0,1.33,,,{박무}0125-{박무}{강도0}0300-{박무}{강도1}0600-{시정(미만)}{1km}{안개}0615-{시정(미만)}{0.5km}{안개}0630-{시정(미만)}{0.2km}{안개}0650-{시정(이상)}{0.2km}{안개}0700{시정(이상)}{0.5km}{안개}0720-{시정(이상)}{1km}{박무}0735-{박무}{강도0}0900-1020.{박무}2120-{박무}{강도0}2400,135,127.9946,36.2203
1995-08-22,24.5,20.4,30.0,1412.0,540.0,,,,,1.2,,,53.0,76.8,1205.0,573.0,0.7,3.7,2.7,70.0,70.0,50.0,1243.0,1300.0,13.4,4.5,2.06,12.61,1245.0,4.0,3.3,20.0,19.1,27.0,,,,,,,,,,,,,,,23.3,982.9,1010.7,1008.0,1012.0,1710.0,833.0,,,,-{박무}-{박무}{강도0}0300-{박무}{강도0}0600-{박무}{강도0}0900-1035.{박무}2140-{박무}{강도0}2400,135,127.9946,36.2203
1995-08-23,25.4,23.2,30.5,1436.0,448.0,3.5,1.6,0.8,2.85,16.6,438.0,1528.0,60.0,80.8,1351.0,973.0,1.1,7.1,4.3,160.0,160.0,70.0,1516.0,1520.0,13.3,1.6,1.41,9.16,900.0,8.3,5.1,21.8,21.7,27.5,,,,,,,,,,,,,,,26.2,981.9,1009.6,1008.3,1010.6,1415.0,234.0,,,,{소나기}0430-0452.{소나기}0753-0820.{소나기}1436-{소나기}{강도0}1500-1608.{소나기}1835-1905.-{박무}{박무}{강도0}0300-0515.{번개}{강도0}(NW)1954-{번개}{강도0}(NW{이동}N)2048-{번개}{강도0}(N)2100-2155.{번개}{강도0}(NW)2350-{번개}{강도0}(NW)2400,135,127.9946,36.2203
1995-08-24,24.4,23.2,27.0,1237.0,602.0,35.0,13.4,6.8,10.55,22.7,2012.0,2001.0,73.0,86.3,1147.0,565.0,0.7,4.4,3.3,230.0,230.0,90.0,919.0,920.0,13.3,0.4,1.15,3.63,1100.0,8.3,4.5,22.0,22.8,25.8,,,,,,,,,,,,,,,26.4,983.9,1011.9,1010.3,1013.2,150.0,1058.0,,,,-{번개}-{번개}{강도0}(NW{이동}N)0055-0145.{소나기}0148-{비}0205-{비}{강도1}0300-0532.{비}0730-0810.{소나기}0945-1030.{소나기}1315-1415.{소나기}1540-{소나기}{강도0}1800-1838.{소나기}1944-2041.{소나기}2117-2138.{소나기}2325-2333.{뇌전}{강도0}(NW5~6)1304-1315.{뇌전}{강도0}(S3~4)1648-{천둥}{강도0}(S)1658-{천둥}{강도0}(S{이동}SW)1708-{천둥}{강도0}(SW{이동}W)1715-1735.{뇌전}{강도0}(S5~7)1717-{뇌전}{강도0}(S{이동}SE4~6)1728-1742.{뇌전}{강도0}(S4~6)1734-{뇌전}{강도0}(S4~6)1800-{천둥}{강도0}(S)1806-1816.,135,127.9946,36.2203
1995-08-25,23.5,20.7,28.7,1342.0,2143.0,14.8,6.6,3.8,9.45,14.5,1558.0,1545.0,64.0,85.3,1220.0,650.0,0.8,12.5,6.0,230.0,230.0,70.0,1500.0,1500.0,13.2,0.6,1.18,5.16,1200.0,9.8,4.9,20.9,20.3,26.1,,,,,,,,,,,,,,,24.7,983.4,1011.3,1009.8,1013.6,1422.0,2347.0,,,,{소나기}0018-0042.{소나기}0257-{소나기}{강도0}0300-0448.{소나기}0533-{소나기}{강도0}0600-0612.{소나기}0643-0725.{소나기}1352-{소나기}{강도0}1500-1705.{소나기}1920-1955.{소나기}2157-{비}2230-{비}{강도0}2400-{번개}{강도0}(E)0342-{번개}{강도0}(E{이동}NE)0435-9515.{천둥}{강도0}(W)1410-{천둥}{강도0}(W{이동}NW)1425-1437.{천둥}{강도0}(SW)1508-{천둥}{강도0}(SW{이동}W)1532-{천둥}{강도0}(W{이동}NW)1541-{뇌전}{강도0}(NW3~4)1554-{천둥}{강도0}(NW{이동}N)1603-1612.{번개}{강도0}(S)1943-{번개}{강도0}(S{이동}SW)2020-{번개}{강도0}(SW)2100-2115.,135,127.9946,36.2203
1995-08-26,22.2,20.1,25.9,1227.0,450.0,24.7,17.5,10.3,8.62,23.3,1613.0,1536.0,55.0,85.3,2400.0,1217.0,1.4,7.7,4.0,70.0,70.0,90.0,1549.0,1550.0,13.2,0.0,1.1,3.2,1130.0,7.5,3.9,19.6,19.5,24.2,,,,,,,,,,,,,,,22.8,980.0,1008.1,1001.8,1013.7,2357.0,20.0,,,,-{비}0220.{소나기}1404-{소나기}{강도0}1500-{비}1644-1748.{비}1812-2045.{박무}0520-{박무}{강도0}0600{박무}{강도0}0900-{박무}{강도0}1200-{박무}{강도0}1500-1635.{번개}{강도0}(N)1432-1442.,135,127.9946,36.2203
1995-08-27,23.5,21.1,28.1,1732.0,450.0,0.3,0.3,0.2,1.72,,445.0,355.0,53.0,73.5,25.0,3308.0,3.8,13.2,8.7,270.0,250.0,270.0,900.0,630.0,13.2,2.2,1.54,7.81,1530.0,7.0,4.6,18.4,20.3,24.2,,,,,,,,,,,,,,,21.2,978.9,1006.7,1001.0,1012.0,155.0,2400.0,,,,{비}0335-0457.{비}0705-0726.,135,127.9946,36.2203
1995-08-28,23.8,20.5,29.9,1254.0,2400.0,4.8,4.0,1.5,1.28,4.8,1703.0,1630.0,49.0,74.0,1411.0,444.0,0.5,3.0,2.7,270.0,270.0,140.0,1255.0,1300.0,13.1,5.5,2.67,13.31,1145.0,6.0,5.0,18.7,19.7,26.5,,,,,,,,,,,,,,,21.6,984.3,1012.3,1010.9,1013.9,1512.0,910.0,,,,{소나기}1632-1740.{박무}0450-{박무}{강도0}0600-0830.{박무}1840-{박무}{강도0}2100-{박무}{강도0}2400,135,127.9946,36.2203
1995-08-29,23.5,18.8,29.6,1438.0,625.0,,,,,32.4,,,50.0,74.5,1703.0,411.0,0.5,2.6,2.2,140.0,140.0,140.0,1335.0,1340.0,13.1,5.7,2.2,11.82,1136.0,4.0,4.1,18.4,18.1,26.3,,,,,,,,,,,,,,,21.3,985.0,1013.1,1011.4,1014.6,1728.0,730.0,,,,-{박무}-{박무}{강도0}0300-{박무}{강도0}0600-{박무}{강도0}0900-1025.{박무}2320-{박무}{강도0}2400,135,127.9946,36.2203
1995-08-30,20.5,19.4,21.6,20.0,1257.0,172.3,45.5,12.0,18.77,222.6,1720.0,1655.0,84.0,86.5,1200.0,433.0,0.5,5.6,2.7,320.0,140.0,320.0,1145.0,840.0,13.1,0.0,0.09,0.26,1200.0,9.5,6.3,18.3,19.2,21.8,,,,,,,,,,,,,,,21.0,982.2,1010.4,1008.1,1013.3,1646.0,0.0,,,,-{박무}-{박무}{강도0}0300-{박무}{강도0}0600-{박무}{강도0}0900-{박무}{강도0}1200-{박무}{강도0}1500-{박무}{강도0}1800-1940.{비}0514-{비}{강도1}0600-{비}{강도1}0900-{비}{강도1}1200-{소나기}1440-{소나기}{강도2}1500-{소나기}{강도2}1800-{비}1827-{비}{강도0}2100{비}{강도0}2400-{뇌전}{강도0}(S2~3)1423-1434.{천둥}{강도0}(W)1537-{뇌전}{강도0}(W4~6)1555-{뇌전}{강도0}(W{이동}NW3~4)1615-{뇌전}{강도0}(NW{이동}N4~6)1623-{뇌전}{강도0}(N{이동}NE5~7)1632-{뇌전}{강도0}(NE{이동}E5~7)1650-1738.{뇌전}{강도0}(W5~6)1752-{뇌전}{강도0}(W5~6)1800-1812.,135,127.9946,36.2203
1995-08-31,24.4,20.7,29.3,1454.0,2400.0,82.7,47.5,11.5,5.33,,150.0,110.0,43.0,71.3,1601.0,2236.0,2.6,8.3,5.0,270.0,250.0,250.0,103.0,1020.0,13.0,8.0,2.5,16.52,1130.0,6.8,4.4,18.5,18.1,25.8,,,,,,,,,,,,,,,21.3,983.1,1010.9,1008.1,1014.0,148.0,2315.0,,,,-{비}-{소나기}0015-{비}0120-{비}{강도1}0300-0520.{뇌전}{강도0}(E4~5)0030-0115.{박무}2215-{박무}{강도0}2400,135,127.9946,36.2203
1995-09-01,23.7,19.0,29.2,1455.0,1613.0,0.0,0.0,0.0,0.42,1.1,,,44.0,71.5,1420.0,696.0,0.8,4.5,3.3,90.0,90.0,50.0,1120.0,1120.0,13.0,3.9,1.82,11.91,1008.0,8.0,5.9,17.9,17.4,26.1,,,,,,,,,,,,,,,20.6,986.5,1014.6,1013.4,1016.1,2350.0,955.0,,,,-{박무}-{박무}{강도0}0300-{박무}{강도0}0600-{박무}{강도0}0900-1020.{박무}2130-{박무}{강도0}2400-{비}2015-2040.,135,127.9946,36.2203
1995-09-02,23.5,20.5,26.5,1710.0,725.0,7.2,5.5,4.0,3.6,6.1,1210.0,1200.0,71.0,81.8,1648.0,2013.0,2.3,11.2,6.3,270.0,270.0,270.0,1233.0,1240.0,13.0,0.0,0.54,2.42,1030.0,10.0,5.9,20.2,20.1,24.2,,,,,,,,,,,,,,,23.7,978.4,1006.2,1002.1,1013.4,1735.0,0.0,,,,-{박무}-{박무}{강도0}0300-{박무}{강도0}0600-{박무}{강도0}0900-{박무}{강도0}1200-1232.{비}0640-0845.{소나기}1157-{소나기}{강도0}1200-1328.{천둥}{강도0}(W)1208-1220.,135,127.9946,36.2203
1995-09-03,23.7,20.4,27.2,1322.0,2325.0,,,,,,,,49.0,64.0,1542.0,4187.0,4.8,10.0,7.0,290.0,270.0,270.0,35.0,1600.0,12.9,1.5,2.03,9.3,1145.0,8.8,4.1,16.5,17.3,23.4,,,,,,,,,,,,,,,19.0,975.0,1002.7,1000.9,1004.1,1610.0,950.0,,,,,135,127.9946,36.2203
1995-09-04,22.2,16.5,27.8,1532.0,630.0,,,,,,,,33.0,55.0,1528.0,2483.0,2.9,8.2,6.0,270.0,250.0,250.0,1628.0,1130.0,12.9,11.2,2.62,17.6,1225.0,3.3,1.4,12.1,12.9,23.4,,,,,,,,,,,,,,,14.4,975.6,1003.4,1001.4,1005.3,1630.0,2335.0,,,,,135,127.9946,36.2203
1995-09-05,19.8,13.9,27.6,1528.0,537.0,,,,,,,,42.0,69.8,1209.0,514.0,0.6,3.9,2.7,160.0,290.0,20.0,1209.0,1620.0,12.8,8.0,2.4,14.36,1100.0,5.3,2.1,13.8,11.1,23.0,,,,,,,,,,,,,,,15.8,978.0,1006.3,1004.4,1007.7,1610.0,2323.0,,,,,135,127.9946,36.2203
1995-09-06,18.5,16.3,23.7,1328.0,130.0,2.5,1.7,0.6,7.33,15.0,1544.0,1513.0,52.0,78.8,1242.0,370.0,0.4,3.4,2.7,250.0,250.0,230.0,958.0,1000.0,12.8,0.3,1.77,4.39,1140.0,9.5,6.6,14.7,14.6,21.2,,,,,,,,,,,,,,,16.7,979.1,1007.4,1006.6,1008.5,520.0,912.0,,,,{비}1353-{비}{강도0}1500-{비}{강도0}1800-1918.{비}2115-2232.{비}2322-{비}{강도0}2400-{박무}1715-{박무}{강도0}1800-{박무}{강도0}2100-{박무}{강도0}2400,135,127.9946,36.2203
1995-09-07,18.5,16.8,21.1,1350.0,535.0,21.9,5.0,1.7,15.5,17.3,538.0,448.0,82.0,86.8,1351.0,1055.0,1.2,6.1,3.7,70.0,70.0,70.0,2115.0,2120.0,12.8,0.0,0.58,3.06,1015.0,10.0,6.0,16.3,16.1,20.5,,,,,,,,,,,,,,,18.5,981.4,1009.8,1007.5,1012.8,257.0,2313.0,,,,-{비}-{비}{강도0}0300-{비}{강도1}0600-{비}{강도0}0900-0945.{비}1815-{비}{강도0}2100-{비}{강도0}2400--{박무}{박무}{강도0}0300-{박무}{강도0}0600-{박무}{강도0}0900-{박무}{강도0}1200-{박무}{강도0}1500-{박무}{강도0}1800-{박무}{강도0}2100-{박무}{강도0}2400,135,127.9946,36.2203
1995-09-08,17.5,16.0,19.2,1622.0,802.0,7.9,4.8,1.5,8.83,,105.0,57.0,73.0,83.5,1602.0,1389.0,1.6,7.3,3.7,50.0,50.0,50.0,959.0,950.0,12.7,0.0,0.74,3.8,1145.0,9.5,5.4,14.7,15.1,19.6,,,,,,,,,,,,,,,16.7,986.0,1014.7,1012.3,1016.5,112.0,1035.0,,,,-{박무}-{박무}{강도0}0300-{박무}{강도0}0600-0845.-{비}-{비}{강도0}0300-{비}{강도0}0600-0850.,135,127.9946,36.2203
1995-09-09,17.5,15.9,19.3,1212.0,622.0,3.8,1.1,0.4,10.23,3.8,1535.0,1500.0,76.0,84.5,1407.0,1035.0,1.2,5.2,4.0,290.0,290.0,270.0,1417.0,1410.0,12.7,0.0,0.51,2.47,1115.0,9.5,5.4,14.9,15.0,19.1,,,,,,,,,,,,,,,16.9,982.9,1011.5,1009.4,1014.7,1553.0,0.0,,,,{박무}0330-{박무}{강도0}0600-{박무}{강도0}0900-{박무}{강도0}1200-{박무}{강도0}1500-{박무}{강도0}1800-{박무}{강도0}2100-{박무}{강도0}2400{비}1015-{비}{강도0}1200-{비}{강도0}1500-{비}{강도0}1800-1842.{비}2105-2252.,135,127.9946,36.2203
1995-09-10,19.7,15.4,23.6,1422.0,502.0,0.7,0.7,0.7,0.23,0.7,1522.0,,44.0,71.5,2227.0,2883.0,3.3,9.3,6.3,290.0,250.0,270.0,2224.0,1430.0,12.7,4.4,1.66,8.39,945.0,6.3,4.5,14.3,13.2,20.6,,,,,,,,,,,,,,,16.3,981.2,1009.5,1007.8,1014.6,1620.0,2400.0,,,,{소나기}1522-1536.-{박무}-{박무}{강도0}0300-{박무}{강도0}0600-0735.,135,127.9946,36.2203
1995-09-11,17.0,12.7,22.2,1634.0,710.0,,,,,,,,40.0,56.0,1340.0,2034.0,2.4,9.6,6.3,270.0,270.0,290.0,1446.0,1450.0,12.6,4.8,1.85,9.54,1245.0,7.0,5.9,7.8,10.1,17.9,,,,,,,,,,,,,,,10.7,988.6,1017.5,1014.6,1021.1,0.0,2330.0,,,,,135,127.9946,36.2203
1995-09-12,16.9,9.7,25.2,1611.0,650.0,,,,,0.0,,,28.0,61.8,1447.0,1046.0,1.2,5.0,3.7,270.0,270.0,230.0,1622.0,1540.0,12.6,10.9,2.64,18.01,1145.0,3.8,1.1,8.8,7.1,19.9,,,,,,,,,,,,,,,11.4,991.7,1020.5,1017.5,1022.8,1807.0,840.0,,,,,135,127.9946,36.2203
1995-09-13,16.2,13.0,19.1,1637.0,138.0,0.5,0.3,0.3,5.97,0.5,1450.0,1400.0,65.0,78.0,1507.0,1680.0,1.9,8.6,7.7,270.0,270.0,270.0,2022.0,2020.0,12.5,0.0,0.73,4.49,1000.0,8.5,3.5,12.3,10.9,16.6,,,,,,,,,,,,,,,14.4,988.2,1017.1,1015.0,1019.8,1822.0,0.0,,,,{비}0730-0835.{비}1115-{비}{강도0}1200-{비}{강도0}1500-1608.,135,127.9946,36.2203
1995-09-14,19.2,13.3,25.7,1616.0,632.0,,,,,,,,43.0,71.3,1605.0,1062.0,1.2,6.0,5.2,250.0,230.0,270.0,30.0,10.0,12.5,8.4,2.41,12.94,1040.0,5.8,2.4,13.6,11.1,20.5,,,,,,,,,,,,,,,15.6,987.2,1015.8,1013.7,1017.2,1652.0,723.0,,,,{박무}2250-{박무}{강도0}2400,135,127.9946,36.2203
1995-09-15,18.4,12.1,26.7,1540.0,623.0,,,,,,,,38.0,72.5,1511.0,446.0,0.5,4.2,3.7,160.0,290.0,360.0,1143.0,2340.0,12.5,9.0,2.28,16.31,1200.0,3.3,2.8,12.6,10.0,21.7,,,,,,,,,,,,,,,14.7,986.8,1015.4,1012.4,1018.4,1655.0,752.0,1.88,,,-{박무}-{박무}{강도0}0300-{시정(미만)}{1km}{안개}0440-{시정(미만)}{0.5km}{안개}0505-{시정(미만)}{0.2km}{안개}0530-{시정(미만)}{0.1km}{안개}0545-{안개}{강도2}0600-{시정(이상)}{0.1km}{안개}0605-{시정(이상)}{0.2km}{안개}0618-{시정(이상)}{0.5km}{안개}0625-{시정(이상)}{1km}{박무}0633-{박무}{강도0}0900-{박무}{강도0}1200-1245.{박무}2145-{박무}{강도0}2400,135,127.9946,36.2203
1995-09-16,18.3,12.1,26.1,1409.0,640.0,,,,,,,,45.0,66.5,1430.0,1444.0,1.7,8.3,4.0,20.0,20.0,20.0,2110.0,2100.0,12.4,8.4,2.3,13.83,1215.0,2.0,1.9,11.7,8.1,20.9,,,,,,,,,,,,,,,13.8,985.4,1014.0,1011.6,1015.9,1510.0,2130.0,,,,-{박무}-{박무}{강도0}0300-{박무}{강도1}0600-{박무}{강도0}0900-{박무}{강도0}1200-1215.,135,127.9946,36.2203
1995-09-17,14.7,7.3,22.7,1350.0,642.0,,,,,,,,37.0,65.5,1236.0,195.0,0.2,2.4,2.2,250.0,250.0,110.0,1046.0,1050.0,12.4,8.8,2.4,13.95,1130.0,1.5,1.6,7.8,4.5,18.5,,,,,,,,,,,,,,,10.6,986.5,1015.5,1013.2,1018.0,1343.0,2246.0,,,,,135,127.9946,36.2203
1995-09-18,14.5,6.1,23.5,1513.0,658.0,,,,,,,,32.0,68.3,1433.0,459.0,0.5,4.0,2.7,50.0,50.0,360.0,1420.0,1350.0,12.3,10.7,2.34,16.64,1230.0,0.0,0.4,7.8,3.2,19.5,,,,,,,,,,,,,,,10.6,990.1,1019.2,1017.2,1021.5,1525.0,2400.0,,,,,135,127.9946,36.2203
1995-09-19,16.2,8.3,24.0,1342.0,652.0,,,,,,,,37.0,67.5,1423.0,491.0,0.6,5.3,2.7,110.0,50.0,50.0,1228.0,1150.0,12.3,9.6,2.36,15.08,1122.0,2.5,1.1,9.6,5.1,20.3,,,,,,,,,,,,,,,12.0,991.4,1020.4,1017.6,1023.0,1640.0,839.0,,,,,135,127.9946,36.2203
1995-09-20,15.2,10.2,21.3,1321.0,640.0,,,,,,,,46.0,75.0,1330.0,409.0,0.5,5.8,3.7,50.0,70.0,70.0,945.0,1010.0,12.3,6.4,1.54,10.23,1100.0,5.8,2.5,10.5,6.7,18.9,,,,,,,,,,,,,,,12.7,990.5,1019.5,1017.7,1020.7,1520.0,34.0,,,,,135,127.9946,36.2203
1995-09-21,15.2,7.5,23.1,1355.0,625.0,,,,,,,,40.0,72.3,1438.0,599.0,0.7,4.2,3.3,50.0,70.0,360.0,1310.0,1320.0,12.2,9.0,1.97,12.01,1315.0,4.5,1.8,9.7,4.6,18.9,,,,,,,,,,,,,,,12.1,989.9,1019.0,1016.3,1020.9,1632.0,740.0,,,,,135,127.9946,36.2203
1995-09-22,16.8,8.9,24.8,1528.0,656.0,,,,,3.5,,,44.0,71.5,1512.0,893.0,1.0,5.0,3.3,110.0,110.0,50.0,1247.0,1250.0,12.2,7.4,2.08,11.95,949.0,4.3,2.0,11.3,5.3,19.7,,,,,,,,,,,,,,,13.5,988.8,1017.7,1015.0,1019.5,1608.0,910.0,,,,,135,127.9946,36.2203
1995-09-23,17.5,15.8,19.7,1353.0,252.0,7.0,2.0,0.6,11.8,3.5,910.0,820.0,80.0,85.8,36.0,1184.0,1.4,4.1,3.2,20.0,110.0,20.0,1140.0,820.0,12.2,0.0,0.47,1.67,1245.0,10.0,4.9,15.1,14.5,18.8,,,,,,,,,,,,,,,17.2,984.4,1013.1,1009.1,1016.6,2400.0,0.0,,,,{비}0623-{비}{강도0}0900-{비}{강도0}1200-1230.{비}1435-{비}{강도0}1500-1745.{비}2002-{비}{강도0}2100-2233.,135,127.9946,36.2203
1995-09-24,19.3,17.8,22.2,1230.0,2141.0,0.0,0.0,0.0,0.62,0.0,,,61.0,78.5,1555.0,2313.0,2.7,8.4,6.3,270.0,270.0,250.0,2331.0,2330.0,12.1,2.6,1.1,6.31,1400.0,6.8,4.9,15.4,16.5,20.7,,,,,,,,,,,,,,,17.5,981.3,1009.6,1006.5,1014.1,546.0,2400.0,,,,{비}0838-{비}{강도0}0900-0915.,135,127.9946,36.2203
1995-09-25,18.3,13.1,22.7,1458.0,2353.0,,,,,,,,51.0,71.5,1443.0,1994.0,2.3,9.3,6.0,290.0,270.0,270.0,1530.0,10.0,12.1,4.5,2.3,11.68,1215.0,7.0,3.8,12.9,10.8,20.3,,,,,,,,,,,,,,,14.9,986.9,1015.5,1013.8,1017.7,7.0,2400.0,,,,,135,127.9946,36.2203
1995-09-26,15.7,8.7,23.0,1532.0,703.0,5.2,5.2,4.2,1.48,5.4,2252.0,2250.0,36.0,68.0,1358.0,907.0,1.0,12.1,6.3,250.0,270.0,250.0,2310.0,2320.0,12.0,9.3,2.62,16.21,1015.0,1.0,2.0,9.2,6.0,18.8,,,,,,,,,,,,,,,11.7,987.6,1016.5,1014.3,1018.0,1609.0,727.0,,,,{박무}0325-{박무}{강도0}0600-0630.{소나기}2231-{비}2335-{비}{강도0}2400-{번개}{강도0}(W)2128-{뇌전}{강도0}(W5~6)2222-{뇌전}{강도0}(W{이동}NW5~6)2238-{번개}{강도0}(NW)2308-2316.,135,127.9946,36.2203
1995-09-27,15.1,10.6,19.7,1518.0,2342.0,0.2,0.2,0.2,0.72,0.0,8.0,0.0,40.0,60.3,1306.0,3214.0,3.7,14.5,8.3,270.0,270.0,270.0,1235.0,1140.0,12.0,6.9,2.38,13.05,1130.0,4.3,3.9,7.2,7.0,16.7,,,,,,,,,,,,,,,10.2,988.5,1017.6,1015.8,1021.8,545.0,2213.0,,,,-{비}-0018.{소나기}0848-{소나기}{강도0}0900-0913.,135,127.9946,36.2203
1995-09-28,15.6,10.2,21.9,1655.0,107.0,,,,,,,,43.0,67.0,1346.0,2044.0,2.4,6.7,4.7,250.0,250.0,250.0,1245.0,1150.0,12.0,8.1,2.1,14.48,1145.0,3.8,0.5,9.2,6.9,17.5,,,,,,,,,,,,,,,11.7,991.1,1020.1,1017.5,1021.8,1647.0,927.0,,,,,135,127.9946,36.2203
1995-09-29,16.0,10.0,24.0,1519.0,530.0,,,,,,,,36.0,72.5,1451.0,1096.0,1.3,5.9,4.7,250.0,250.0,250.0,1310.0,1350.0,11.9,8.6,2.08,13.39,1200.0,3.0,0.6,10.3,8.0,18.5,,,,,,,,,,,,,,,12.5,991.9,1021.0,1019.2,1023.1,1440.0,2400.0,,,,{박무}0125-{박무}{강도0}0300-{박무}{강도0}0600-0645.,135,127.9946,36.2203
1995-09-30,16.0,9.5,23.1,1448.0,721.0,,,,,,,,50.0,78.5,1248.0,869.0,1.0,4.2,3.0,50.0,50.0,50.0,1140.0,1140.0,11.9,5.4,1.65,8.83,1130.0,6.3,3.6,11.9,7.6,18.2,,,,,,,,,,,,,,,14.0,995.1,1024.2,1022.9,1025.4,1440.0,2205.0,1.08,,,{박무}0330-{박무}{강도0}0600-{시정(미만)}{1km}{안개}0613-{시정(미만)}{0.5km}{안개}0625-{시정(이상)}{0.5km}{안개}0710-{시정(이상)}{1km}{박무}0718-{박무}{강도0}0900-1145.,135,127.9946,36.2203
1995-10-01,16.8,14.3,20.9,1558.0,626.0,0.0,0.0,0.0,0.93,0.0,,,58.0,77.0,1548.0,795.0,0.9,6.4,3.0,50.0,50.0,50.0,1547.0,1540.0,11.8,1.0,1.02,4.03,1338.0,10.0,6.1,12.7,13.1,18.1,,,,,,,,,,,,,,,14.7,992.2,1021.2,1017.6,1024.4,1810.0,30.0,,,,{비}1322-1418.{박무}1115-{박무}{강도0}1200-{박무}{강도0}1500-{박무}{강도0}1800-{박무}{강도0}2100-{박무}{강도0}2400,135,127.9946,36.2203
1995-10-02,17.9,12.3,25.1,1504.0,630.0,,,,,,,,36.0,69.5,1451.0,1636.0,1.9,7.6,6.0,250.0,250.0,290.0,1155.0,1140.0,11.8,8.9,2.29,14.95,1307.0,2.8,2.0,11.4,9.3,20.2,,,,,,,,,,,,,,,13.5,989.1,1017.9,1016.1,1019.7,1633.0,927.0,,,,-{박무}-{박무}{강도0}0300-{박무}{강도0}0600-0715.,135,127.9946,36.2203
1995-10-03,17.2,13.3,21.4,1131.0,503.0,0.0,0.0,0.0,1.13,0.0,,,60.0,78.5,1041.0,1303.0,1.5,5.5,4.3,270.0,270.0,270.0,1200.0,1130.0,11.8,2.6,1.41,6.5,1000.0,6.8,4.3,13.4,9.7,18.6,,,,,,,,,,,,,,,15.4,986.9,1015.7,1013.5,1017.8,1623.0,340.0,,,,{박무}0515-{박무}{강도0}0600-{박무}{강도0}0900-{박무}{강도0}1200-{박무}{강도0}1500-{박무}{강도0}2100-{박무}{강도0}2400-{비}13121420.,135,127.9946,36.2203
1995-10-04,16.8,14.3,19.6,1414.0,1032.0,0.0,0.0,0.0,0.42,,,,36.0,62.8,1406.0,3006.0,3.5,9.0,7.0,270.0,270.0,270.0,1212.0,2150.0,11.7,5.1,2.23,9.16,1215.0,9.0,3.5,9.3,10.7,17.9,,,,,,,,,,,,,,,11.9,986.6,1015.4,1013.1,1017.7,458.0,2232.0,,,,-{박무}-{박무}{강도0}0300-{박무}{강도0}0600-0735.{비}0520-0545.,135,127.9946,36.2203
1995-10-05,14.9,8.8,19.0,1326.0,2400.0,,,,,,,,30.0,56.0,1832.0,2932.0,3.4,10.4,7.0,270.0,270.0,290.0,1243.0,1150.0,11.7,6.2,2.37,10.77,1138.0,7.5,3.0,6.1,5.1,16.1,,,,,,,,,,,,,,,9.6,989.3,1018.3,1016.2,1023.5,1523.0,2354.0,,,,,135,127.9946,36.2203
1995-10-06,11.0,4.0,19.5,1402.0,657.0,,,,,,,,21.0,50.0,1559.0,1678.0,1.9,8.6,6.7,250.0,250.0,230.0,15.0,10.0,11.7,10.3,2.19,15.15,1200.0,3.0,1.1,-0.1,0.8,15.6,,,,,,,,,,,,,,,6.2,995.8,1025.5,1023.3,1027.2,1555.0,910.0,,,,,135,127.9946,36.2203
1995-10-07,11.5,5.9,19.1,1452.0,558.0,,,,,,,,29.0,58.8,1443.0,1571.0,1.8,6.0,5.3,250.0,250.0,250.0,1246.0,1300.0,11.6,7.7,2.24,12.86,1145.0,7.3,5.5,2.9,3.6,16.3,,,,,,,,,,,,,,,7.6,994.9,1024.6,1021.9,1026.8,1550.0,110.0,,,,,135,127.9946,36.2203
1995-10-08,13.2,5.6,20.8,1434.0,712.0,,,,,,,,41.0,69.3,1547.0,1950.0,2.3,6.8,6.0,250.0,250.0,250.0,1450.0,1410.0,11.6,9.5,2.38,14.94,1145.0,1.8,1.4,7.3,2.4,16.5,,,,,,,,,,,,,,,10.3,992.8,1022.2,1019.6,1024.3,1502.0,30.0,,,,,135,127.9946,36.2203
1995-10-09,12.9,8.4,20.3,1325.0,526.0,,,,,,,,36.0,71.8,1438.0,1335.0,1.5,5.8,5.0,250.0,250.0,250.0,1124.0,1030.0,11.5,5.8,1.87,9.41,1245.0,4.8,1.8,7.2,4.6,15.7,,,,,,,,,,,,,,,10.2,992.3,1021.7,1019.6,1024.3,1410.0,2345.0,,,,{박무}0615-{박무}{강도0}0900-{박무}{강도0}1200-1305.,135,127.9946,36.2203
1995-10-10,13.4,7.2,22.8,1337.0,640.0,,,,,,,,39.0,73.5,1332.0,514.0,0.6,3.2,2.7,160.0,160.0,160.0,1147.0,1150.0,11.5,7.8,2.03,12.67,1200.0,2.0,0.5,8.0,2.9,17.0,,,,,,,,,,,,,,,10.7,995.2,1024.5,1022.4,1026.5,1440.0,930.0,,,,{박무}0035-{박무}{강도0}0300-{박무}{강도0}0600-{박무}{강도0}0900-{박무}{강도0}1200-{박무}{강도0}1500-1735.{박무}2205-{박무}{강도0}2400,135,127.9946,36.2203
1995-10-11,13.6,6.0,23.3,1458.0,716.0,,,,,,,,36.0,74.5,1454.0,727.0,0.8,4.9,4.0,270.0,270.0,270.0,1607.0,1610.0,11.5,9.0,2.05,13.15,1145.0,0.0,0.0,8.2,2.2,17.2,,,,,,,,,,,,,,,10.9,995.6,1025.1,1022.5,1027.0,1634.0,907.0,0.73,,,-{박무}-{박무}{강도0}0300-{박무}{강도0}0600-{시정(미만)}{1km}{안개}0708-{시정(미만)}{0.5km}{안개}0715-{시정(이상)}{0.5km}{안개}0738-{시정(이상)}{1km}{박무}0752-{박무}{강도0}0900-1050.{박무}2120-{박무}{강도0}2400,135,127.9946,36.2203
1995-10-12,14.8,6.4,26.7,1503.0,730.0,,,,,,,,19.0,68.8,1546.0,798.0,0.9,4.8,3.7,250.0,250.0,250.0,1133.0,1140.0,11.4,9.7,2.38,14.84,1200.0,0.8,0.0,7.3,3.3,18.0,,,,,,,,,,,,,,,10.3,993.8,1023.1,1019.7,1025.0,1712.0,348.0,1.83,,,-{박무}-{박무}{강도0}0300-{박무}{강도0}0600-{시정(미만)}{1km}{안개}0612-{시정(미만)}{0.5km}{안개}0634-{시정(이상)}{0.5km}{안개}0718-{시정(이상)}{1km}{박무}0802-{박무}{강도0}0900-1035.,135,127.9946,36.2203
1995-10-13,15.5,6.1,27.8,1508.0,702.0,,,,,,,,26.0,65.3,1424.0,681.0,0.8,3.3,3.0,160.0,160.0,160.0,1208.0,1200.0,11.4,9.5,2.12,13.96,1140.0,1.3,0.0,7.8,2.8,18.3,,,,,,,,,,,,,,,10.6,991.0,1020.2,1016.6,1023.0,1635.0,902.0,,,,,135,127.9946,36.2203
1995-10-14,17.5,8.0,26.9,1457.0,630.0,,,,,8.7,,,32.0,65.0,1358.0,943.0,1.1,5.4,4.2,270.0,270.0,50.0,1919.0,1920.0,11.3,8.4,2.11,13.17,1145.0,5.0,4.3,10.1,3.6,19.2,,,,,,,,,,,,,,,12.4,986.0,1014.6,1010.6,1018.1,1530.0,0.0,,,,,135,127.9946,36.2203
1995-10-15,17.3,14.7,22.2,1615.0,2400.0,14.2,5.0,1.2,8.73,5.5,847.0,847.0,65.0,78.5,1733.0,1746.0,2.0,10.0,7.0,270.0,270.0,270.0,1915.0,1920.0,11.3,1.3,0.98,3.09,1515.0,8.3,4.8,13.5,13.5,18.2,,,,,,,,,,,,,,,15.6,984.0,1012.7,1010.4,1014.8,1500.0,2308.0,,,,{비}0228-{비}{강도0}0300-{비}{강도0}0600-{비}{강도1}0900-1112.{박무}0515-{박무}{강도0}0600-{박무}{강도2}0900-{박무}{강도0}1200-1340.,135,127.9946,36.2203
1995-10-16,14.6,13.1,16.2,1445.0,607.0,,,,,,,,54.0,61.5,1115.0,4371.0,5.1,11.5,7.7,270.0,270.0,270.0,623.0,630.0,11.3,2.1,1.34,6.11,900.0,7.0,5.8,7.4,10.8,15.0,,,,,,,,,,,,,,,10.3,987.3,1016.4,1013.9,1019.9,325.0,2400.0,,,,,135,127.9946,36.2203
1995-10-17,14.2,7.1,23.1,1601.0,723.0,,,,,,,,39.0,72.3,1513.0,873.0,1.0,5.3,4.0,270.0,290.0,140.0,5.0,30.0,11.2,9.5,2.17,13.86,1152.0,3.3,1.1,8.7,3.6,16.4,,,,,,,,,,,,,,,11.3,991.6,1020.8,1018.9,1022.2,1430.0,2238.0,,,,{박무}2145-{박무}{강도0}2400,135,127.9946,36.2203
1995-10-18,14.0,9.2,21.3,1510.0,720.0,,,,,,,,37.0,72.0,1402.0,1764.0,2.0,7.4,5.7,250.0,250.0,270.0,1348.0,1340.0,11.2,5.8,1.78,9.2,1245.0,6.3,2.5,8.3,6.3,16.1,,,,,,,,,,,,,,,11.0,991.4,1020.7,1018.0,1022.3,1455.0,918.0,,,,-{박무}-{박무}{강도0}0300-{박무}{강도0}0600-0845.,135,127.9946,36.2203
1995-10-19,15.1,9.7,20.8,1600.0,2352.0,,,,,,,,44.0,65.8,1559.0,1226.0,1.4,4.9,3.3,50.0,70.0,50.0,2105.0,900.0,11.2,3.7,1.29,7.41,1445.0,5.5,3.6,8.6,5.5,16.8,,,,,,,,,,,,,,,11.2,993.2,1022.3,1020.6,1024.9,33.0,2340.0,,,,,135,127.9946,36.2203
1995-10-20,12.0,5.6,20.5,1330.0,615.0,,,,,,,,38.0,70.5,1317.0,864.0,1.0,7.0,4.2,70.0,340.0,20.0,1340.0,1250.0,11.1,7.9,2.16,11.87,1200.0,1.3,1.6,6.3,1.4,13.9,,,,,,,,,,,,,,,9.5,993.7,1023.2,1020.3,1025.4,1616.0,930.0,,,,,135,127.9946,36.2203
1995-10-21,11.3,7.6,19.0,1613.0,502.0,,,,,,,,43.0,75.5,1611.0,500.0,0.6,4.0,3.3,90.0,140.0,20.0,1255.0,1640.0,11.1,3.2,1.31,6.44,1345.0,6.5,5.3,6.8,4.0,13.9,,,,,,,,,,,,,,,9.9,991.6,1021.2,1017.6,1022.9,1642.0,0.0,,,,,135,127.9946,36.2203
1995-10-22,12.1,4.9,22.7,1509.0,723.0,,,,,,,,26.0,71.0,1608.0,473.0,0.5,3.7,3.0,110.0,110.0,110.0,1206.0,1230.0,11.1,8.9,2.09,12.9,1100.0,1.0,0.3,5.8,2.2,14.5,,,,,,,,,,,,,,,9.3,991.9,1021.3,1018.6,1023.4,1430.0,2400.0,,,,,135,127.9946,36.2203
1995-10-23,13.3,5.0,22.8,1532.0,712.0,,,,,0.0,,,38.0,70.3,1413.0,670.0,0.8,4.1,3.7,160.0,270.0,140.0,1313.0,2210.0,11.0,8.3,1.87,12.07,1145.0,4.5,3.5,7.3,1.3,15.2,,,,,,,,,,,,,,,10.3,992.4,1021.8,1018.2,1024.8,1530.0,907.0,,,,{박무}0635-0733.,135,127.9946,36.2203
1995-10-24,12.0,9.8,16.2,1412.0,2323.0,1.3,0.9,0.5,3.92,1.3,1420.0,1418.0,40.0,67.5,1618.0,3036.0,3.5,12.9,8.3,270.0,270.0,270.0,1616.0,1610.0,11.0,3.2,1.23,4.54,1305.0,7.5,3.8,6.1,6.2,12.8,,,,,,,,,,,,,,,9.6,988.5,1017.9,1014.8,1020.7,1412.0,2350.0,,,,{비}0815-{비}{강도0}0900-1145.  {소나기}1418-1443.,135,127.9946,36.2203
1995-10-25,11.7,7.7,17.2,1544.0,724.0,,,,,,,,33.0,51.8,1812.0,4335.0,5.0,12.2,9.0,270.0,270.0,270.0,1240.0,1230.0,10.9,9.5,2.03,13.22,1200.0,0.0,0.0,2.0,3.8,12.0,,,,,,,,,,,,,,,7.1,992.5,1022.0,1020.6,1024.0,1422.0,917.0,,,,,135,127.9946,36.2203
1995-10-26,11.6,5.7,19.1,1527.0,121.0,,,,,,,,39.0,66.3,1526.0,1827.0,2.1,9.0,7.3,250.0,250.0,270.0,1530.0,1540.0,10.9,6.9,1.65,9.83,1130.0,3.3,2.6,5.1,1.4,12.3,,,,,,,,,,,,,,,8.8,993.2,1022.8,1020.5,1023.9,1534.0,302.0,,,,,135,127.9946,36.2203
1995-10-27,12.2,4.6,21.1,1433.0,725.0,,,,,,,,37.0,72.5,1553.0,1024.0,1.2,7.7,4.3,50.0,50.0,90.0,1229.0,1240.0,10.9,7.9,1.61,10.08,1015.0,1.5,1.5,6.6,1.0,13.5,,,,,,,,,,,,,,,9.8,995.2,1024.7,1022.4,1026.3,1435.0,840.0,,,,{박무}0608-{박무}{강도0}0900-1140.,135,127.9946,36.2203
1995-10-28,11.8,5.0,20.5,1453.0,633.0,,,,,,,,37.0,71.3,1350.0,741.0,0.9,4.9,3.5,50.0,50.0,140.0,1112.0,1130.0,10.8,7.1,2.02,10.71,1200.0,3.8,2.8,6.1,1.5,13.1,,,,,,,,,,,,,,,9.4,993.3,1022.9,1019.4,1026.1,1430.0,602.0,,,,,135,127.9946,36.2203
1995-10-29,11.3,3.7,21.7,1518.0,730.0,,,,,,,,42.0,71.8,1517.0,873.0,1.0,6.4,4.7,270.0,250.0,230.0,1644.0,1110.0,10.8,8.6,1.91,11.61,1200.0,0.0,0.1,5.8,0.0,12.7,,,,,,,,,,,,,,,9.3,987.6,1017.0,1013.2,1020.4,1530.0,0.0,,,,,135,127.9946,36.2203
1995-10-30,11.6,7.6,16.3,1242.0,2350.0,,,,,5.5,,,47.0,58.8,1650.0,2830.0,3.3,14.0,9.3,270.0,270.0,270.0,1130.0,1140.0,10.8,5.3,1.89,8.71,1200.0,5.5,3.6,3.6,3.2,11.9,,,,,,,,,,,,,,,8.0,983.3,1012.6,1010.7,1014.0,1704.0,0.0,,,,{박무}0635-0810.,135,127.9946,36.2203
1995-10-31,7.4,3.9,12.1,1132.0,2316.0,6.5,4.0,1.4,5.43,1.0,512.0,500.0,53.0,68.5,1144.0,3743.0,4.3,16.2,10.3,270.0,270.0,270.0,1750.0,1750.0,10.7,3.9,1.25,5.7,1230.0,6.3,4.3,2.0,2.3,9.0,,,,,,,,,,,,,,,7.2,979.5,1009.2,1006.8,1011.7,1332.0,2350.0,,,,{비}0455-{비}{강도1}0600-0735.{소나기}1208-1229.{소나기}1335-1402.{소나기}1452-{소나기}{강도0}1500-1504.{비}2214-{비}{강도0}2400,135,127.9946,36.2203
1995-11-01,3.9,0.9,7.2,1444.0,719.0,0.0,,,2.12,0.0,,,47.0,61.5,1053.0,4636.0,5.4,13.4,10.0,270.0,270.0,270.0,1049.0,1220.0,10.7,6.8,1.89,10.12,1140.0,4.3,3.0,-2.8,-2.1,5.8,,,,,,,,,,,,,,,5.0,986.9,1017.1,1011.7,1020.0,0.0,2338.0,,,,-{비}-0034.{소낙눈}1327-1342.{소낙눈}1507-1558.{눈}2333-{눈}{강도0}2400,135,127.9946,36.2203
1995-11-02,5.7,0.6,10.9,1439.0,640.0,0.0,,,0.43,,,,51.0,60.3,1404.0,5702.0,6.6,18.3,11.7,270.0,250.0,270.0,1605.0,1300.0,10.7,8.5,1.89,11.09,1230.0,2.5,1.9,-1.3,-1.2,6.1,,,,,,,,,,,,,,,5.6,990.1,1020.2,1017.5,1023.4,1642.0,920.0,,,,-{눈}-0026.,135,127.9946,36.2203
1995-11-03,11.5,7.5,16.9,1522.0,730.0,,,,,,,,50.0,60.8,1305.0,5196.0,6.0,14.2,11.7,270.0,270.0,270.0,1344.0,1350.0,10.6,8.4,1.86,11.07,1215.0,1.3,1.1,4.2,4.0,9.8,,,,,,,,,,,,,,,8.3,988.3,1017.8,1015.6,1019.9,1640.0,930.0,,,,,135,127.9946,36.2203
1995-11-04,10.6,4.7,17.5,1611.0,742.0,,,,,,,,48.0,67.0,1443.0,2404.0,2.8,9.7,7.3,230.0,230.0,250.0,1124.0,1130.0,10.6,9.3,1.85,11.64,1200.0,1.8,0.9,4.5,-0.6,10.2,,,,,,,,,,,,,,,8.4,991.7,1021.3,1019.0,1024.0,0.0,2210.0,,,,,135,127.9946,36.2203
1995-11-05,9.3,1.5,19.7,1517.0,740.0,,,,,,,,42.0,64.8,1504.0,1550.0,1.8,6.2,5.7,250.0,250.0,250.0,1613.0,1240.0,10.6,9.0,1.76,11.1,1200.0,0.0,0.0,2.6,-2.5,9.5,,,,,,,,,,,,,,,7.5,994.7,1024.6,1021.9,1026.4,1422.0,856.0,,,,,135,127.9946,36.2203
1995-11-06,8.4,0.6,20.9,1506.0,747.0,,,,,,,,42.0,67.5,1340.0,591.0,0.7,6.7,3.8,230.0,270.0,250.0,1312.0,1300.0,10.5,6.8,1.75,9.55,1110.0,2.8,1.8,2.2,-2.9,9.2,,,,,,,,,,,,,,,7.3,992.1,1021.9,1018.1,1025.0,1452.0,130.0,,,,,135,127.9946,36.2203
1995-11-07,5.3,0.0,19.2,1403.0,727.0,13.5,,,4.62,13.5,,,50.0,75.0,1202.0,4026.0,4.7,24.2,13.7,250.0,290.0,270.0,1515.0,1950.0,10.5,5.5,1.7,7.63,1130.0,4.5,3.3,1.4,-3.2,6.5,,,,,,,,,,,,,,,7.2,982.2,1012.2,1000.6,1019.3,1408.0,0.0,,,,{비}1415-{비}{강도1}1500-{비}{강도0}1800-1828.{눈}2336-{눈}{강도0}2400,135,127.9946,36.2203
1995-11-08,1.6,-1.1,5.3,1348.0,645.0,0.0,,,4.23,0.0,,,51.0,59.8,250.0,5014.0,5.8,17.5,9.7,320.0,320.0,320.0,158.0,200.0,10.5,5.1,1.69,8.22,1045.0,3.8,3.5,-5.2,-3.0,3.9,,,,,,,,,,,,,,,4.2,988.0,1018.5,1015.9,1020.6,0.0,2300.0,,,,-{눈}-0224.{눈}0732-0844.{눈}1242-1308.{눈}1434-1446.,135,127.9946,36.2203
1995-11-09,4.9,-0.7,10.6,1505.0,630.0,,,,,0.2,,,47.0,56.0,1447.0,5370.0,6.2,11.9,9.3,290.0,290.0,270.0,503.0,420.0,10.4,9.1,1.77,10.99,1200.0,0.5,1.1,-2.9,-3.2,5.2,,,,,,,,,,,,,,,5.0,989.3,1019.6,1016.4,1022.7,2400.0,940.0,,,,,135,127.9946,36.2203
1995-11-10,6.9,2.9,11.2,1203.0,734.0,4.2,,,1.27,4.0,,,47.0,70.5,1457.0,3278.0,3.8,16.0,9.0,270.0,270.0,270.0,1406.0,1410.0,10.4,3.7,1.25,6.39,1415.0,7.0,3.8,1.5,0.0,7.2,,,,,,,,,,,,,,,6.9,982.8,1012.6,1008.7,1016.8,1405.0,2330.0,,,,{소나기}0050-0118.{소나기}0906-0922.{비}1155-{비}{강도0}1200-1227.,135,127.9946,36.2203
1995-11-11,7.2,2.3,12.3,1437.0,732.0,,,,,,,,47.0,54.8,1436.0,4352.0,5.0,11.5,8.7,270.0,250.0,270.0,10.0,1310.0,10.4,8.8,1.75,10.81,1145.0,0.5,0.5,-1.1,-1.0,6.4,,,,,,,,,,,,,,,5.7,988.1,1018.0,1016.2,1019.8,1430.0,2330.0,,,,,135,127.9946,36.2203
1995-11-12,8.8,1.9,18.5,1441.0,740.0,,,,,,,,47.0,73.3,1437.0,1216.0,1.4,8.0,6.0,270.0,270.0,250.0,1448.0,1500.0,10.3,7.7,1.67,10.16,1145.0,2.0,1.0,3.8,-2.1,8.8,,,,,,,,,,,,,,,8.1,991.8,1021.7,1019.8,1024.4,0.0,2330.0,,,,,135,127.9946,36.2203
1995-11-13,9.7,0.8,18.9,1402.0,624.0,0.3,,,0.35,7.0,,,51.0,75.8,1300.0,686.0,0.8,4.6,3.7,140.0,140.0,50.0,1526.0,1520.0,10.3,3.9,1.31,7.04,1150.0,6.0,2.6,5.2,-2.4,9.6,,,,,,,,,,,,,,,9.0,991.2,1020.9,1015.5,1025.0,2356.0,812.0,,,,{박무}0040-{박무}{강도0}0300-{박무}{강도0}0600-0705.{소나기}2253-2306.{소나기}2352-{소나기}{강도0}2400-{번개}{강도0}(SW)2210-{번개}{강도0}(SW{이동}W)2217-{뇌전}{강도0}(W7~9)2224-{뇌전}{강도0}(W{이동}NW7~9)2235-{뇌전}{강도0}(NW{이동}N7~9)2246-2258.{천둥}{강도0}(N)2335-{천둥}{강도0}(N)2400,135,127.9946,36.2203
1995-11-14,8.3,2.0,13.3,8.0,2400.0,6.7,,,1.57,,,,40.0,57.8,1312.0,5108.0,5.9,17.0,11.3,250.0,250.0,250.0,1412.0,1410.0,10.3,8.4,1.75,10.13,1145.0,3.0,1.6,0.3,-2.1,8.3,,,,,,,,,,,,,,,6.7,988.7,1018.5,1014.5,1024.8,332.0,2400.0,,,,-{천둥}-{천둥}{강도0}(N{이동}NE)0003-0018.-{소나기}-0134.,135,127.9946,36.2203
1995-11-15,4.2,-2.5,12.2,1513.0,750.0,,,,,,,,39.0,48.0,1518.0,2886.0,3.3,8.1,6.7,250.0,250.0,250.0,243.0,300.0,10.3,8.8,1.72,10.39,1200.0,0.0,0.0,-5.4,-6.7,4.4,,,,,,,,,,,,,,,4.2,994.9,1025.3,1023.4,1027.2,1450.0,903.0,,,,,135,127.9946,36.2203
1995-11-16,4.4,-2.6,14.2,1528.0,743.0,,,,,,,,32.0,57.3,1618.0,1875.0,2.2,10.1,8.7,250.0,250.0,250.0,1105.0,1110.0,10.2,8.6,1.69,10.13,1200.0,0.5,0.0,-3.5,-6.7,5.0,,,,,,,,,,,,,,,4.8,994.7,1025.1,1022.5,1027.2,1440.0,2338.0,,,,,135,127.9946,36.2203
1995-11-17,5.6,-0.9,14.2,1420.0,705.0,,,,,,,,53.0,81.0,1543.0,1466.0,1.7,7.0,6.3,250.0,230.0,250.0,1146.0,1340.0,10.2,7.4,1.41,8.09,1130.0,0.5,0.5,2.4,-4.5,5.7,,,,,,,,,,,,,,,7.4,998.1,1028.5,1026.6,1031.3,1434.0,2400.0,,,,,135,127.9946,36.2203
1995-11-18,6.1,-0.2,16.8,1522.0,830.0,,,,,,,,21.0,68.0,1503.0,658.0,0.8,6.0,5.3,200.0,250.0,20.0,1315.0,1350.0,10.2,7.7,1.54,8.68,1145.0,0.8,0.0,-1.3,-3.9,6.4,,,,,,,,,,,,,,,5.6,999.0,1029.4,1026.6,1032.5,1432.0,910.0,2.25,,,{박무}0035-{박무}{강도0}0300-{박무}{강도0}0600-{시정(미만)}{1km}{안개}0625-{시정(미만)}{0.5km}{안개}0640-{시정(이상)}{0.5km}{안개}0755-{시정(이상)}{강도1}{박무}0840{박무}{강도1}0900-{박무}{강도0}1200-1335.{박무}2235-{박무}{강도0}2400,135,127.9946,36.2203
1995-11-19,5.7,-0.2,13.8,1242.0,656.0,0.2,,,3.55,0.2,,,37.0,69.5,1230.0,1707.0,2.0,13.2,7.7,270.0,250.0,250.0,2231.0,1830.0,10.1,1.2,1.4,4.34,1130.0,7.5,3.4,0.0,-3.5,5.9,,,,,,,,,,,,,,,6.2,991.6,1021.8,1016.9,1026.7,1724.0,0.0,,,,-{박무}-{박무}{강도0}0300-{박무}{강도0}0600-0825.{비}1348-1404.{비}1906-{비}{강도0}2100-2223.,135,127.9946,36.2203
1995-11-20,3.7,0.5,7.6,1512.0,2400.0,,,,,,,,22.0,47.3,1452.0,4547.0,5.3,15.2,11.3,250.0,250.0,250.0,443.0,430.0,10.1,8.5,1.63,9.82,1145.0,0.0,0.0,-7.1,-5.4,3.7,,,,,,,,,,,,,,,3.7,992.9,1023.3,1020.8,1025.8,0.0,2310.0,,,,,135,127.9946,36.2203
1995-11-21,3.0,-1.2,8.3,1418.0,2400.0,,,,,,,,49.0,72.0,1504.0,3123.0,3.6,10.6,8.3,250.0,250.0,250.0,1310.0,1310.0,10.1,8.3,1.6,9.35,1200.0,1.8,0.5,-1.8,-6.2,3.0,,,,,,,,,,,,,,,5.4,994.1,1024.8,1022.8,1026.1,1450.0,920.0,,,,,135,127.9946,36.2203
1995-11-22,3.4,-3.5,10.7,1226.0,438.0,0.0,,,0.48,0.3,,,53.0,72.0,1153.0,1066.0,1.2,9.7,7.3,290.0,290.0,270.0,1333.0,1350.0,10.1,2.4,1.38,5.5,1047.0,5.5,3.8,-1.3,-7.6,3.1,,,,,,,,,,,,,,,5.7,991.7,1022.2,1018.0,1025.5,2400.0,0.0,,,,{비}2313-2342.,135,127.9946,36.2203
1995-11-23,3.1,-1.2,7.2,525.0,2400.0,0.3,,,2.47,0.0,,,42.0,76.0,1022.0,3762.0,4.4,13.0,8.3,270.0,270.0,270.0,2130.0,2140.0,10.0,5.7,1.34,6.3,1020.0,3.3,3.4,-0.8,-4.8,3.9,,,,,,,,,,,,,,,6.0,987.8,1018.2,1015.9,1019.3,528.0,1200.0,,,,{비}0541-{비}{강도0}0600-0632.{소낙눈}1418-{소낙눈}{강도0}1500-1515.{눈}1812-1852.,135,127.9946,36.2203
1995-11-24,1.3,-2.3,4.8,2221.0,430.0,3.9,,,8.1,3.9,,,71.0,90.3,7.0,3929.0,4.5,10.8,7.7,270.0,270.0,290.0,1442.0,1340.0,10.0,0.0,0.61,1.62,1115.0,8.3,5.8,0.0,-4.8,1.9,,,,,,,,,,,,,,,6.2,984.9,1015.4,1012.3,1018.3,1413.0,0.0,,,,{눈}0710-0730.{눈}0824-{눈}{강도0}0900-1133.{비}1404-{비}{강도0}1500-1718.{비}2052-{비}{강도0}2100-2215.,135,127.9946,36.2203
1995-11-25,3.6,-1.6,9.2,1515.0,702.0,,,,,,,,39.0,61.8,1546.0,2498.0,2.9,12.0,9.0,290.0,290.0,290.0,1230.0,1240.0,10.0,8.5,1.57,9.06,1200.0,0.5,1.1,-3.2,-6.9,3.2,,,,,,,,,,,,,,,4.8,987.7,1018.0,1016.2,1019.6,1452.0,910.0,,,,,135,127.9946,36.2203
1995-11-26,4.7,-1.0,12.6,1411.0,630.0,,,,,,,,36.0,64.3,1407.0,3098.0,3.6,16.5,10.7,270.0,270.0,270.0,1417.0,1430.0,10.0,5.0,1.22,6.24,1215.0,2.8,2.4,-2.2,-4.0,3.9,,,,,,,,,,,,,,,5.2,986.1,1016.3,1013.1,1020.3,1452.0,2340.0,,,,,135,127.9946,36.2203
1995-11-27,2.4,-1.9,8.0,1523.0,515.0,,,,,,,,20.0,35.3,1526.0,3994.0,4.6,8.8,7.7,270.0,270.0,270.0,2304.0,2320.0,9.9,8.4,1.58,9.35,1200.0,0.0,0.0,-11.6,-6.6,2.5,,,,,,,,,,,,,,,2.5,992.7,1023.3,1020.3,1025.3,0.0,1000.0,,,,,135,127.9946,36.2203
1995-11-28,2.9,-2.6,9.2,1510.0,720.0,,,,,,,,33.0,48.3,1040.0,3404.0,3.9,10.8,9.3,250.0,250.0,270.0,1326.0,1330.0,9.9,8.3,1.49,8.81,1145.0,0.0,0.0,-7.0,-8.4,2.4,,,,,,,,,,,,,,,3.7,994.9,1025.5,1023.7,1027.2,1540.0,1013.0,,,,,135,127.9946,36.2203
1995-11-29,2.2,-3.9,11.8,1400.0,809.0,,,,,,,,33.0,70.8,1528.0,835.0,1.0,5.0,4.3,250.0,250.0,20.0,1040.0,1020.0,9.9,8.1,1.41,8.27,1130.0,0.0,0.0,-3.5,-7.8,3.2,,,,,,,,,,,,,,,4.7,995.0,1025.7,1023.3,1027.5,1436.0,855.0,,,,,135,127.9946,36.2203
1995-11-30,2.6,-3.1,9.0,1447.0,752.0,,,,,,,,34.0,64.0,1327.0,2552.0,3.0,11.7,8.3,250.0,250.0,250.0,1359.0,1240.0,9.9,6.4,1.42,7.74,1130.0,2.8,1.6,-4.0,-7.6,2.8,,,,,,,,,,,,,,,4.5,990.6,1021.1,1017.1,1025.1,1730.0,0.0,,,,,135,127.9946,36.2203
1995-12-01,2.2,-1.2,6.3,1430.0,718.0,,,,,,,,37.0,51.5,1446.0,3941.0,4.6,11.3,9.7,270.0,270.0,270.0,407.0,410.0,9.9,7.7,1.43,8.18,1145.0,0.0,0.0,-6.6,-6.1,2.4,,,,,,,,,,,,,,,3.8,989.1,1019.6,1018.0,1021.7,1430.0,2400.0,,,,,135,127.9946,36.2203
1995-12-02,1.6,-3.2,7.4,1335.0,432.0,,,,,,,,46.0,68.0,1321.0,2692.0,3.1,10.9,9.0,250.0,250.0,270.0,1645.0,1640.0,9.8,6.3,1.42,6.81,1200.0,1.3,1.9,-3.7,-7.2,1.6,,,,,,,,,,,,,,,4.7,991.3,1022.0,1020.1,1023.5,1710.0,854.0,,,,,135,127.9946,36.2203
1995-12-03,2.4,0.2,5.8,1317.0,446.0,0.0,,,0.32,0.0,,,54.0,70.8,1317.0,3580.0,4.1,13.1,8.3,290.0,290.0,290.0,2257.0,2300.0,9.8,0.2,1.07,4.36,1222.0,4.8,3.6,-2.3,-3.3,2.2,,,,,,,,,,,,,,,5.2,990.1,1020.7,1018.6,1021.9,1630.0,0.0,,,,{눈}1623-1642.,135,127.9946,36.2203
1995-12-04,-0.1,-2.8,4.6,1250.0,719.0,0.0,,,0.85,0.2,,,36.0,67.5,1212.0,3729.0,4.3,13.8,11.7,290.0,290.0,290.0,121.0,210.0,9.8,3.8,1.32,4.81,1145.0,3.8,3.5,-5.3,-7.1,0.4,,,,,,,,,,,,,,,4.2,990.3,1021.1,1018.7,1023.0,1624.0,742.0,,,,{눈}1405-{눈}{강도0}1500-1508.{눈}1822-1855.,135,127.9946,36.2203
1995-12-05,-2.9,-4.4,-1.2,1304.0,2400.0,0.2,,,8.6,0.0,,,58.0,70.0,1346.0,3882.0,4.5,13.2,10.3,270.0,270.0,290.0,1345.0,1350.0,9.8,1.2,1.41,5.0,1045.0,8.0,5.9,-7.7,-6.3,0.1,,,,,,,,,,1.2,1.2,1.2,530.0,530.0,3.5,991.0,1022.2,1020.6,1024.4,356.0,2400.0,,,,{눈}0238-{눈}{강도0}0300-0546.{눈}0635-{눈}{강도0}0900-0905.{눈}1228-1242.{눈}1506-1710.{눈}2235-2315.,135,127.9946,36.2203
1995-12-06,-2.6,-6.0,1.8,1504.0,620.0,,,,,,,,40.0,57.5,1551.0,5065.0,5.9,12.9,11.7,290.0,290.0,270.0,458.0,420.0,9.8,7.5,1.46,8.49,1145.0,1.3,1.0,-10.2,-8.6,-0.7,,,,,,,,,,,,,,,2.8,994.1,1025.4,1023.5,1027.3,410.0,2350.0,,,,,135,127.9946,36.2203
1995-12-07,-0.8,-3.6,3.7,1319.0,817.0,,,,,,,,54.0,71.5,1312.0,4130.0,4.8,10.3,8.7,270.0,270.0,270.0,1510.0,310.0,9.8,4.7,1.47,6.55,1205.0,5.3,4.1,-5.3,-8.2,-0.1,,,,,,,,,,,,,,,4.2,995.3,1026.4,1024.6,1027.8,1317.0,1013.0,,,,,135,127.9946,36.2203
1995-12-08,-0.8,-5.0,3.5,1452.0,2400.0,,,,,,,,38.0,54.3,1455.0,4390.0,5.1,13.0,10.7,320.0,320.0,270.0,427.0,430.0,9.8,7.7,1.5,8.46,1145.0,2.8,1.9,-9.0,-10.4,0.8,,,,,,,,,,,,,,,3.1,996.6,1027.7,1024.3,1031.5,118.0,2400.0,,,,,135,127.9946,36.2203
1995-12-09,-2.7,-9.3,6.9,1506.0,605.0,,,,,,,,33.0,67.3,1506.0,672.0,0.8,6.4,5.3,250.0,250.0,270.0,1401.0,1350.0,9.7,7.0,1.29,8.33,1045.0,1.5,0.5,-8.7,-13.1,-1.9,,,,,,,,,,,,,,,3.2,1000.6,1032.0,1028.6,1034.1,1520.0,837.0,,,,,135,127.9946,36.2203
1995-12-10,-0.2,-5.5,6.3,1455.0,630.0,,,,,,,,39.0,57.0,1500.0,2256.0,2.6,11.4,9.0,270.0,270.0,290.0,1516.0,1520.0,9.7,7.6,1.43,7.99,1220.0,0.0,0.0,-8.0,-10.3,0.3,,,,,,,,,,,,,,,3.4,998.5,1029.7,1027.3,1031.8,1443.0,812.0,,,,,135,127.9946,36.2203
1995-12-11,2.9,-4.1,8.6,1522.0,808.0,,,,,,,,49.0,65.0,1528.0,2250.0,2.6,10.0,7.7,270.0,270.0,290.0,215.0,230.0,9.7,5.1,1.26,6.1,1200.0,4.0,2.0,-3.2,-7.8,2.5,,,,,,,,,,,,,,,4.9,994.0,1024.6,1021.3,1029.0,1655.0,0.0,,,,,135,127.9946,36.2203
1995-12-12,4.2,-2.2,9.1,1543.0,2400.0,,,,,,,,43.0,71.0,1455.0,2493.0,2.9,9.5,8.0,270.0,270.0,270.0,1356.0,1400.0,9.7,4.8,1.27,6.67,1200.0,2.8,2.6,-0.9,-7.7,3.7,,,,,,,,,,,,,,,5.8,993.7,1024.1,1020.8,1027.9,330.0,2322.0,,,,{박무}0635-{박무}{강도0}0900-1122.,135,127.9946,36.2203
1995-12-13,1.0,-5.3,8.8,1233.0,811.0,,,,,,,,43.0,75.3,1237.0,630.0,0.7,5.7,3.3,290.0,290.0,160.0,2350.0,2400.0,9.7,0.5,1.21,4.73,1130.0,6.8,3.0,-3.4,-9.4,1.5,,,,,,,,,,,,,,,4.8,993.8,1024.6,1020.7,1028.0,1450.0,247.0,,,,{박무}0035-{박무}{강도0}0300-{박무}{강도0}0600-{박무}{강도0}0900-1125.{박무}1715-{박무}{강도0}1800-{박무}{강도0}2100,135,127.9946,36.2203
1995-12-14,4.0,0.4,7.1,1353.0,812.0,0.9,,,2.72,0.9,,,52.0,71.8,1347.0,3356.0,3.9,12.4,7.7,270.0,290.0,290.0,2105.0,1840.0,9.7,1.4,1.09,4.54,1245.0,7.5,4.5,-0.7,-5.8,3.2,,,,,,,,,,,,,,,5.8,991.1,1021.5,1019.1,1023.3,1418.0,1000.0,,,,-{박무}-0140.{비}1752-{비}{강도0}1800-2035.{박무}2125-{박무}{강도0}2400,135,127.9946,36.2203
1995-12-15,2.3,-1.9,5.4,1430.0,2352.0,0.0,,,0.5,,,,33.0,54.0,1452.0,3341.0,3.9,13.3,8.3,290.0,290.0,290.0,1350.0,1400.0,9.7,5.3,1.32,6.35,1200.0,4.5,2.8,-6.4,-5.8,2.9,,,,,,,,,,,,,,,4.0,995.0,1025.6,1021.6,1029.6,30.0,2223.0,,,,{비}0715-0745.-{박무}-0240.,135,127.9946,36.2203
1995-12-16,-0.4,-3.6,3.9,1506.0,430.0,,,,,,,,26.0,55.3,1646.0,4097.0,4.7,11.6,9.0,270.0,270.0,270.0,1546.0,1630.0,9.7,2.9,1.16,6.35,1145.0,3.8,1.4,-8.8,-8.3,0.6,,,,,,,,,,,,,,,3.2,996.7,1027.7,1025.1,1029.5,1513.0,700.0,,,,,135,127.9946,36.2203
1995-12-17,-0.7,-4.2,3.6,1458.0,2400.0,,,,,,,,35.0,55.0,1554.0,3810.0,4.4,13.3,9.3,270.0,270.0,270.0,1029.0,1040.0,9.7,7.2,1.41,7.92,1200.0,1.5,0.5,-8.8,-8.4,0.9,,,,,,,,,,,,,,,3.2,997.4,1028.5,1026.6,1030.5,1437.0,2330.0,,,,,135,127.9946,36.2203
1995-12-18,-1.8,-6.0,1.5,1459.0,800.0,,,,,,,,47.0,63.3,1720.0,3102.0,3.6,10.8,7.7,270.0,290.0,290.0,2259.0,220.0,9.7,0.8,0.83,4.66,1100.0,5.5,1.9,-8.2,-10.5,-1.1,,,,,,,,,,,,,,,3.3,997.4,1028.7,1026.3,1030.5,1455.0,6.0,,,,,135,127.9946,36.2203
1995-12-19,1.3,-2.2,6.3,1505.0,748.0,,,,,,,,37.0,57.5,1502.0,3756.0,4.3,12.7,10.0,270.0,270.0,270.0,1201.0,1210.0,9.7,7.6,1.37,7.53,1215.0,0.0,0.0,-6.5,-6.1,1.3,,,,,,,,,,,,,,,3.8,997.6,1028.5,1027.0,1030.0,1447.0,1014.0,,,,,135,127.9946,36.2203
1995-12-20,-0.6,-6.1,6.0,1231.0,817.0,0.0,,,0.6,0.0,,,49.0,66.5,1228.0,2407.0,2.8,11.5,7.7,270.0,270.0,270.0,1415.0,1430.0,9.7,3.6,1.24,5.0,1115.0,4.3,2.9,-6.3,-10.8,-0.7,,,,,,,,,,,,,,,3.9,996.0,1027.1,1024.4,1029.2,1440.0,552.0,,,,{비}1552-1628.{박무}1538-1650.,135,127.9946,36.2203
1995-12-21,0.5,-2.0,4.7,1439.0,2350.0,,,,,,,,35.0,47.8,1510.0,3973.0,4.6,14.5,11.7,320.0,320.0,270.0,103.0,110.0,9.7,7.3,1.38,7.72,1200.0,0.0,0.0,-9.6,-7.3,1.8,,,,,,,,,,,,,,,3.0,998.1,1029.1,1026.9,1031.0,5.0,2230.0,,,,,135,127.9946,36.2203
1995-12-22,-0.3,-6.5,5.3,1527.0,730.0,,,,,,,,45.0,66.5,1526.0,3083.0,3.6,13.0,9.0,290.0,270.0,290.0,1713.0,1510.0,9.7,4.5,1.45,6.2,1215.0,2.5,2.0,-6.2,-11.3,0.7,,,,,,,,,,,,,,,3.9,997.8,1029.0,1026.3,1031.8,1457.0,720.0,,,,,135,127.9946,36.2203
1995-12-23,3.0,-1.4,6.7,1320.0,758.0,,,,,0.8,,,53.0,70.5,1533.0,3197.0,3.7,13.2,10.0,270.0,270.0,290.0,1547.0,1610.0,9.7,0.3,0.78,3.28,1130.0,6.3,3.6,-1.9,-6.8,2.1,,,,,,,,,,,,,,,5.3,993.7,1024.3,1021.1,1027.2,2400.0,10.0,,,,{박무}0625-{박무}{강도0}0600-{박무}{강도0}0900-{박무}{강도0}1200-{박무}{강도0}1500-{박무}{강도0}1800-{박무}{강도0}2100-{박무}{강도0}2400,135,127.9946,36.2203
1995-12-24,-3.2,-7.4,2.7,47.0,2353.0,1.0,,,7.98,0.2,,,41.0,65.5,1317.0,6076.0,7.0,23.2,13.3,270.0,290.0,290.0,424.0,1320.0,9.7,5.7,1.48,7.03,1142.0,7.8,3.5,-9.2,-9.2,-0.2,,,,,,,,,,2.8,2.8,3.1,1020.0,1020.0,3.2,994.2,1025.5,1018.6,1031.8,354.0,2355.0,,,,-{박무}-{박무}{강도0}0300-0440.{눈}0320-0450.{눈}0708-{눈}{강도0}0900-0908.{눈}0940-1026.{눈}1925-{눈}{강도0}2100-2308.,135,127.9946,36.2203
1995-12-25,-7.0,-10.1,-3.2,1507.0,757.0,,,,,,,,38.0,49.8,1704.0,5748.0,6.7,17.3,12.7,290.0,270.0,290.0,1229.0,800.0,9.7,7.8,1.46,8.05,1230.0,0.0,0.0,-15.8,-12.5,-5.1,,,,,,,,,,2.1,,,0.0,,1.8,1002.4,1034.4,1031.8,1036.1,0.0,951.0,,,,,135,127.9946,36.2203
1995-12-26,-5.2,-9.8,0.2,1506.0,450.0,,,,,,,,26.0,41.5,1505.0,4763.0,5.5,15.0,11.8,290.0,290.0,270.0,2.0,20.0,9.7,7.6,1.41,7.88,1215.0,0.0,0.0,-16.4,-13.0,-3.0,,,,,,,,,,0.0,,,,,1.7,1004.1,1035.9,1033.6,1037.5,1450.0,1025.0,,,,,135,127.9946,36.2203
1995-12-27,-3.8,-9.9,3.7,1514.0,818.0,,,,,,,,20.0,48.0,1445.0,1780.0,2.1,9.0,7.5,270.0,270.0,290.0,1459.0,1510.0,9.7,7.2,1.46,8.03,1200.0,0.8,0.0,-14.2,-14.6,-2.4,,,,,,,,,,,,,,,2.1,1004.5,1036.2,1033.7,1038.4,1747.0,900.0,,,,,135,127.9946,36.2203
1995-12-28,-1.9,-7.5,5.3,1154.0,130.0,1.8,,,5.05,1.8,,,41.0,68.0,1146.0,2312.0,2.7,17.4,10.7,250.0,250.0,270.0,2356.0,2350.0,9.7,1.7,1.23,3.9,1015.0,6.0,2.8,-6.9,-12.0,-0.9,,,,,,,,,,2.1,2.1,2.2,2314.0,2314.0,3.8,994.5,1025.7,1020.2,1034.6,1501.0,0.0,,,,{눈}0515-{눈}1543-{눈}{강도0}1800-1856.{눈}2141-2222.{눈}2238-2319.,135,127.9946,36.2203
1995-12-29,-3.4,-5.9,-0.4,1319.0,2400.0,0.7,,,9.58,0.9,,,61.0,69.3,1220.0,5144.0,6.0,20.5,11.3,270.0,270.0,290.0,115.0,330.0,9.7,1.3,1.27,4.1,1230.0,6.3,5.3,-8.3,-6.6,-0.7,,,,,,,,,,1.9,1.6,1.6,0.0,2400.0,3.3,989.1,1020.3,1018.7,1022.6,1824.0,1022.0,,,,{눈}0021-0115.{눈}0251-{눈}{강도0}0300-0314.{눈}1052-1138.{눈}1405-{눈}{강도0}1500-{눈}{강도0}1800-1925.{눈}2005-2035.{눈}2218-{눈}{강도0}2400,135,127.9946,36.2203
1995-12-30,-6.0,-9.2,-1.8,1553.0,607.0,0.2,,,1.75,,,,37.0,59.0,1525.0,4430.0,5.1,16.0,8.3,250.0,250.0,250.0,1131.0,1140.0,9.7,7.7,1.42,8.11,1225.0,3.0,1.0,-12.9,-12.2,-1.6,,,,,,,,,,2.1,0.6,0.6,445.0,445.0,2.3,990.4,1022.0,1019.5,1023.6,100.0,2252.0,,,,-{눈}-0035.{눈}0340-0450.,135,127.9946,36.2203
1995-12-31,-2.8,-7.8,5.4,1347.0,525.0,0.3,,,1.08,,,,51.0,67.5,1927.0,3448.0,4.0,15.1,11.0,270.0,270.0,270.0,2302.0,1950.0,9.7,0.0,0.82,3.03,1245.0,4.3,3.5,-8.2,-11.1,-2.1,,,,,,,,,,0.2,,,0.0,,3.7,987.6,1018.7,1014.1,1023.1,1427.0,0.0,,,,{비}1425-{비}{강도0}1500-1530.,135,127.9946,36.2203
