dt,avg_ta,min_ta,max_ta,max_ta_hrmt,min_ta_hrmt,sum_rn,hr1_max_rn,mi10_max_rn,sum_rn_dur,n9_9_rn,mi10_max_rn_hrmt,hr1_max_rn_hrmt,min_rhm,avg_rhm,min_rhm_hrmt,hr24_sum_rws,avg_ws,max_ins_ws,max_ws,max_ins_ws_wd,max_ws_wd,max_wd,max_ins_ws_hrmt,max_ws_hrmt,ss_dur,sum_ss_hr,hr1_max_icsr,sum_gsr,hr1_max_icsr_hrmt,avg_tca,avg_lmac,avg_td,min_tg,avg_ts,avg_m1_5_te,avg_cm5_te,avg_cm10_te,avg_cm20_te,avg_cm30_te,avg_m0_5_te,avg_m1_0_te,avg_m5_0_te,avg_m3_0_te,dd_mes,dd_mefs,sum_dpth_fhsc,dd_mes_hrmt,dd_mefs_hrmt,avg_pv,avg_pa,avg_ps,min_ps,max_ps,min_ps_hrmt,max_ps_hrmt,sum_fog_dur,sum_lrg_ev,sum_sml_ev,iscs,code,x,y
2011-03-23,3.9,-1.2,7.9,1236.0,617.0,,,,,,,,20.0,31.4,1231.0,2289.0,2.6,9.3,6.1,290.0,290.0,270.0,1221.0,1003.0,12.2,11.2,,,,0.3,0.3,-11.8,-5.5,7.2,,,,,,,,,,,,,,,2.5,1019.5,1022.3,1019.5,1024.7,1831.0,1005.0,,,,,90,128.5647,38.2509
2011-03-23,0.9,-7.5,7.7,1453.0,659.0,,,,,,,,15.0,46.3,1501.0,2345.0,2.7,11.1,7.7,230.0,230.0,200.0,1649.0,1634.0,12.2,10.6,,,,0.5,0.5,-10.7,-10.6,4.1,,5.2,5.1,4.9,5.1,4.6,4.6,,,,,,,,2.8,1004.6,1024.1,1020.7,1027.0,1622.0,802.0,,,3.8,,95,127.3042,38.1479
2011-03-23,1.8,-5.8,9.7,1341.0,633.0,,,,,,,,13.0,39.4,1343.0,1954.0,2.3,11.3,7.3,250.0,270.0,200.0,1522.0,1505.0,12.2,10.9,,,,0.6,0.6,-11.7,-8.0,4.6,,,,,,,,,,,,,,,2.6,1010.1,1024.2,1021.5,1026.9,1648.0,841.0,,,,,98,127.0607,37.9019
2011-03-23,1.4,-7.2,9.0,1416.0,627.0,,,,,,,,16.0,48.1,1318.0,1649.0,1.9,9.3,5.6,250.0,250.0,200.0,1526.0,1529.0,12.2,11.1,,,,,,-9.6,-10.7,5.0,,,,,,,,,,,,,,,3.1,1020.7,1024.4,1022.1,1027.1,1658.0,829.0,,,,,99,126.7665,37.8859
2011-03-23,-3.1,-10.9,2.4,1512.0,631.0,,,,,,,,25.0,41.0,1620.0,4315.0,5.0,14.0,9.7,250.0,270.0,270.0,2243.0,2400.0,12.2,11.5,3.24,23.82,1200.0,0.1,0.1,-15.0,-11.8,-0.4,,,,,,,,,,2.5,,,0.0,,1.9,928.4,1022.7,1018.9,1027.2,1709.0,647.0,,,,,100,128.7183,37.6771
2011-03-23,1.9,-6.5,9.0,1456.0,653.0,,,,,,,,16.0,41.6,1456.0,1514.0,1.8,11.1,5.7,270.0,270.0,200.0,1544.0,1548.0,12.2,11.1,3.01,21.42,1200.0,0.6,0.6,-11.3,-16.0,5.2,6.0,3.3,3.8,3.8,4.4,3.9,4.0,16.1,12.0,,,,,,2.6,1013.9,1023.6,1020.3,1026.5,1634.0,810.0,,,3.7,,101,127.7357,37.9026
2011-03-23,2.7,0.3,5.5,1351.0,210.0,,,,,,,,38.0,55.6,323.0,4859.0,5.6,14.4,9.0,250.0,290.0,270.0,1428.0,2345.0,12.2,10.7,,,,0.0,0.0,-5.5,-1.1,4.4,,,,,,,,,,,,,,,4.2,1006.5,1024.7,1021.5,1027.5,1847.0,928.0,,,,{박무}2057-{박무}{강도0}2100-2307.,102,124.6305,37.9661
2011-03-23,2.2,-3.0,6.5,1505.0,605.0,,,,,,,,19.0,36.3,948.0,2094.0,2.4,7.6,4.8,360.0,270.0,200.0,1259.0,1001.0,12.2,11.2,3.12,22.46,1200.0,0.4,0.1,-11.7,-7.5,5.3,4.9,4.3,4.2,3.9,4.2,4.7,5.0,12.4,8.1,1.4,,,0.0,,2.6,1011.9,1021.8,1019.5,1024.0,1842.0,737.0,,,3.8,,104,128.8554,37.8046
2011-03-23,3.3,-1.4,7.5,1415.0,633.0,,,,,,,,20.0,34.6,1109.0,2514.0,2.9,10.8,7.0,250.0,250.0,250.0,2340.0,2318.0,12.2,11.1,3.12,22.5,1200.0,,,-11.0,-1.4,4.7,6.2,5.1,4.3,4.8,5.3,5.6,5.8,12.6,9.1,,,,,,2.7,1018.7,1021.9,1019.5,1024.2,1844.0,856.0,,,,,105,128.891,37.7515
2011-03-23,2.9,-0.6,6.2,1127.0,133.0,,,,,,,,25.0,39.3,946.0,2427.0,2.8,10.4,6.4,250.0,20.0,250.0,2336.0,1241.0,12.2,11.2,,,,0.0,0.0,-9.9,-4.7,4.5,,,,,,,,,,3.1,,,0.0,,2.9,1016.9,1021.9,1020.0,1023.9,2340.0,746.0,,,,,106,129.1243,37.5071
2011-03-23,2.2,-2.2,7.3,1429.0,543.0,,,,,,,,18.0,39.9,1350.0,3187.0,3.7,11.5,7.6,270.0,270.0,270.0,1627.0,1601.0,12.2,11.2,3.03,21.88,1200.0,0.9,0.9,-10.9,-10.1,6.8,7.5,5.5,6.1,6.1,6.7,6.8,7.1,14.5,10.9,,,,,,2.8,1013.6,1024.3,1022.2,1026.8,1716.0,930.0,,,3.5,,108,126.9658,37.5714
2011-03-23,3.2,-0.3,7.5,1412.0,612.0,,,,,,,,23.0,51.0,1416.0,3358.0,3.9,9.0,6.7,250.0,360.0,340.0,1604.0,930.0,12.2,11.1,2.98,21.6,1200.0,0.0,1.0,-6.5,-3.8,6.0,8.0,6.4,6.0,6.4,8.1,7.5,7.5,14.4,11.2,,,,,,3.9,1016.2,1024.9,1023.0,1027.3,1917.0,1004.0,,,4.2,,112,126.6244,37.4776
2011-03-23,2.3,-4.2,8.6,1436.0,558.0,,,,,,,,15.0,30.9,1508.0,1945.0,2.3,8.9,5.2,250.0,270.0,250.0,1542.0,1542.0,12.2,11.1,3.06,22.12,1200.0,0.4,0.0,-13.9,-8.4,4.7,,,,,,,,,,,,,,,2.1,1005.4,1024.2,1020.9,1026.8,1640.0,809.0,,,,,114,127.9466,37.3375
2011-03-23,2.0,-3.9,7.2,1302.0,551.0,,,,,,,,25.0,52.1,1618.0,1622.0,1.9,10.6,5.8,290.0,270.0,270.0,1505.0,1507.0,12.2,11.3,3.03,21.71,1200.0,0.4,0.4,-7.4,-6.1,4.1,7.4,4.6,5.0,5.6,5.9,7.3,6.9,13.1,9.0,,,,,,3.6,1020.6,1024.9,1023.1,1027.0,1727.0,939.0,,,3.5,,119,126.9853,37.2723
2011-03-23,1.9,-5.8,8.3,1517.0,647.0,,,,,,,,14.0,33.8,1545.0,1747.0,2.0,9.1,5.3,290.0,290.0,270.0,1606.0,1609.0,12.2,11.2,,,,,,-13.8,-10.1,3.7,,,,,,,,,,,,,,,2.1,993.8,1023.6,1020.1,1026.6,1705.0,713.0,,,,,121,128.4574,37.1813
2011-03-23,1.0,-5.3,8.2,1441.0,553.0,,,,,,,,15.0,37.9,1448.0,1975.0,2.3,9.2,5.7,290.0,270.0,270.0,1533.0,1737.0,12.2,11.1,,,,,,-13.1,-7.1,4.8,,,,,,,,,,,,,,,2.3,1010.2,1024.6,1021.2,1027.0,1645.0,814.0,,,,,127,127.9525,36.9705
2011-03-23,1.9,-5.0,7.9,1423.0,615.0,,,,,,,,20.0,54.1,1405.0,2538.0,2.9,10.3,6.5,360.0,230.0,180.0,1029.0,1747.0,12.2,11.0,3.06,22.29,1200.0,0.4,0.0,-7.3,-8.3,5.2,,4.6,5.4,5.1,6.1,6.4,6.7,,,,,,,,3.6,1022.3,1025.5,1023.7,1027.8,1650.0,1054.0,,,3.4,,129,126.4939,36.7766
2011-03-23,2.9,-1.8,6.0,1432.0,625.0,,,,,,,,24.0,39.5,945.0,2145.0,2.5,7.6,4.1,230.0,70.0,230.0,121.0,1224.0,12.2,11.4,,,,0.0,0.0,-9.7,-4.2,4.8,,,,,,,,,,,,,,,3.0,1016.2,1022.1,1020.7,1024.0,1734.0,838.0,,,,,130,129.4128,36.9918
2011-03-23,2.9,-2.5,8.6,1600.0,537.0,,,,,,,,16.0,36.6,1706.0,1428.0,1.7,7.8,4.0,290.0,340.0,270.0,1419.0,1642.0,12.2,10.1,3.08,21.11,1200.0,0.1,0.1,-11.2,-6.6,3.2,,4.9,5.8,6.1,6.4,7.1,7.2,,,,,,,,2.7,1017.8,1024.8,1022.8,1027.0,1615.0,755.0,,,3.2,,131,127.4407,36.6392
2011-03-23,2.9,-2.6,8.6,1401.0,224.0,,,,,,,,13.0,34.4,1549.0,2117.0,2.5,11.6,5.9,320.0,320.0,320.0,1523.0,1435.0,12.2,11.2,3.18,22.95,1200.0,0.8,0.1,-12.6,-5.8,5.8,7.9,4.9,6.2,6.5,7.3,7.2,7.9,15.1,10.8,,,,,,2.4,1016.5,1024.3,1022.2,1026.5,1611.0,941.0,,,3.0,,133,127.3721,36.372
2011-03-23,2.0,-3.3,7.2,1500.0,617.0,,,,,,,,18.0,36.6,1609.0,3564.0,4.1,13.0,8.5,250.0,250.0,250.0,1308.0,1308.0,12.2,11.1,3.22,23.17,1200.0,0.5,0.0,-12.1,-7.5,3.0,,,,,,,,,,,,,,,2.4,993.9,1023.9,1021.3,1026.4,1644.0,755.0,,,,,135,127.9946,36.2203
2011-03-23,2.9,-2.9,8.8,1547.0,651.0,,,,,,,,17.0,34.0,1439.0,2351.0,2.7,9.7,5.3,290.0,290.0,290.0,1456.0,1456.0,12.2,11.3,3.14,22.63,1200.0,0.6,0.0,-12.4,-6.3,5.8,,6.0,6.3,6.9,7.4,7.6,7.6,,,,,,,,2.4,1005.9,1023.5,1020.5,1026.1,1718.0,724.0,,,4.5,,136,128.7073,36.5729
2011-03-23,5.1,-0.1,10.8,1521.0,628.0,,,,,,,,18.0,33.0,1528.0,1847.0,2.1,9.5,4.9,320.0,180.0,250.0,1410.0,1038.0,12.2,11.4,3.33,23.83,1200.0,0.4,0.0,-10.4,-2.7,8.7,10.1,8.3,8.7,9.4,9.8,9.6,10.4,15.4,12.7,,,,,,2.8,1022.5,1022.7,1020.5,1025.1,1653.0,836.0,,,5.2,,138,129.38,36.032
2011-03-23,4.7,-0.6,10.3,1533.0,634.0,,,,,,,,14.0,25.3,1448.0,2742.0,3.2,10.9,5.5,320.0,320.0,270.0,1438.0,1421.0,12.2,11.5,3.08,22.18,1200.0,0.6,0.0,-14.4,-5.3,8.1,,,,,,,,,,,,,,,2.0,1016.6,1023.7,1021.2,1026.4,1656.0,812.0,,,,,143,128.6522,35.8282
2011-03-23,2.4,-4.0,9.0,1450.0,601.0,,,,,,,,26.0,47.1,1447.0,1768.0,2.0,8.4,5.3,230.0,250.0,250.0,1551.0,1640.0,12.2,10.4,3.03,21.83,1300.0,1.3,0.3,-8.4,-4.2,9.0,,6.3,6.5,7.1,7.3,8.2,8.2,,,,,,,,3.3,1019.1,1026.8,1024.2,1028.8,1609.0,1031.0,,,2.8,,146,127.155,35.8215
2011-03-23,4.5,-0.5,10.4,1655.0,623.0,,,,,,,,22.0,37.1,1438.0,2669.0,3.1,12.0,6.2,290.0,290.0,320.0,856.0,1442.0,12.2,11.6,,,,0.3,0.0,-9.3,-2.0,8.1,,,,,,,,,,,,,,,3.1,1018.4,1022.7,1020.9,1025.1,1651.0,756.0,,,,,152,129.3203,35.5601
2011-03-23,4.9,0.0,10.9,1503.0,555.0,,,,,,,,14.0,27.5,1505.0,2293.0,2.7,11.0,5.8,50.0,50.0,50.0,1143.0,1159.0,12.2,11.3,,,,0.5,0.0,-13.1,-2.5,4.5,,,,,,,,,,,,,,,2.3,1018.9,1023.5,1020.7,1026.0,1615.0,738.0,,,,,155,128.5728,35.1702
2011-03-23,3.2,-1.3,9.0,1451.0,648.0,,,,,,,,21.0,46.9,1541.0,1792.0,2.1,10.9,5.9,20.0,20.0,20.0,1159.0,1646.0,12.2,10.6,3.26,23.24,1200.0,1.8,0.3,-7.6,-5.0,7.3,,,,,,,,,,,,,,,3.5,1017.1,1026.5,1023.8,1028.2,1623.0,716.0,,,,,156,126.8916,35.1729
2011-03-23,5.4,-0.2,11.5,1538.0,619.0,,,,,,,,16.0,27.1,1649.0,2705.0,3.1,12.4,7.5,360.0,340.0,270.0,222.0,232.0,12.2,11.6,3.29,23.72,1200.0,0.3,0.0,-12.5,-3.4,5.0,10.5,8.3,8.6,9.2,9.4,9.8,10.0,14.7,13.4,,,,,,2.3,1014.3,1022.9,1020.6,1025.4,1629.0,749.0,,,4.4,,159,129.032,35.1047
2011-03-23,4.5,-1.1,9.6,1229.0,607.0,,,,,,,,25.0,41.8,1147.0,2423.0,2.8,9.9,5.8,200.0,360.0,360.0,1339.0,1016.0,12.2,10.8,,,,1.0,0.0,-7.8,-5.3,8.6,,,,,,,,,,,,,,,3.5,1019.5,1023.4,1020.9,1025.9,1705.0,824.0,,,,,162,128.4356,34.8454
2011-03-23,3.4,0.5,7.6,1502.0,550.0,,,,,,,,38.0,58.8,1329.0,4176.0,4.8,13.1,9.0,20.0,360.0,360.0,1225.0,1228.0,12.2,10.6,3.37,23.32,1200.0,2.3,0.6,-4.1,-3.3,7.8,10.4,6.0,6.2,6.9,7.8,9.4,10.2,15.5,12.0,,,,,,4.5,1021.5,1026.2,1024.2,1027.7,1550.0,1025.0,,,3.4,,165,126.3812,34.8169
2011-03-23,4.6,-0.2,9.1,1600.0,601.0,,,,,,,,17.0,30.3,1420.0,5196.0,6.0,19.2,12.1,270.0,320.0,320.0,20.0,12.0,12.2,10.7,,,,1.3,0.4,-11.9,-1.9,4.8,9.0,7.1,7.8,8.5,8.5,8.4,8.5,15.8,12.7,,,,,,2.5,1015.8,1024.9,1022.1,1027.1,1616.0,714.0,,,5.6,,168,127.7406,34.7393
2011-03-23,3.7,2.3,5.1,1321.0,609.0,,,,,,,,44.0,50.3,628.0,4865.0,5.6,12.6,8.9,20.0,20.0,20.0,1122.0,1212.0,12.2,10.8,3.32,23.98,1200.0,2.9,1.9,-5.7,0.0,8.2,,,,,,,,,,,,,,,4.0,1017.0,1025.6,1023.6,1027.4,2015.0,1030.0,,,,,169,125.4511,34.6872
2011-03-23,3.4,0.2,8.1,1544.0,624.0,,,,,,,,27.0,42.1,1547.0,3622.0,4.2,12.6,7.9,320.0,340.0,340.0,1318.0,1104.0,12.2,10.9,,,,2.3,0.4,-8.4,-0.3,4.8,,,,,,,,,,,,,,,3.2,1021.3,1024.8,1022.4,1026.4,1545.0,650.0,,,,,170,126.7018,34.3959
2011-03-23,1.6,-3.5,7.4,1339.0,433.0,,,,,,,,26.0,58.6,1305.0,2475.0,2.9,12.2,7.5,340.0,340.0,320.0,1057.0,1228.0,12.2,9.0,2.76,18.11,1200.0,1.9,0.6,-6.2,-9.2,5.9,,,,,,,,,,,,,,,3.9,1020.1,1026.6,1024.7,1028.2,1556.0,1024.0,,,,,172,126.599,35.3482
2011-03-23,0.1,-3.1,6.4,1422.0,330.0,,,,,,,,28.0,56.5,2249.0,4978.0,5.8,14.2,7.5,340.0,340.0,340.0,912.0,1902.0,12.2,11.1,,,,3.3,1.1,-7.7,-4.7,3.8,,,,,,,,,,,,,,,3.4,967.0,1025.9,1023.3,1027.5,1545.0,633.0,,,,,175,126.3238,34.4721
2011-03-23,5.7,4.1,7.8,1623.0,421.0,,,,,,,,29.0,45.5,2354.0,3650.0,4.2,10.0,6.0,320.0,320.0,320.0,436.0,441.0,12.2,6.7,2.67,18.27,1400.0,3.3,2.6,-5.4,3.0,7.7,13.7,7.9,8.4,9.8,10.5,11.0,12.5,17.9,15.6,,,,,,4.1,1024.0,1026.5,1024.6,1028.3,1835.0,1142.0,,,2.9,,184,126.5297,33.5141
2011-03-23,5.2,3.9,6.6,1157.0,400.0,,,,,,,,33.0,50.6,2324.0,9544.0,11.0,18.3,14.1,70.0,360.0,360.0,248.0,630.0,12.2,9.5,2.73,22.98,1000.0,2.9,2.3,-4.3,3.7,7.4,,,,,,,,,,,,,,,4.5,1016.7,1025.5,1023.1,1027.7,1907.0,1111.0,,,,{폭풍}0629-0631. {폭풍}0700-0707.,185,126.1628,33.2938
2011-03-23,5.8,3.6,8.1,1237.0,435.0,,,,,,,,41.0,47.1,1232.0,3437.0,4.0,14.5,7.7,270.0,290.0,290.0,1323.0,1257.0,12.2,10.2,,,,4.1,2.0,-4.6,2.4,6.7,,,,,,,,,,,,,,,4.3,1022.7,1025.0,1022.7,1026.8,1817.0,943.0,,,,,188,126.8802,33.3868
2011-03-23,7.8,4.3,11.5,1152.0,624.0,,,,,,,,24.0,44.8,1147.0,2539.0,2.9,9.9,6.6,160.0,140.0,160.0,1340.0,1528.0,12.2,10.4,,,,2.9,1.3,-3.8,2.2,10.5,,9.7,9.9,10.8,11.4,12.7,13.4,,,,,,,,4.6,1017.6,1023.8,1022.3,1025.7,1912.0,1014.0,,,4.2,,189,126.5653,33.2462
2011-03-23,3.6,-2.3,10.2,1429.0,355.0,,,,,,,,14.0,34.3,1433.0,1573.0,1.8,10.0,4.9,20.0,360.0,320.0,1544.0,1503.0,12.2,11.2,3.34,24.04,1200.0,1.0,0.0,-11.9,-6.5,5.8,,6.7,7.2,7.7,8.0,8.0,9.2,,,,,,,,2.5,1020.4,1023.8,1021.0,1026.2,1654.0,742.0,,,3.9,,192,128.04,35.1638
2011-03-23,2.3,-4.8,8.9,1429.0,631.0,,,,,,,,18.0,39.8,1540.0,1885.0,2.2,8.7,5.0,270.0,290.0,270.0,1431.0,1531.0,12.2,10.7,,,,,,-11.0,-11.8,3.7,,,,,,,,,,,,,,,2.7,1018.4,1024.3,1021.5,1026.9,1620.0,832.0,,,,,202,127.4945,37.4886
2011-03-23,1.6,-5.2,8.8,1359.0,640.0,,,,,,,,16.0,39.3,1502.0,1578.0,1.8,9.6,5.3,290.0,290.0,270.0,1409.0,1454.0,12.2,11.1,,,,,,-12.1,-10.1,3.2,,,,,,,,,,,,,,,2.5,1014.7,1026.1,1023.3,1028.3,1613.0,806.0,,,,,203,127.4842,37.264
2011-03-23,1.0,-6.4,6.8,1608.0,654.0,,,,,,,,18.0,38.4,1611.0,2110.0,2.4,9.4,5.3,180.0,180.0,180.0,1623.0,2052.0,12.2,9.6,,,,,,-12.6,-7.8,3.4,,,,,,,,,,,,,,,2.3,998.0,1022.9,1019.2,1026.3,1817.0,740.0,,,,,211,128.1671,38.0599
2011-03-23,2.1,-6.0,8.9,1539.0,632.0,,,,,,,,14.0,33.6,1444.0,1780.0,2.1,11.1,6.0,270.0,290.0,270.0,1405.0,1512.0,12.2,10.6,,,,,,-13.7,-10.7,3.6,,,,,,,,,,,,,,,2.2,1006.2,1024.6,1021.1,1027.4,1637.0,729.0,,,,,212,127.8804,37.6836
2011-03-23,-1.2,-7.8,3.5,1501.0,627.0,,,,,,,,18.0,31.5,1434.0,1677.0,1.9,7.3,4.1,250.0,340.0,270.0,1433.0,1442.0,12.2,10.9,,,,,,-16.6,-10.9,1.0,,,,,,,,,,,,,,,1.7,935.4,1022.2,1019.2,1025.8,1619.0,643.0,,,,,216,128.9893,37.1704
2011-03-23,0.8,-5.9,6.0,1516.0,634.0,,,,,,,,18.0,35.4,1543.0,2359.0,2.7,14.4,8.5,20.0,50.0,20.0,1358.0,1250.0,12.2,9.0,,,,,,-13.8,-8.2,2.4,,3.2,3.2,3.8,4.1,,,,,,,,,,2.1,984.9,1023.2,1019.8,1026.5,1702.0,717.0,,,,,217,128.6459,37.3815
2011-03-23,0.1,-7.4,7.5,1531.0,642.0,,,,,,,,15.0,38.0,1600.0,1958.0,2.3,9.9,5.0,290.0,320.0,290.0,1537.0,1427.0,12.2,10.8,,,,,,-13.8,-7.7,2.7,,,,,,,,,,,,,,,2.1,991.1,1024.1,1020.6,1026.7,1652.0,714.0,,,,,221,128.1943,37.1593
2011-03-23,0.7,-6.3,7.9,1540.0,628.0,,,,,,,,17.0,42.9,1747.0,1995.0,2.3,10.2,6.0,320.0,320.0,320.0,1257.0,1648.0,12.2,10.9,,,,,,-11.6,-13.8,3.7,,,,,,,,,,,,,,,2.6,1003.1,1024.8,1022.1,1027.2,1621.0,720.0,,,,,226,127.7342,36.4876
2011-03-23,1.7,-5.2,7.3,1530.0,619.0,,,,,,,,16.0,44.8,1540.0,2125.0,2.5,9.5,6.4,270.0,270.0,270.0,1502.0,1510.0,12.2,10.9,,,,0.5,0.1,-10.1,-6.7,3.1,,,,,,,,,,,,,,,2.9,1021.7,1024.4,1022.5,1026.6,1851.0,1041.0,,,,,232,127.1213,36.7796
2011-03-23,1.8,-4.0,7.7,1330.0,436.0,,,,,,,,23.0,52.9,1331.0,1017.0,1.2,7.2,4.4,360.0,360.0,250.0,1031.0,1031.0,12.2,10.8,,,,0.8,0.3,-7.6,-6.3,5.8,,,,,,,,,,,,,,,3.5,1023.8,1026.1,1024.4,1027.9,1648.0,1059.0,,,,,235,126.5574,36.3272
2011-03-23,2.1,-5.3,9.9,1412.0,632.0,,,,,,,,14.0,51.1,1345.0,1334.0,1.5,10.8,6.0,340.0,340.0,320.0,1605.0,1555.0,12.2,11.2,,,,,,-8.8,-7.2,5.1,,,,,,,,,,,,,,,3.2,1024.2,1025.6,1023.3,1027.6,1602.0,925.0,,,,,236,126.9208,36.2724
2011-03-23,1.1,-6.6,8.8,1538.0,622.0,,,,,,,,14.0,45.6,1643.0,1380.0,1.6,7.9,4.4,360.0,270.0,290.0,1226.0,1402.0,12.2,10.8,,,,,,-10.9,-9.5,4.3,,,,,,,,,,,,,,,2.7,1003.8,1025.3,1022.3,1027.7,1600.0,730.0,,,,,238,127.4818,36.1056
2011-03-23,1.8,-3.0,6.7,1411.0,328.0,,,,,,,,28.0,58.4,1256.0,1527.0,1.8,9.3,5.1,340.0,320.0,320.0,1219.0,1239.0,12.2,9.8,,,,,,-5.9,-6.6,6.9,,,,,,,,,,,,,,,3.9,1024.9,1025.4,1023.5,1027.1,2135.0,1019.0,,,,,243,126.7166,35.7296
2011-03-23,-0.5,-8.2,6.8,1641.0,615.0,,,,,,,,24.0,52.8,1047.0,1669.0,1.9,10.4,5.9,20.0,360.0,320.0,1309.0,1501.0,12.2,11.0,,,,,,-10.0,-8.4,3.0,,,,,,,,,,,,,,,2.9,994.9,1026.0,1022.9,1028.4,1618.0,706.0,,,,,244,127.2856,35.612
2011-03-23,2.1,-3.6,7.8,1459.0,534.0,,,,,,,,23.0,46.9,1409.0,1587.0,1.8,8.7,4.4,110.0,290.0,110.0,2101.0,1329.0,12.2,10.1,,,,2.0,1.1,-8.7,-7.4,3.8,,,,,,,,,,,,,,,3.2,1020.6,1025.6,1023.5,1027.2,1553.0,958.0,,,,,245,126.8661,35.5632
2011-03-23,1.0,-6.8,8.2,1457.0,649.0,,,,,,,,23.0,52.0,1513.0,1755.0,2.0,10.6,5.7,360.0,360.0,320.0,1133.0,1140.0,12.2,11.1,,,,,,-9.2,-9.0,4.1,,,,,,,,,,,,,,,3.1,1014.3,1026.2,1023.1,1028.4,1610.0,733.0,,,,,247,127.333,35.4054
2011-03-23,-0.6,-7.8,6.2,1613.0,624.0,,,,,,,,20.0,54.8,1654.0,2135.0,2.5,11.5,7.0,340.0,360.0,340.0,1244.0,1706.0,12.2,10.5,,,,,,-9.5,-13.8,3.6,,,,,,,,,,,,,,,3.0,974.8,1025.4,1021.8,1028.2,1610.0,711.0,,,,,248,127.5203,35.657
2011-03-23,1.8,-4.1,8.0,1443.0,532.0,,,,,,,,22.0,54.1,1436.0,1574.0,1.8,10.4,5.1,290.0,340.0,320.0,1131.0,1245.0,12.2,9.7,2.62,18.08,1200.0,,,-7.3,-9.1,5.1,,5.3,5.6,6.4,6.7,,,,,,,,,,3.6,1019.0,1025.9,1023.6,1027.4,1629.0,1027.0,,,,,251,126.697,35.4266
2011-03-23,1.5,-3.4,6.0,1245.0,512.0,,,,,,,,33.0,51.1,1246.0,2336.0,2.7,11.6,6.7,360.0,340.0,360.0,1123.0,1205.0,12.2,9.3,3.65,24.95,1200.0,,,-8.0,-4.8,6.0,,5.7,5.8,6.2,6.8,,,,,,,,,,3.4,1021.7,1026.4,1024.3,1028.1,2120.0,1024.0,,,,,252,126.4778,35.2837
2011-03-23,5.8,-0.4,12.3,1638.0,539.0,,,,,,,,15.0,27.5,1600.0,2347.0,2.7,9.9,5.7,320.0,290.0,320.0,1033.0,1303.0,12.2,11.2,3.19,22.88,1200.0,,,-12.2,-2.5,7.8,,8.3,8.5,10.8,9.6,,,,,,,,,,2.4,1016.5,1023.9,1021.3,1026.4,1626.0,732.0,,,,,253,128.8908,35.2298
2011-03-23,1.7,-4.6,8.2,1449.0,630.0,,,,,,,,23.0,45.1,1817.0,2137.0,2.5,11.7,6.4,340.0,320.0,320.0,1519.0,1525.0,12.2,10.8,3.26,24.09,1200.0,,,-9.7,-5.7,4.2,,5.8,5.6,6.2,6.8,,,,,,,,,,2.9,1010.1,1026.1,1023.3,1028.1,1605.0,718.0,,,,,254,127.1286,35.3713
2011-03-23,4.3,-1.5,10.3,1540.0,608.0,,,,,,,,14.0,25.1,1606.0,2468.0,2.9,9.2,4.9,360.0,340.0,340.0,1119.0,1125.0,12.2,10.9,3.29,23.66,1200.0,,,-14.6,-1.5,7.0,,6.5,6.9,6.9,7.0,,,,,,,,,,2.0,1017.4,1023.3,1020.6,1025.9,1711.0,731.0,,,,,255,128.6726,35.2266
2011-03-23,3.2,-2.5,9.7,1447.0,642.0,,,,,,,,22.0,45.1,1527.0,2517.0,2.9,11.1,6.5,360.0,360.0,320.0,1144.0,1548.0,12.2,10.7,,,,0.5,0.3,-8.3,-3.8,6.7,,5.4,5.7,6.5,6.7,7.8,7.6,,,,,,,,3.3,1016.1,1025.4,1022.5,1027.5,1608.0,733.0,,,2.6,,256,127.2391,35.075
2011-03-23,5.6,0.3,11.3,1544.0,533.0,,,,,,,,13.0,24.9,1538.0,2322.0,2.7,8.8,5.4,70.0,50.0,320.0,1645.0,1619.0,12.2,10.7,3.09,22.26,1200.0,,,-13.6,-6.8,8.5,,7.9,7.9,8.5,9.0,,,,,,,,,,2.2,1022.3,1024.2,1022.0,1026.7,1626.0,738.0,,,,,257,129.0201,35.3074
2011-03-23,3.1,-1.3,8.7,1516.0,621.0,,,,,,,,19.0,46.4,1551.0,3400.0,3.9,13.5,8.4,340.0,360.0,320.0,1038.0,1011.0,12.2,11.0,3.7,29.91,1200.0,,,-7.6,-5.0,4.8,,4.1,4.8,5.5,6.3,,,,,,,,,,3.5,1024.7,1026.3,1023.4,1027.9,1553.0,717.0,,,,,259,126.7672,34.6289
2011-03-23,3.9,-1.8,10.2,1532.0,630.0,,,,,,,,19.0,40.6,1637.0,3709.0,4.3,14.8,8.4,20.0,360.0,360.0,1545.0,1442.0,12.2,10.9,,,,,,-9.2,-5.2,8.5,,,,,,,,,,,,,,,3.1,1019.8,1025.4,1022.4,1027.2,1559.0,704.0,,,,,260,126.9195,34.6889
2011-03-23,2.7,-1.2,7.9,1549.0,638.0,,,,,,,,28.0,50.1,1500.0,2022.0,2.3,11.1,5.2,320.0,290.0,320.0,1347.0,1208.0,12.2,11.0,,,,,,-7.2,-6.2,8.5,,,,,,,,,,,,,,,3.6,1024.4,1025.0,1022.5,1026.4,1551.0,714.0,,,,,261,126.5691,34.5538
2011-03-23,4.2,-0.6,11.2,1523.0,550.0,,,,,,,,15.0,40.9,1627.0,2874.0,3.3,13.8,6.7,340.0,320.0,340.0,1149.0,1155.0,12.2,10.7,,,,,,-8.6,-3.6,6.8,,,,,,,,,,,,,,,3.3,1018.2,1024.9,1021.8,1027.1,1606.0,754.0,,,,,262,127.2757,34.6182
2011-03-23,3.2,-4.3,11.8,1439.0,644.0,,,,,,,,14.0,43.3,1526.0,1919.0,2.2,11.9,7.0,360.0,340.0,340.0,1540.0,1556.0,12.2,11.5,3.26,23.72,1200.0,,,-9.8,-8.3,5.7,,7.2,7.2,8.0,8.5,,,,,,,,,,3.0,1022.0,1023.8,1020.9,1026.6,1628.0,756.0,,,,,263,128.2881,35.3226
2011-03-23,3.0,-1.7,8.7,1510.0,544.0,,,,,,,,19.0,41.6,1717.0,2722.0,3.2,10.3,6.0,20.0,250.0,250.0,1617.0,1329.0,12.2,10.7,3.28,22.91,1200.0,,,-9.7,-5.6,4.9,,5.1,5.3,5.8,6.2,,,,,,,,,,3.0,1005.7,1024.6,1021.4,1026.9,1617.0,745.0,,,,,264,127.7454,35.5114
2011-03-23,4.4,-0.8,10.3,1457.0,519.0,,,,,,,,23.0,37.8,1536.0,3018.0,3.5,11.3,6.3,270.0,270.0,290.0,1357.0,1158.0,12.2,11.2,3.33,23.88,1200.0,,,-9.0,-5.1,10.0,,5.9,6.4,7.1,7.4,,,,,,,,,,3.1,1013.1,1023.2,1020.2,1025.5,1643.0,743.0,,,,,266,127.691,34.943
2011-03-23,0.1,-6.2,7.3,1513.0,644.0,,,,,,,,16.0,41.9,1425.0,2102.0,2.4,9.7,5.7,360.0,360.0,340.0,1516.0,1018.0,12.2,10.4,,,,,,-12.7,-8.7,2.8,,,,,,,,,,,,,,,2.4,982.9,1022.9,1019.4,1025.7,1718.0,632.0,,,,,271,128.9145,36.9436
2011-03-23,2.3,-3.0,7.6,1552.0,645.0,,,,,,,,16.0,30.3,1647.0,4152.0,4.8,13.4,7.3,320.0,290.0,290.0,1254.0,1135.0,12.2,10.9,,,,,,-14.0,-5.1,5.4,,,,,,,,,,,,,,,2.1,997.0,1023.2,1020.3,1025.7,1707.0,718.0,,,,,272,128.5169,36.8718
2011-03-23,2.5,-4.4,8.2,1538.0,540.0,,,,,,,,14.0,26.8,1708.0,2227.0,2.6,14.2,7.2,320.0,320.0,290.0,1503.0,1509.0,12.2,11.3,,,,,,-15.3,-8.9,7.0,,,,,,,,,,,,,,,1.9,1002.5,1023.8,1020.8,1026.3,1657.0,756.0,,,,,273,128.1488,36.6273
2011-03-23,1.2,-5.7,7.9,1443.0,638.0,,,,,,,,20.0,41.6,1542.0,2101.0,2.4,11.2,6.7,20.0,360.0,20.0,1315.0,1531.0,12.2,11.5,3.16,22.82,1200.0,,,-11.3,-9.4,1.9,,3.1,4.2,4.8,5.6,,,,,,,,,,2.6,997.5,1023.3,1020.2,1026.0,1739.0,730.0,,,,,276,129.0401,36.4351
2011-03-23,2.8,-1.6,9.6,1417.0,2210.0,,,,,,,,16.0,40.1,1420.0,3370.0,3.9,11.6,7.9,270.0,270.0,270.0,901.0,846.0,12.2,11.3,,,,,,-9.9,-3.0,6.8,,,,,,,,,,,,,,,2.9,1017.3,1022.5,1020.7,1024.6,1430.0,832.0,,,,,277,129.4093,36.5334
2011-03-23,1.6,-7.0,9.5,1501.0,607.0,,,,,,,,16.0,42.0,1502.0,1824.0,2.1,13.5,5.9,340.0,290.0,270.0,1616.0,1602.0,12.2,10.8,,,,,,-11.6,-9.9,5.6,,,,,,,,,,,,,,,2.5,1013.6,1024.0,1020.9,1026.7,1724.0,817.0,,,,,278,128.6886,36.3561
2011-03-23,3.4,-1.9,9.3,1546.0,339.0,,,,,,,,14.0,28.0,1718.0,2710.0,3.1,10.0,5.8,290.0,320.0,290.0,1425.0,1425.0,12.2,10.9,,,,,,-14.3,-5.2,6.0,,,,,,,,,,,,,,,2.1,1018.0,1024.0,1021.5,1026.5,1651.0,919.0,,,,,279,128.3206,36.1306
2011-03-23,3.6,-2.3,9.8,1427.0,612.0,,,,,,,,15.0,31.9,1543.0,2703.0,3.1,10.0,6.0,320.0,290.0,290.0,1533.0,1016.0,12.2,11.3,,,,,,-12.4,-9.5,6.8,,,,,,,,,,,,,,,2.4,1011.6,1023.2,1020.8,1025.9,1712.0,737.0,,,,,281,128.9514,35.9774
2011-03-23,2.7,-2.2,9.2,1618.0,616.0,,,,,,,,15.0,36.8,1417.0,3213.0,3.7,12.5,7.5,340.0,340.0,320.0,1108.0,1117.0,12.2,11.5,3.08,22.05,1200.0,,,-12.0,-6.8,4.0,,5.4,5.6,6.1,6.3,,,,,,,,,,2.5,1018.3,1023.1,1020.8,1025.8,1653.0,835.0,,,,,283,129.2009,35.8174
2011-03-23,1.7,-6.2,7.7,1519.0,644.0,,,,,,,,18.0,41.5,1752.0,2173.0,2.5,11.0,7.0,340.0,360.0,340.0,1216.0,1642.0,12.2,11.1,,,,1.1,0.0,-11.0,-7.1,5.0,,,,,,,,,,,,,,,2.7,995.7,1023.9,1020.8,1026.7,1633.0,758.0,,,,,284,127.9099,35.6674
2011-03-23,3.5,-4.1,11.3,1438.0,618.0,,,,,,,,12.0,35.8,1440.0,1551.0,1.8,8.5,4.6,360.0,320.0,320.0,1411.0,1412.0,12.2,11.2,,,,,,-12.5,-10.4,8.1,,,,,,,,,,,,,,,2.4,1020.1,1024.2,1021.2,1027.1,1637.0,758.0,,,,,285,128.1699,35.5651
2011-03-23,2.0,0.0,5.6,1257.0,109.0,0.1,,,2.0,0.0,,,29.0,55.9,1837.0,2519.0,2.9,9.7,6.3,20.0,250.0,250.0,1555.0,2400.0,12.2,7.1,,,,3.9,3.8,-6.0,-6.7,3.6,5.3,4.2,4.3,4.6,4.7,3.9,5.0,13.0,9.0,,,,,,3.9,994.1,1021.4,1020.1,1022.7,1834.0,14.0,,,2.3,{소낙눈}0550-{소낙눈}{강도0}0600-0750.,115,130.8986,37.4813
2011-03-23,2.9,-2.3,8.4,1420.0,632.0,,,,,,,,14.0,27.3,1423.0,3110.0,3.6,11.5,6.5,320.0,320.0,270.0,1428.0,1607.0,12.2,10.4,,,,0.5,0.0,-15.2,-4.6,4.3,,,,,,,,,,,,,,,1.9,1012.0,1024.2,1021.6,1026.8,1644.0,806.0,,,,,137,128.1574,36.4084
2011-03-23,2.3,-1.8,6.3,1518.0,554.0,,,,,,,,42.0,58.5,1140.0,2957.0,3.4,12.7,9.3,320.0,340.0,340.0,1408.0,1455.0,12.2,11.0,,,,1.1,0.0,-5.1,-5.3,3.8,,,,,,,,,,,,,,,4.2,1023.1,1026.5,1024.7,1028.2,1600.0,852.0,,,,,140,126.7614,36.0053
2011-03-23,2.3,-3.7,6.9,1246.0,551.0,,,,,,,,22.0,52.9,1207.0,2811.0,3.3,10.3,6.7,230.0,230.0,230.0,1642.0,1545.0,12.2,11.1,,,,,,-7.0,-6.5,4.3,,,,,,,,,,,,,,,3.8,1018.8,1024.6,1022.6,1027.2,1916.0,1016.0,,,,,201,126.4463,37.7074
2011-03-23,4.0,-0.5,9.9,1518.0,629.0,,,,,,,,13.0,40.3,1605.0,4163.0,4.8,14.1,8.8,20.0,290.0,320.0,1553.0,1324.0,12.2,11.1,3.27,23.9,1200.0,,,-9.2,-4.6,4.2,,5.0,5.8,6.7,7.0,,,,,,,,,,3.1,1024.9,1025.2,1022.1,1027.4,1606.0,746.0,,,,,258,127.2123,34.7634
2011-03-23,3.7,-2.0,10.7,1456.0,546.0,,,,,,,,13.0,31.1,1617.0,2139.0,2.5,10.4,6.0,290.0,340.0,340.0,1651.0,1628.0,12.2,10.9,,,,,,-13.1,-8.4,8.3,,,,,,,,,,,,,,,2.3,1022.2,1023.5,1021.1,1026.2,1641.0,801.0,,,,,288,128.7441,35.4915
2011-03-23,3.8,-0.7,9.3,1527.0,457.0,,,,,,,,16.0,32.3,1629.0,3256.0,3.8,10.9,6.5,290.0,340.0,320.0,940.0,1436.0,12.2,11.1,,,,,,-11.9,-3.0,4.3,,,,,,,,,,,,,,,2.5,1007.0,1024.3,1021.3,1026.5,1620.0,746.0,,,,,289,127.8791,35.413
2011-03-23,4.3,0.4,11.0,1438.0,529.0,,,,,,,,19.0,38.5,1441.0,2071.0,2.4,8.1,5.1,320.0,340.0,320.0,1040.0,945.0,12.2,11.1,,,,,,-9.2,-5.9,6.1,,,,,,,,,,,,,,,3.1,1017.8,1023.4,1020.8,1025.8,1639.0,743.0,,,,,294,128.6046,34.8882
2011-03-23,4.4,-2.3,11.1,1537.0,614.0,,,,,,,,16.0,34.8,1531.0,1180.0,1.4,5.3,3.1,320.0,290.0,290.0,1522.0,1455.0,12.2,11.0,,,,,,-10.5,-6.7,6.3,,,,,,,,,,,,,,,2.8,1018.4,1023.8,1020.9,1026.1,1623.0,728.0,,,,,295,127.9264,34.8166
