dt,ta,tn,tn_at,tx,tx_at,rn,rx_1hr,rx_1hr_at,wx,wx_at,wa,wd_wx,nmin,code,x,y
2015-01-01,-4.9,-10.7,2015-01-01 14:26:00+00:00,-0.3,2015-01-01 05:00:00+00:00,0.0,0.0,,9.9,2014-12-31 16:33:00+00:00,1.7,250.3,1440,812,128.2821,35.696
2015-01-02,-5.5,-12.0,2015-01-01 21:44:00+00:00,2.5,2015-01-02 03:54:00+00:00,0.0,0.0,,9.0,2015-01-02 04:32:00+00:00,1.4,11.3,1440,812,128.2821,35.696
2015-01-03,-4.7,-13.1,2015-01-02 22:16:00+00:00,4.2,2015-01-03 06:08:00+00:00,0.0,0.0,,4.0,2015-01-03 03:57:00+00:00,0.6,348.8,1440,812,128.2821,35.696
2015-01-04,-1.4,-8.5,2015-01-03 22:30:00+00:00,10.1,2015-01-04 05:46:00+00:00,0.0,0.0,,2.7,2015-01-04 03:57:00+00:00,0.5,126.6,1440,812,128.2821,35.696
2015-01-05,1.6,-6.7,2015-01-04 19:35:00+00:00,10.6,2015-01-05 06:07:00+00:00,2.0,2.0,2015-01-05 15:00:00+00:00,4.2,2015-01-05 05:30:00+00:00,0.5,275.6,1440,812,128.2821,35.696
2015-01-06,3.4,-3.6,2015-01-06 13:24:00+00:00,8.4,2015-01-06 03:45:00+00:00,3.5,2.0,2015-01-05 16:00:00+00:00,9.7,2015-01-06 02:51:00+00:00,1.5,2.8,1440,812,128.2821,35.696
2015-01-07,-2.1,-7.4,2015-01-07 14:48:00+00:00,2.4,2015-01-07 02:42:00+00:00,0.0,0.0,,7.0,2015-01-07 04:44:00+00:00,1.5,59.1,1440,812,128.2821,35.696
2015-01-08,-4.5,-10.9,2015-01-07 22:24:00+00:00,4.5,2015-01-08 06:40:00+00:00,0.0,0.0,,3.3,2015-01-08 03:54:00+00:00,0.5,278.4,1440,812,128.2821,35.696
2015-01-09,-3.0,-10.1,2015-01-08 22:20:00+00:00,7.0,2015-01-09 04:40:00+00:00,0.0,0.0,,5.9,2015-01-09 04:37:00+00:00,0.7,331.9,1440,812,128.2821,35.696
2015-01-10,-2.0,-8.6,2015-01-09 22:28:00+00:00,8.0,2015-01-10 05:04:00+00:00,0.0,0.0,,6.4,2015-01-10 06:19:00+00:00,0.7,14.1,1440,812,128.2821,35.696
2015-01-11,-1.4,-7.8,2015-01-10 20:49:00+00:00,8.7,2015-01-11 04:55:00+00:00,0.0,0.0,,12.1,2015-01-11 03:16:00+00:00,1.3,261.6,1440,812,128.2821,35.696
2015-01-12,-3.0,-8.5,2015-01-11 23:05:00+00:00,5.5,2015-01-12 05:04:00+00:00,0.0,0.0,,3.8,2015-01-12 03:30:00+00:00,0.6,255.9,1439,812,128.2821,35.696
2015-01-13,-1.2,-9.8,2015-01-12 22:17:00+00:00,8.8,2015-01-13 05:32:00+00:00,0.0,0.0,,2.9,2015-01-13 04:16:00+00:00,0.4,357.2,1440,812,128.2821,35.696
2015-01-14,1.8,-2.4,2015-01-13 15:49:00+00:00,6.2,2015-01-14 04:56:00+00:00,0.0,0.0,,2.2,2015-01-13 21:10:00+00:00,0.4,47.8,1440,812,128.2821,35.696
2015-01-15,2.9,-3.5,2015-01-15 14:50:00+00:00,11.2,2015-01-15 06:46:00+00:00,0.0,0.0,,4.1,2015-01-15 04:07:00+00:00,0.6,33.8,1439,812,128.2821,35.696
2015-01-16,0.9,-6.0,2015-01-15 22:48:00+00:00,7.9,2015-01-16 04:22:00+00:00,0.0,0.0,,7.8,2015-01-16 07:58:00+00:00,1.0,270.0,1427,812,128.2821,35.696
2015-01-17,-0.3,-7.2,2015-01-17 14:20:00+00:00,5.5,2015-01-17 04:45:00+00:00,0.0,0.0,,8.7,2015-01-17 03:47:00+00:00,1.5,8.4,1440,812,128.2821,35.696
2015-01-18,-0.6,-10.9,2015-01-17 22:02:00+00:00,7.6,2015-01-18 06:56:00+00:00,0.0,0.0,,6.3,2015-01-18 13:31:00+00:00,1.1,109.7,1440,812,128.2821,35.696
2015-01-19,2.6,-3.6,2015-01-19 14:23:00+00:00,8.9,2015-01-19 03:36:00+00:00,0.0,0.0,,8.1,2015-01-19 03:44:00+00:00,1.5,272.8,1440,812,128.2821,35.696
2015-01-20,-0.9,-7.7,2015-01-19 22:43:00+00:00,8.0,2015-01-20 05:54:00+00:00,0.0,0.0,,2.9,2015-01-20 04:45:00+00:00,0.6,255.9,1311,812,128.2821,35.696
2015-01-21,1.5,-2.0,2015-01-20 17:40:00+00:00,4.5,2015-01-21 03:39:00+00:00,6.0,1.0,2015-01-21 07:00:00+00:00,2.0,2015-01-21 03:52:00+00:00,0.4,250.3,1438,812,128.2821,35.696
2015-01-22,3.7,1.6,2015-01-22 14:56:00+00:00,6.7,2015-01-22 03:19:00+00:00,0.0,0.0,,5.5,2015-01-22 03:08:00+00:00,0.8,25.3,1440,812,128.2821,35.696
2015-01-23,1.1,-3.3,2015-01-23 15:00:00+00:00,7.9,2015-01-23 05:38:00+00:00,0.0,0.0,,4.7,2015-01-23 04:59:00+00:00,0.6,53.4,1440,812,128.2821,35.696
2015-01-24,0.5,-5.0,2015-01-23 23:01:00+00:00,9.9,2015-01-24 06:52:00+00:00,0.0,0.0,,4.1,2015-01-24 04:21:00+00:00,0.6,247.5,1440,812,128.2821,35.696
2015-01-25,1.7,-4.1,2015-01-24 21:45:00+00:00,6.6,2015-01-25 07:02:00+00:00,3.0,1.5,2015-01-25 15:00:00+00:00,3.0,2015-01-25 09:20:00+00:00,0.4,233.4,1440,812,128.2821,35.696
2015-01-26,5.4,0.5,2015-01-26 14:50:00+00:00,11.6,2015-01-26 06:05:00+00:00,2.0,1.0,2015-01-25 17:00:00+00:00,2.4,2015-01-26 06:22:00+00:00,0.4,39.4,1440,812,128.2821,35.696
2015-01-27,1.0,-5.3,2015-01-27 14:47:00+00:00,7.9,2015-01-27 05:21:00+00:00,0.0,0.0,,6.7,2015-01-27 05:26:00+00:00,1.3,0.0,1440,812,128.2821,35.696
2015-01-28,-2.2,-7.5,2015-01-27 20:32:00+00:00,5.1,2015-01-28 05:55:00+00:00,0.0,0.0,,6.4,2015-01-28 02:17:00+00:00,1.0,0.0,1437,812,128.2821,35.696
2015-01-29,0.9,-4.3,2015-01-28 15:26:00+00:00,5.4,2015-01-29 05:18:00+00:00,0.0,0.0,,4.2,2015-01-29 03:39:00+00:00,0.6,354.4,1440,812,128.2821,35.696
2015-01-30,1.1,-3.6,2015-01-30 12:39:00+00:00,5.9,2015-01-30 02:59:00+00:00,0.0,0.0,,8.1,2015-01-30 04:55:00+00:00,1.5,343.1,1440,812,128.2821,35.696
2015-01-31,-2.9,-9.1,2015-01-30 22:29:00+00:00,4.1,2015-01-31 04:48:00+00:00,0.0,0.0,,6.4,2015-01-31 06:03:00+00:00,1.2,345.9,1440,812,128.2821,35.696
2015-02-01,-3.1,-10.6,2015-01-31 22:11:00+00:00,7.2,2015-02-01 05:59:00+00:00,0.0,0.0,,4.5,2015-02-01 03:39:00+00:00,0.5,56.3,1440,812,128.2821,35.696
2015-02-02,-1.1,-7.5,2015-02-01 18:58:00+00:00,8.9,2015-02-02 05:53:00+00:00,0.0,0.0,,4.5,2015-02-02 02:18:00+00:00,0.6,194.1,1440,812,128.2821,35.696
2015-02-03,0.3,-7.2,2015-02-02 22:16:00+00:00,9.1,2015-02-03 04:59:00+00:00,0.0,0.0,,7.4,2015-02-03 07:32:00+00:00,0.6,22.5,1440,812,128.2821,35.696
2015-02-04,0.7,-4.9,2015-02-03 22:46:00+00:00,8.6,2015-02-04 05:00:00+00:00,0.0,0.0,,6.7,2015-02-04 06:22:00+00:00,0.8,22.5,1440,812,128.2821,35.696
2015-02-05,-0.8,-6.2,2015-02-04 21:50:00+00:00,7.3,2015-02-05 04:35:00+00:00,0.0,0.0,,7.8,2015-02-05 01:58:00+00:00,1.0,19.7,1440,812,128.2821,35.696
2015-02-06,-0.8,-8.1,2015-02-05 22:06:00+00:00,9.7,2015-02-06 06:52:00+00:00,0.0,0.0,,3.7,2015-02-06 05:50:00+00:00,0.6,348.8,1440,812,128.2821,35.696
2015-02-07,1.7,-5.6,2015-02-06 21:41:00+00:00,10.0,2015-02-07 06:05:00+00:00,0.0,0.0,,5.7,2015-02-07 06:34:00+00:00,1.1,315.0,1440,812,128.2821,35.696
2015-02-08,-2.3,-7.5,2015-02-08 13:21:00+00:00,2.7,2015-02-07 19:27:00+00:00,0.0,0.0,,10.9,2015-02-08 03:08:00+00:00,2.2,337.5,1440,812,128.2821,35.696
2015-02-09,-4.0,-11.6,2015-02-08 19:14:00+00:00,2.7,2015-02-09 07:13:00+00:00,0.0,0.0,,8.6,2015-02-09 05:39:00+00:00,2.0,343.1,1440,812,128.2821,35.696
2015-02-10,-0.5,-9.4,2015-02-09 21:47:00+00:00,9.8,2015-02-10 06:22:00+00:00,0.0,0.0,,8.7,2015-02-10 07:42:00+00:00,1.2,261.6,1440,812,128.2821,35.696
2015-02-11,1.2,-7.3,2015-02-10 22:15:00+00:00,11.3,2015-02-11 04:28:00+00:00,0.0,0.0,,8.0,2015-02-11 04:40:00+00:00,1.0,317.8,1439,812,128.2821,35.696
2015-02-12,0.4,-5.4,2015-02-11 22:39:00+00:00,7.2,2015-02-12 06:36:00+00:00,0.0,0.0,,10.5,2015-02-12 03:32:00+00:00,1.4,11.3,1437,812,128.2821,35.696
2015-02-13,-2.0,-10.3,2015-02-12 22:16:00+00:00,6.9,2015-02-13 05:51:00+00:00,0.0,0.0,,7.8,2015-02-13 02:45:00+00:00,1.0,16.9,1440,812,128.2821,35.696
2015-02-14,0.1,-9.6,2015-02-13 22:20:00+00:00,12.3,2015-02-14 06:54:00+00:00,0.0,0.0,,5.8,2015-02-14 04:12:00+00:00,0.7,61.9,1440,812,128.2821,35.696
2015-02-15,2.6,-5.5,2015-02-14 20:45:00+00:00,9.4,2015-02-15 05:08:00+00:00,1.0,1.0,2015-02-15 15:00:00+00:00,3.2,2015-02-14 21:35:00+00:00,0.4,171.6,1440,812,128.2821,35.696
2015-02-16,4.8,3.8,2015-02-15 15:20:00+00:00,5.4,2015-02-16 05:02:00+00:00,11.0,2.0,2015-02-15 19:00:00+00:00,2.1,2015-02-15 16:32:00+00:00,0.3,123.8,1440,812,128.2821,35.696
2015-02-17,3.7,-0.8,2015-02-17 13:03:00+00:00,9.3,2015-02-17 05:10:00+00:00,0.0,0.0,,6.8,2015-02-17 06:05:00+00:00,1.0,357.2,1439,812,128.2821,35.696
2015-02-18,2.8,-0.1,2015-02-17 20:50:00+00:00,6.5,2015-02-18 05:32:00+00:00,0.0,0.0,,6.6,2015-02-18 05:58:00+00:00,1.0,11.3,1440,812,128.2821,35.696
2015-02-19,1.5,-4.7,2015-02-18 22:21:00+00:00,9.8,2015-02-19 04:54:00+00:00,0.0,0.0,,5.9,2015-02-19 05:22:00+00:00,0.8,11.3,1440,812,128.2821,35.696
2015-02-20,3.7,-5.9,2015-02-19 22:16:00+00:00,12.0,2015-02-20 05:56:00+00:00,0.0,0.0,,6.0,2015-02-20 11:32:00+00:00,0.9,149.1,1440,812,128.2821,35.696
2015-02-21,5.4,2.4,2015-02-20 17:25:00+00:00,6.9,2015-02-21 14:40:00+00:00,6.0,1.5,2015-02-21 06:00:00+00:00,3.3,2015-02-20 15:39:00+00:00,0.5,182.8,1440,812,128.2821,35.696
2015-02-22,7.9,0.8,2015-02-22 15:00:00+00:00,15.9,2015-02-22 06:09:00+00:00,0.5,0.5,2015-02-21 18:00:00+00:00,8.0,2015-02-22 07:21:00+00:00,1.0,264.4,1440,812,128.2821,35.696
2015-02-23,3.6,-1.1,2015-02-23 14:21:00+00:00,10.9,2015-02-23 06:48:00+00:00,0.0,0.0,,5.2,2015-02-23 07:25:00+00:00,0.9,70.3,1440,812,128.2821,35.696
2015-02-24,3.6,-1.9,2015-02-24 14:10:00+00:00,11.1,2015-02-24 05:34:00+00:00,0.0,0.0,,6.3,2015-02-23 20:10:00+00:00,1.1,323.4,1440,812,128.2821,35.696
2015-02-25,4.0,-2.0,2015-02-24 15:05:00+00:00,10.8,2015-02-25 05:30:00+00:00,0.0,0.0,,3.9,2015-02-25 04:54:00+00:00,0.6,236.3,1440,812,128.2821,35.696
2015-02-26,3.0,-3.6,2015-02-26 14:31:00+00:00,12.7,2015-02-26 03:54:00+00:00,0.0,0.0,,11.4,2015-02-26 07:09:00+00:00,1.5,295.3,1440,812,128.2821,35.696
2015-02-27,-0.7,-6.5,2015-02-26 22:12:00+00:00,5.3,2015-02-27 05:14:00+00:00,0.0,0.0,,8.8,2015-02-27 02:32:00+00:00,1.6,5.6,1436,812,128.2821,35.696
2015-02-28,-0.2,-6.7,2015-02-27 21:40:00+00:00,5.9,2015-02-28 05:44:00+00:00,2.5,1.0,2015-02-28 14:00:00+00:00,5.1,2015-02-28 07:47:00+00:00,0.6,11.3,1440,812,128.2821,35.696
2015-03-01,2.1,-3.1,2015-03-01 14:44:00+00:00,8.6,2015-03-01 05:14:00+00:00,1.0,1.0,2015-02-28 16:00:00+00:00,8.3,2015-03-01 04:43:00+00:00,1.1,354.4,1440,812,128.2821,35.696
2015-03-02,2.9,-6.1,2015-03-01 21:57:00+00:00,11.9,2015-03-02 06:05:00+00:00,0.0,0.0,,10.3,2015-03-02 03:44:00+00:00,1.1,233.4,1440,812,128.2821,35.696
2015-03-03,1.1,-1.2,2015-03-02 19:07:00+00:00,3.2,2015-03-03 07:48:00+00:00,3.5,1.0,2015-03-03 03:00:00+00:00,3.4,2015-03-03 11:24:00+00:00,0.7,123.8,1440,812,128.2821,35.696
2015-03-04,1.2,-5.2,2015-03-03 21:56:00+00:00,6.9,2015-03-04 05:51:00+00:00,0.0,0.0,,10.6,2015-03-04 03:41:00+00:00,1.6,250.3,1440,812,128.2821,35.696
2015-03-05,1.1,-6.9,2015-03-04 22:18:00+00:00,7.9,2015-03-05 05:46:00+00:00,0.0,0.0,,6.4,2015-03-04 17:33:00+00:00,1.2,33.8,1440,812,128.2821,35.696
2015-03-06,3.2,-5.6,2015-03-05 21:48:00+00:00,12.2,2015-03-06 06:13:00+00:00,0.0,0.0,,5.7,2015-03-06 05:39:00+00:00,0.8,329.1,1440,812,128.2821,35.696
2015-03-07,3.9,-3.3,2015-03-06 21:50:00+00:00,13.5,2015-03-07 06:30:00+00:00,0.0,0.0,,4.9,2015-03-07 07:57:00+00:00,0.7,90.0,1440,812,128.2821,35.696
2015-03-08,5.1,-5.7,2015-03-07 21:47:00+00:00,15.6,2015-03-08 07:01:00+00:00,0.0,0.0,,5.7,2015-03-08 03:53:00+00:00,0.7,25.3,1440,812,128.2821,35.696
2015-03-09,6.5,-2.5,2015-03-09 14:24:00+00:00,15.4,2015-03-09 03:39:00+00:00,0.0,0.0,,11.3,2015-03-09 09:44:00+00:00,2.3,272.8,1440,812,128.2821,35.696
2015-03-10,-0.6,-6.0,2015-03-09 19:32:00+00:00,4.8,2015-03-10 05:05:00+00:00,0.0,0.0,,10.5,2015-03-09 20:58:00+00:00,2.5,272.8,1440,812,128.2821,35.696
2015-03-11,2.6,-7.4,2015-03-10 22:05:00+00:00,9.9,2015-03-11 04:42:00+00:00,0.0,0.0,,12.8,2015-03-11 04:17:00+00:00,2.4,267.2,1440,812,128.2821,35.696
2015-03-12,2.7,-6.5,2015-03-11 22:06:00+00:00,12.2,2015-03-12 06:28:00+00:00,0.0,0.0,,9.2,2015-03-12 07:24:00+00:00,1.4,295.3,1440,812,128.2821,35.696
2015-03-13,4.2,-4.0,2015-03-12 21:33:00+00:00,11.4,2015-03-13 03:45:00+00:00,0.0,0.0,,8.2,2015-03-13 03:54:00+00:00,1.2,270.0,1439,812,128.2821,35.696
2015-03-14,5.3,-4.8,2015-03-13 21:14:00+00:00,13.2,2015-03-14 05:51:00+00:00,0.0,0.0,,5.3,2015-03-14 02:03:00+00:00,1.0,53.4,1440,812,128.2821,35.696
2015-03-15,6.4,-3.1,2015-03-14 21:43:00+00:00,17.1,2015-03-15 06:00:00+00:00,0.0,0.0,,5.9,2015-03-15 06:09:00+00:00,0.8,104.1,1440,812,128.2821,35.696
2015-03-16,9.0,-1.2,2015-03-15 17:41:00+00:00,20.6,2015-03-16 05:14:00+00:00,0.0,0.0,,7.4,2015-03-16 07:04:00+00:00,0.9,56.3,1439,812,128.2821,35.696
2015-03-17,11.0,-0.7,2015-03-16 21:41:00+00:00,22.9,2015-03-17 05:56:00+00:00,0.0,0.0,,4.9,2015-03-17 04:57:00+00:00,0.7,357.2,1439,812,128.2821,35.696
2015-03-18,9.1,8.2,2015-03-17 21:47:00+00:00,9.8,2015-03-17 15:12:00+00:00,40.5,5.0,2015-03-18 09:00:00+00:00,8.0,2015-03-18 01:09:00+00:00,1.3,19.7,1440,812,128.2821,35.696
2015-03-19,11.7,7.5,2015-03-19 14:59:00+00:00,18.3,2015-03-19 05:59:00+00:00,0.0,0.0,,5.5,2015-03-19 00:02:00+00:00,1.2,323.4,1440,812,128.2821,35.696
2015-03-20,13.0,7.4,2015-03-19 15:42:00+00:00,21.1,2015-03-20 07:09:00+00:00,0.0,0.0,,5.0,2015-03-20 05:25:00+00:00,0.8,112.5,1440,812,128.2821,35.696
2015-03-21,12.8,5.3,2015-03-20 21:33:00+00:00,22.9,2015-03-21 05:43:00+00:00,0.0,0.0,,8.2,2015-03-21 05:46:00+00:00,0.9,340.3,1440,812,128.2821,35.696
2015-03-22,10.5,1.4,2015-03-21 21:53:00+00:00,19.3,2015-03-22 05:18:00+00:00,0.0,0.0,,11.8,2015-03-22 06:14:00+00:00,2.1,278.4,1440,812,128.2821,35.696
2015-03-23,7.0,-2.1,2015-03-22 21:51:00+00:00,13.7,2015-03-23 04:30:00+00:00,0.0,0.0,,10.3,2015-03-23 02:33:00+00:00,2.1,30.9,1439,812,128.2821,35.696
2015-03-24,4.7,-3.7,2015-03-23 21:13:00+00:00,14.5,2015-03-24 06:19:00+00:00,0.0,0.0,,6.6,2015-03-24 07:00:00+00:00,1.1,30.9,1439,812,128.2821,35.696
2015-03-25,5.9,-4.2,2015-03-24 21:35:00+00:00,15.3,2015-03-25 04:58:00+00:00,0.0,0.0,,7.1,2015-03-25 07:43:00+00:00,1.2,70.3,1437,812,128.2821,35.696
2015-03-26,7.9,-2.9,2015-03-25 21:12:00+00:00,19.6,2015-03-26 07:00:00+00:00,0.0,0.0,,5.2,2015-03-26 05:28:00+00:00,0.9,61.9,1440,812,128.2821,35.696
2015-03-27,9.0,-2.6,2015-03-26 21:41:00+00:00,19.8,2015-03-27 05:47:00+00:00,0.0,0.0,,5.4,2015-03-27 11:23:00+00:00,0.8,185.6,1440,812,128.2821,35.696
2015-03-28,11.3,-2.2,2015-03-27 21:33:00+00:00,22.0,2015-03-28 05:40:00+00:00,0.0,0.0,,8.3,2015-03-28 05:27:00+00:00,1.5,135.0,1440,812,128.2821,35.696
2015-03-29,12.3,3.5,2015-03-28 21:22:00+00:00,21.8,2015-03-29 05:28:00+00:00,0.0,0.0,,6.0,2015-03-29 06:35:00+00:00,1.0,30.9,1440,812,128.2821,35.696
2015-03-30,13.5,2.6,2015-03-29 21:19:00+00:00,22.9,2015-03-30 05:43:00+00:00,0.0,0.0,,9.4,2015-03-30 12:13:00+00:00,1.5,115.3,1440,812,128.2821,35.696
2015-03-31,11.7,7.1,2015-03-30 18:20:00+00:00,14.2,2015-03-31 12:19:00+00:00,1.5,0.5,2015-03-31 04:00:00+00:00,3.9,2015-03-31 12:07:00+00:00,0.5,109.7,1440,812,128.2821,35.696
2015-04-01,11.7,9.0,2015-04-01 14:14:00+00:00,14.8,2015-03-31 23:57:00+00:00,0.5,0.5,2015-04-01 04:00:00+00:00,6.6,2015-04-01 07:48:00+00:00,1.0,5.6,1440,812,128.2821,35.696
2015-04-02,11.7,8.1,2015-04-01 20:39:00+00:00,19.9,2015-04-02 14:59:00+00:00,3.5,1.5,2015-04-02 13:00:00+00:00,10.2,2015-04-02 14:56:00+00:00,1.2,109.7,1437,812,128.2821,35.696
2015-04-03,17.8,11.6,2015-04-03 14:45:00+00:00,23.5,2015-04-03 03:42:00+00:00,1.0,0.5,2015-04-02 16:00:00+00:00,11.3,2015-04-02 15:53:00+00:00,3.0,109.7,1440,812,128.2821,35.696
2015-04-04,10.9,7.8,2015-04-04 13:38:00+00:00,17.7,2015-04-04 03:11:00+00:00,19.5,7.0,2015-04-04 08:00:00+00:00,7.8,2015-04-04 07:18:00+00:00,2.0,258.8,1439,812,128.2821,35.696
2015-04-05,10.2,7.6,2015-04-04 16:40:00+00:00,12.2,2015-04-05 04:02:00+00:00,3.5,1.5,2015-04-04 18:00:00+00:00,3.6,2015-04-04 16:01:00+00:00,0.8,337.5,1440,812,128.2821,35.696
2015-04-06,11.2,9.1,2015-04-06 14:59:00+00:00,13.0,2015-04-06 01:51:00+00:00,3.5,0.5,2015-04-05 16:00:00+00:00,4.9,2015-04-06 04:29:00+00:00,0.7,101.3,1440,812,128.2821,35.696
2015-04-07,8.4,6.9,2015-04-06 18:04:00+00:00,10.1,2015-04-07 03:50:00+00:00,0.0,0.0,,5.3,2015-04-07 00:57:00+00:00,1.1,11.3,1440,812,128.2821,35.696
2015-04-08,8.6,6.4,2015-04-08 14:19:00+00:00,12.7,2015-04-08 06:46:00+00:00,0.0,0.0,,4.1,2015-04-08 02:56:00+00:00,1.0,0.0,1440,812,128.2821,35.696
2015-04-09,10.1,5.7,2015-04-08 18:45:00+00:00,16.5,2015-04-09 06:08:00+00:00,0.0,0.0,,7.3,2015-04-09 05:54:00+00:00,0.8,73.1,1440,812,128.2821,35.696
2015-04-10,11.4,3.1,2015-04-09 21:17:00+00:00,19.8,2015-04-10 06:00:00+00:00,0.0,0.0,,6.7,2015-04-10 07:34:00+00:00,1.0,22.5,1440,812,128.2821,35.696
2015-04-11,12.1,1.9,2015-04-10 20:58:00+00:00,21.6,2015-04-11 06:36:00+00:00,0.0,0.0,,6.0,2015-04-11 05:02:00+00:00,1.1,73.1,1440,812,128.2821,35.696
2015-04-12,11.0,2.4,2015-04-11 20:47:00+00:00,18.3,2015-04-12 04:49:00+00:00,0.0,0.0,,9.6,2015-04-12 09:03:00+00:00,1.5,25.3,1440,812,128.2821,35.696
2015-04-13,9.3,8.4,2015-04-12 20:05:00+00:00,11.3,2015-04-12 15:01:00+00:00,10.0,2.5,2015-04-12 20:00:00+00:00,7.1,2015-04-12 16:36:00+00:00,1.1,33.8,1438,812,128.2821,35.696
2015-04-14,10.3,4.5,2015-04-14 14:59:00+00:00,15.3,2015-04-14 04:50:00+00:00,13.0,5.0,2015-04-13 20:00:00+00:00,6.4,2015-04-14 04:17:00+00:00,1.3,112.5,1440,812,128.2821,35.696
2015-04-15,13.1,3.8,2015-04-14 16:37:00+00:00,21.8,2015-04-15 06:35:00+00:00,0.0,0.0,,10.7,2015-04-15 04:40:00+00:00,1.6,253.1,1440,812,128.2821,35.696
2015-04-16,11.4,3.3,2015-04-16 14:18:00+00:00,23.1,2015-04-16 04:21:00+00:00,0.0,0.0,,12.6,2015-04-16 07:33:00+00:00,1.9,272.8,1440,812,128.2821,35.696
2015-04-17,11.2,0.4,2015-04-16 20:47:00+00:00,21.1,2015-04-17 07:18:00+00:00,0.0,0.0,,9.2,2015-04-17 09:11:00+00:00,1.7,137.8,1439,812,128.2821,35.696
2015-04-18,11.8,1.2,2015-04-17 20:45:00+00:00,22.2,2015-04-18 07:16:00+00:00,1.5,1.0,2015-04-18 14:00:00+00:00,8.7,2015-04-18 10:14:00+00:00,1.1,137.8,1440,812,128.2821,35.696
2015-04-19,13.1,9.8,2015-04-18 15:04:00+00:00,15.6,2015-04-19 07:09:00+00:00,11.5,2.5,2015-04-19 04:00:00+00:00,3.9,2015-04-18 16:55:00+00:00,0.4,87.2,1440,812,128.2821,35.696
2015-04-20,11.7,7.9,2015-04-20 14:07:00+00:00,15.2,2015-04-19 15:06:00+00:00,19.5,3.5,2015-04-19 23:00:00+00:00,5.1,2015-04-20 07:12:00+00:00,0.8,19.7,1440,812,128.2821,35.696
2015-04-21,13.6,7.0,2015-04-20 19:33:00+00:00,22.3,2015-04-21 06:56:00+00:00,0.0,0.0,,4.9,2015-04-21 06:06:00+00:00,0.9,56.3,1440,812,128.2821,35.696
2015-04-22,14.5,6.6,2015-04-21 20:48:00+00:00,24.4,2015-04-22 04:50:00+00:00,0.0,0.0,,8.8,2015-04-22 05:43:00+00:00,1.0,146.3,1440,812,128.2821,35.696
2015-04-23,14.1,3.3,2015-04-22 20:58:00+00:00,23.4,2015-04-23 04:48:00+00:00,0.0,0.0,,7.7,2015-04-23 08:56:00+00:00,1.7,163.1,1439,812,128.2821,35.696
2015-04-24,14.4,5.2,2015-04-23 20:40:00+00:00,25.1,2015-04-24 06:56:00+00:00,0.0,0.0,,7.8,2015-04-23 23:52:00+00:00,1.2,75.9,1440,812,128.2821,35.696
2015-04-25,15.2,4.2,2015-04-24 21:08:00+00:00,26.9,2015-04-25 07:27:00+00:00,0.0,0.0,,5.3,2015-04-25 04:17:00+00:00,0.9,270.0,1440,812,128.2821,35.696
2015-04-26,16.6,4.6,2015-04-25 20:43:00+00:00,30.0,2015-04-26 06:59:00+00:00,0.0,0.0,,6.2,2015-04-26 07:51:00+00:00,0.8,284.1,1440,812,128.2821,35.696
2015-04-27,17.8,7.6,2015-04-26 21:10:00+00:00,29.2,2015-04-27 06:21:00+00:00,0.0,0.0,,8.3,2015-04-27 07:22:00+00:00,1.2,123.8,1440,812,128.2821,35.696
2015-04-28,15.8,7.7,2015-04-27 18:55:00+00:00,22.2,2015-04-28 04:52:00+00:00,2.0,1.0,2015-04-28 12:00:00+00:00,6.7,2015-04-28 04:16:00+00:00,1.2,112.5,1440,812,128.2821,35.696
2015-04-29,14.9,13.7,2015-04-29 14:53:00+00:00,16.9,2015-04-29 03:40:00+00:00,25.5,6.0,2015-04-29 00:00:00+00:00,6.8,2015-04-29 01:52:00+00:00,0.6,78.8,1439,812,128.2821,35.696
2015-04-30,17.2,10.9,2015-04-29 20:58:00+00:00,24.4,2015-04-30 05:48:00+00:00,0.0,0.0,,4.5,2015-04-30 09:41:00+00:00,0.7,157.5,1432,812,128.2821,35.696
2015-05-01,19.0,13.3,2015-04-30 19:57:00+00:00,27.1,2015-05-01 05:17:00+00:00,0.0,0.0,,5.7,2015-05-01 05:36:00+00:00,1.2,213.8,1439,812,128.2821,35.696
2015-05-02,19.7,11.4,2015-05-01 20:18:00+00:00,27.3,2015-05-02 04:57:00+00:00,0.0,0.0,,8.7,2015-05-02 02:59:00+00:00,1.3,115.3,1440,812,128.2821,35.696
2015-05-03,17.1,16.2,2015-05-02 18:46:00+00:00,19.8,2015-05-02 15:04:00+00:00,16.0,3.0,2015-05-02 18:00:00+00:00,4.3,2015-05-03 00:40:00+00:00,0.4,154.7,1440,812,128.2821,35.696
2015-05-04,17.8,9.6,2015-05-04 14:49:00+00:00,24.3,2015-05-04 03:38:00+00:00,0.0,0.0,,9.7,2015-05-04 04:12:00+00:00,1.5,286.9,1440,812,128.2821,35.696
2015-05-05,14.1,3.1,2015-05-04 20:30:00+00:00,24.2,2015-05-05 06:10:00+00:00,0.0,0.0,,7.0,2015-05-05 06:51:00+00:00,1.1,84.4,1440,812,128.2821,35.696
2015-05-06,14.9,6.3,2015-05-05 20:22:00+00:00,24.4,2015-05-06 04:43:00+00:00,0.0,0.0,,4.8,2015-05-06 06:09:00+00:00,1.0,92.8,1440,812,128.2821,35.696
2015-05-07,16.7,6.9,2015-05-06 20:27:00+00:00,27.0,2015-05-07 06:03:00+00:00,0.0,0.0,,7.1,2015-05-07 06:32:00+00:00,1.1,132.2,1440,812,128.2821,35.696
2015-05-08,17.6,7.3,2015-05-07 20:31:00+00:00,25.6,2015-05-08 03:40:00+00:00,0.0,0.0,,5.6,2015-05-08 05:11:00+00:00,0.9,61.9,1439,812,128.2821,35.696
2015-05-09,18.4,13.2,2015-05-08 20:25:00+00:00,26.1,2015-05-09 05:35:00+00:00,0.0,0.0,,5.7,2015-05-09 02:39:00+00:00,1.0,351.6,1440,812,128.2821,35.696
2015-05-10,17.6,9.8,2015-05-09 20:31:00+00:00,25.6,2015-05-10 07:27:00+00:00,0.0,0.0,,7.1,2015-05-10 10:04:00+00:00,1.2,81.6,1440,812,128.2821,35.696
2015-05-11,16.1,9.6,2015-05-10 20:51:00+00:00,21.6,2015-05-11 05:44:00+00:00,18.0,5.0,2015-05-11 12:00:00+00:00,7.8,2015-05-11 11:46:00+00:00,1.5,154.7,1440,812,128.2821,35.696
2015-05-12,17.3,11.9,2015-05-12 14:52:00+00:00,22.0,2015-05-12 06:45:00+00:00,12.5,6.0,2015-05-11 17:00:00+00:00,10.8,2015-05-12 04:35:00+00:00,2.4,143.4,1440,812,128.2821,35.696
2015-05-13,21.6,12.0,2015-05-12 15:01:00+00:00,27.7,2015-05-13 05:07:00+00:00,0.0,0.0,,11.6,2015-05-13 05:41:00+00:00,3.7,177.2,1439,812,128.2821,35.696
2015-05-14,19.8,10.8,2015-05-13 19:40:00+00:00,27.4,2015-05-14 06:49:00+00:00,0.0,0.0,,8.7,2015-05-14 00:44:00+00:00,1.7,140.6,1440,812,128.2821,35.696
2015-05-15,22.0,16.8,2015-05-14 20:41:00+00:00,27.4,2015-05-15 05:13:00+00:00,0.0,0.0,,6.5,2015-05-15 03:31:00+00:00,1.0,64.7,1440,812,128.2821,35.696
2015-05-16,18.9,9.6,2015-05-16 15:00:00+00:00,27.2,2015-05-16 06:26:00+00:00,0.0,0.0,,7.9,2015-05-16 05:07:00+00:00,1.4,354.4,1440,812,128.2821,35.696
2015-05-17,16.6,5.3,2015-05-16 20:15:00+00:00,26.8,2015-05-17 05:51:00+00:00,0.0,0.0,,5.9,2015-05-17 07:42:00+00:00,0.9,115.3,1440,812,128.2821,35.696
2015-05-18,13.4,11.6,2015-05-17 20:19:00+00:00,15.0,2015-05-18 04:02:00+00:00,5.0,1.0,2015-05-17 23:00:00+00:00,4.2,2015-05-18 01:48:00+00:00,0.8,120.9,1440,812,128.2821,35.696
2015-05-19,18.5,12.1,2015-05-18 21:46:00+00:00,28.0,2015-05-19 08:34:00+00:00,0.0,0.0,,7.1,2015-05-19 08:04:00+00:00,1.2,120.9,1440,812,128.2821,35.696
2015-05-20,17.5,9.8,2015-05-19 20:50:00+00:00,25.9,2015-05-20 04:57:00+00:00,0.0,0.0,,6.9,2015-05-20 08:17:00+00:00,1.3,258.8,1439,812,128.2821,35.696
2015-05-21,18.4,7.4,2015-05-20 20:53:00+00:00,28.4,2015-05-21 07:00:00+00:00,0.0,0.0,,7.4,2015-05-21 04:18:00+00:00,0.8,317.8,1440,812,128.2821,35.696
2015-05-22,20.7,11.7,2015-05-21 18:58:00+00:00,29.5,2015-05-22 05:19:00+00:00,0.0,0.0,,7.2,2015-05-22 08:29:00+00:00,1.2,177.2,1440,812,128.2821,35.696
2015-05-23,20.1,13.9,2015-05-22 20:10:00+00:00,28.6,2015-05-23 04:16:00+00:00,0.0,0.0,,7.0,2015-05-23 06:12:00+00:00,1.0,129.4,1440,812,128.2821,35.696
2015-05-24,21.1,11.0,2015-05-23 19:44:00+00:00,30.5,2015-05-24 06:21:00+00:00,0.0,0.0,,6.2,2015-05-24 03:56:00+00:00,0.9,106.9,1439,812,128.2821,35.696
2015-05-25,21.3,11.6,2015-05-24 20:25:00+00:00,32.3,2015-05-25 07:45:00+00:00,0.0,0.0,,5.9,2015-05-25 04:53:00+00:00,0.7,348.8,1440,812,128.2821,35.696
2015-05-26,22.3,11.6,2015-05-25 20:40:00+00:00,33.8,2015-05-26 06:15:00+00:00,0.0,0.0,,6.1,2015-05-26 03:25:00+00:00,0.8,306.6,1439,812,128.2821,35.696
2015-05-27,22.6,11.6,2015-05-26 20:15:00+00:00,32.4,2015-05-27 05:41:00+00:00,0.0,0.0,,5.7,2015-05-27 07:29:00+00:00,1.0,140.6,1440,812,128.2821,35.696
2015-05-28,22.0,14.5,2015-05-27 20:19:00+00:00,30.6,2015-05-28 06:11:00+00:00,0.0,0.0,,6.1,2015-05-28 04:15:00+00:00,0.9,115.3,1440,812,128.2821,35.696
2015-05-29,22.4,11.8,2015-05-28 20:18:00+00:00,31.4,2015-05-29 06:34:00+00:00,0.0,0.0,,6.2,2015-05-29 04:41:00+00:00,1.1,129.4,1440,812,128.2821,35.696
2015-05-30,19.1,16.6,2015-05-30 14:38:00+00:00,22.4,2015-05-30 03:15:00+00:00,3.0,1.0,2015-05-30 06:00:00+00:00,2.8,2015-05-30 03:59:00+00:00,0.4,340.3,1440,812,128.2821,35.696
2015-05-31,21.9,14.2,2015-05-30 21:05:00+00:00,30.2,2015-05-31 07:10:00+00:00,0.0,0.0,,6.8,2015-05-31 10:45:00+00:00,0.9,101.3,1440,812,128.2821,35.696
2015-06-01,23.1,13.7,2015-05-31 20:24:00+00:00,31.3,2015-06-01 07:03:00+00:00,0.0,0.0,,5.5,2015-06-01 10:31:00+00:00,1.1,129.4,1440,812,128.2821,35.696
2015-06-02,21.2,17.0,2015-06-01 20:42:00+00:00,24.3,2015-06-02 04:58:00+00:00,0.0,0.0,,5.3,2015-06-02 11:44:00+00:00,1.0,191.3,1440,812,128.2821,35.696
2015-06-03,22.3,15.9,2015-06-03 14:58:00+00:00,30.0,2015-06-03 05:33:00+00:00,0.0,0.0,,7.1,2015-06-03 00:23:00+00:00,1.4,8.4,1440,812,128.2821,35.696
2015-06-04,21.4,10.6,2015-06-03 20:17:00+00:00,30.8,2015-06-04 05:21:00+00:00,0.0,0.0,,6.5,2015-06-04 09:13:00+00:00,1.1,137.8,1440,812,128.2821,35.696
2015-06-05,15.0,11.8,2015-06-05 13:41:00+00:00,,2015-06-04 18:50:00+00:00,6.5,2.5,2015-06-05 02:00:00+00:00,6.8,2015-06-04 18:30:00+00:00,1.0,98.4,1440,812,128.2821,35.696
2015-06-06,18.2,10.3,2015-06-05 20:38:00+00:00,26.6,2015-06-06 06:37:00+00:00,0.0,0.0,,6.3,2015-06-06 10:04:00+00:00,1.2,199.7,1440,812,128.2821,35.696
2015-06-07,20.0,12.8,2015-06-06 20:15:00+00:00,27.9,2015-06-07 07:26:00+00:00,0.0,0.0,,6.1,2015-06-07 07:48:00+00:00,1.1,98.4,1440,812,128.2821,35.696
2015-06-08,19.6,14.5,2015-06-07 19:56:00+00:00,24.9,2015-06-08 02:32:00+00:00,0.0,0.0,,5.1,2015-06-08 06:04:00+00:00,0.8,109.7,1440,812,128.2821,35.696
2015-06-09,22.5,16.2,2015-06-08 21:01:00+00:00,29.7,2015-06-09 06:42:00+00:00,0.0,0.0,,5.6,2015-06-08 18:59:00+00:00,1.0,267.2,1440,812,128.2821,35.696
2015-06-10,23.4,15.9,2015-06-09 20:33:00+00:00,31.6,2015-06-10 04:16:00+00:00,0.0,0.0,,6.8,2015-06-10 08:49:00+00:00,1.0,182.8,1440,812,128.2821,35.696
2015-06-11,21.3,16.2,2015-06-10 19:04:00+00:00,25.3,2015-06-11 05:58:00+00:00,0.0,0.0,,5.3,2015-06-11 13:10:00+00:00,0.8,129.4,1436,812,128.2821,35.696
2015-06-12,26.1,19.5,2015-06-11 20:25:00+00:00,32.7,2015-06-12 06:49:00+00:00,0.0,0.0,,9.1,2015-06-12 03:20:00+00:00,2.2,258.8,1440,812,128.2821,35.696
2015-06-13,22.4,17.8,2015-06-13 14:55:00+00:00,28.0,2015-06-13 06:21:00+00:00,0.0,0.0,,9.7,2015-06-13 10:14:00+00:00,1.6,132.2,1440,812,128.2821,35.696
2015-06-14,22.0,15.1,2015-06-13 19:42:00+00:00,28.1,2015-06-14 04:20:00+00:00,0.0,0.0,,7.4,2015-06-14 02:40:00+00:00,1.2,146.3,1440,812,128.2821,35.696
2015-06-15,24.3,21.2,2015-06-14 18:30:00+00:00,29.6,2015-06-15 06:15:00+00:00,0.0,0.0,,6.5,2015-06-15 10:56:00+00:00,1.5,154.7,1440,812,128.2821,35.696
2015-06-16,24.1,20.1,2015-06-15 21:00:00+00:00,31.0,2015-06-16 06:48:00+00:00,4.0,2.0,2015-06-16 12:00:00+00:00,7.7,2015-06-16 07:35:00+00:00,1.2,171.6,1439,812,128.2821,35.696
2015-06-17,21.1,19.2,2015-06-17 14:09:00+00:00,23.5,2015-06-17 06:16:00+00:00,0.0,0.0,,4.7,2015-06-17 08:32:00+00:00,0.7,146.3,1440,812,128.2821,35.696
2015-06-18,22.4,16.2,2015-06-17 20:00:00+00:00,27.7,2015-06-18 06:00:00+00:00,0.0,0.0,,6.8,2015-06-18 05:44:00+00:00,1.7,25.3,1440,812,128.2821,35.696
2015-06-19,23.4,18.2,2015-06-19 12:37:00+00:00,29.4,2015-06-19 06:47:00+00:00,45.5,42.5,2015-06-19 13:00:00+00:00,6.6,2015-06-19 05:01:00+00:00,1.3,78.8,1440,812,128.2821,35.696
2015-06-20,19.9,18.3,2015-06-19 16:00:00+00:00,21.5,2015-06-20 05:49:00+00:00,3.5,3.0,2015-06-20 07:00:00+00:00,5.9,2015-06-20 06:32:00+00:00,1.2,109.7,1440,812,128.2821,35.696
2015-06-21,21.6,17.4,2015-06-20 18:53:00+00:00,27.6,2015-06-21 05:18:00+00:00,0.0,0.0,,5.0,2015-06-21 05:26:00+00:00,1.1,222.2,1439,812,128.2821,35.696
2015-06-22,22.2,17.1,2015-06-21 19:19:00+00:00,28.6,2015-06-22 05:51:00+00:00,0.0,0.0,,7.4,2015-06-22 08:59:00+00:00,1.2,272.8,1440,812,128.2821,35.696
2015-06-23,23.6,16.8,2015-06-22 20:34:00+00:00,30.6,2015-06-23 06:47:00+00:00,0.0,0.0,,5.9,2015-06-23 06:11:00+00:00,1.0,236.3,1440,812,128.2821,35.696
2015-06-24,22.4,18.2,2015-06-23 20:12:00+00:00,26.6,2015-06-24 06:20:00+00:00,0.0,0.0,,4.7,2015-06-24 01:04:00+00:00,0.6,14.1,1440,812,128.2821,35.696
2015-06-25,22.1,18.6,2015-06-24 20:31:00+00:00,27.0,2015-06-25 02:56:00+00:00,24.5,6.5,2015-06-25 12:00:00+00:00,3.9,2015-06-25 12:45:00+00:00,0.9,348.8,1440,812,128.2821,35.696
2015-06-26,20.8,18.9,2015-06-25 17:13:00+00:00,23.5,2015-06-26 08:34:00+00:00,16.5,7.5,2015-06-25 20:00:00+00:00,5.0,2015-06-26 06:00:00+00:00,0.6,16.9,1439,812,128.2821,35.696
2015-06-27,21.7,18.7,2015-06-26 17:21:00+00:00,24.6,2015-06-26 23:29:00+00:00,0.0,0.0,,4.2,2015-06-27 05:02:00+00:00,0.7,112.5,1439,812,128.2821,35.696
2015-06-28,21.8,18.7,2015-06-27 21:11:00+00:00,27.0,2015-06-28 08:18:00+00:00,0.0,0.0,,6.2,2015-06-28 04:58:00+00:00,1.2,143.4,1440,812,128.2821,35.696
2015-06-29,23.6,17.9,2015-06-28 17:23:00+00:00,31.1,2015-06-29 06:39:00+00:00,0.0,0.0,,5.8,2015-06-29 08:08:00+00:00,1.0,154.7,1438,812,128.2821,35.696
2015-06-30,20.4,18.3,2015-06-30 13:36:00+00:00,23.7,2015-06-30 03:00:00+00:00,12.0,4.0,2015-06-30 09:00:00+00:00,4.2,2015-06-29 17:06:00+00:00,0.8,115.3,1440,812,128.2821,35.696
2015-07-01,23.4,17.8,2015-07-01 14:51:00+00:00,30.2,2015-07-01 07:08:00+00:00,0.5,0.5,2015-06-30 19:00:00+00:00,8.2,2015-07-01 04:57:00+00:00,1.2,258.8,1426,812,128.2821,35.696
2015-07-02,22.4,13.8,2015-07-01 20:21:00+00:00,30.0,2015-07-02 06:17:00+00:00,0.0,0.0,,6.4,2015-07-02 05:15:00+00:00,1.0,56.3,1440,812,128.2821,35.696
2015-07-03,22.0,16.1,2015-07-02 20:31:00+00:00,30.4,2015-07-03 06:28:00+00:00,0.0,0.0,,4.0,2015-07-03 07:40:00+00:00,0.8,340.3,1437,812,128.2821,35.696
2015-07-04,20.9,14.6,2015-07-03 19:55:00+00:00,27.4,2015-07-04 07:18:00+00:00,0.0,0.0,,6.2,2015-07-04 08:00:00+00:00,1.2,120.9,1439,812,128.2821,35.696
2015-07-05,23.2,17.4,2015-07-04 17:05:00+00:00,29.2,2015-07-05 07:55:00+00:00,0.0,0.0,,5.1,2015-07-05 09:19:00+00:00,1.0,160.3,1440,812,128.2821,35.696
2015-07-06,22.5,18.5,2015-07-05 20:16:00+00:00,27.5,2015-07-06 06:29:00+00:00,0.0,0.0,,3.5,2015-07-06 01:25:00+00:00,0.7,340.3,1440,812,128.2821,35.696
2015-07-07,18.6,17.6,2015-07-06 20:18:00+00:00,21.6,2015-07-07 01:01:00+00:00,17.5,3.0,2015-07-07 11:00:00+00:00,6.0,2015-07-07 05:53:00+00:00,0.5,0.0,1440,812,128.2821,35.696
2015-07-08,20.0,18.1,2015-07-07 15:25:00+00:00,21.8,2015-07-08 07:36:00+00:00,46.5,14.0,2015-07-08 15:00:00+00:00,3.1,2015-07-08 03:00:00+00:00,0.3,326.3,1439,812,128.2821,35.696
2015-07-09,21.1,19.8,2015-07-08 21:39:00+00:00,23.3,2015-07-09 05:02:00+00:00,59.5,15.5,2015-07-08 22:00:00+00:00,4.4,2015-07-09 03:08:00+00:00,0.7,315.0,1439,812,128.2821,35.696
2015-07-10,23.8,20.2,2015-07-09 16:03:00+00:00,29.4,2015-07-10 07:38:00+00:00,0.0,0.0,,4.2,2015-07-10 03:37:00+00:00,0.7,0.0,1440,812,128.2821,35.696
2015-07-11,25.0,21.1,2015-07-10 19:19:00+00:00,31.9,2015-07-11 04:51:00+00:00,4.0,1.0,2015-07-11 09:00:00+00:00,5.2,2015-07-11 07:00:00+00:00,0.7,165.9,1440,812,128.2821,35.696
2015-07-12,24.1,22.6,2015-07-11 19:57:00+00:00,25.5,2015-07-12 10:37:00+00:00,43.0,4.5,2015-07-12 06:00:00+00:00,11.0,2015-07-12 09:48:00+00:00,1.9,90.0,1440,812,128.2821,35.696
2015-07-13,24.6,22.8,2015-07-13 14:42:00+00:00,28.0,2015-07-13 06:46:00+00:00,0.5,0.5,2015-07-12 17:00:00+00:00,10.1,2015-07-12 22:39:00+00:00,3.6,132.2,1440,812,128.2821,35.696
2015-07-14,26.1,20.6,2015-07-13 21:15:00+00:00,31.9,2015-07-14 04:16:00+00:00,0.0,0.0,,8.6,2015-07-14 04:37:00+00:00,1.5,47.8,1440,812,128.2821,35.696
2015-07-15,25.5,20.7,2015-07-14 19:51:00+00:00,32.0,2015-07-15 05:33:00+00:00,0.0,0.0,,5.9,2015-07-15 07:33:00+00:00,0.8,5.6,1437,812,128.2821,35.696
2015-07-16,22.6,19.1,2015-07-16 14:51:00+00:00,27.6,2015-07-16 05:02:00+00:00,0.0,0.0,,7.4,2015-07-16 05:23:00+00:00,1.9,343.1,1437,812,128.2821,35.696
2015-07-17,21.0,15.9,2015-07-16 20:33:00+00:00,24.4,2015-07-17 03:42:00+00:00,1.5,1.5,2015-07-16 21:00:00+00:00,8.6,2015-07-17 03:21:00+00:00,1.1,11.3,1440,812,128.2821,35.696
2015-07-18,23.1,19.9,2015-07-17 21:08:00+00:00,28.3,2015-07-18 07:32:00+00:00,0.0,0.0,,6.4,2015-07-17 17:47:00+00:00,0.9,233.4,1440,812,128.2821,35.696
2015-07-19,23.9,18.0,2015-07-18 20:34:00+00:00,29.0,2015-07-19 02:54:00+00:00,0.0,0.0,,4.4,2015-07-19 06:20:00+00:00,0.8,129.4,1440,812,128.2821,35.696
2015-07-20,23.1,19.9,2015-07-19 16:39:00+00:00,26.9,2015-07-20 06:25:00+00:00,1.5,0.5,2015-07-19 16:00:00+00:00,4.1,2015-07-20 04:58:00+00:00,1.1,340.3,1440,812,128.2821,35.696
2015-07-21,24.4,21.3,2015-07-20 19:13:00+00:00,30.0,2015-07-21 07:29:00+00:00,1.0,0.5,2015-07-20 16:00:00+00:00,5.9,2015-07-21 08:35:00+00:00,0.8,126.6,1440,812,128.2821,35.696
2015-07-22,26.6,23.4,2015-07-21 18:55:00+00:00,30.9,2015-07-22 04:16:00+00:00,0.0,0.0,,6.2,2015-07-22 06:49:00+00:00,1.4,109.7,1440,812,128.2821,35.696
2015-07-23,26.2,24.1,2015-07-22 18:30:00+00:00,28.6,2015-07-23 06:25:00+00:00,2.0,1.0,2015-07-23 01:00:00+00:00,8.3,2015-07-23 08:55:00+00:00,2.2,123.8,1440,812,128.2821,35.696
2015-07-24,26.6,24.3,2015-07-23 16:22:00+00:00,29.6,2015-07-24 06:28:00+00:00,1.0,0.5,2015-07-23 16:00:00+00:00,12.9,2015-07-24 05:36:00+00:00,2.5,132.2,1440,812,128.2821,35.696
2015-07-25,26.3,22.4,2015-07-25 14:48:00+00:00,30.6,2015-07-25 04:50:00+00:00,0.0,0.0,,10.4,2015-07-25 07:07:00+00:00,2.5,115.3,1440,812,128.2821,35.696
2015-07-26,27.4,21.0,2015-07-25 20:27:00+00:00,35.1,2015-07-26 07:11:00+00:00,0.0,0.0,,5.9,2015-07-26 01:02:00+00:00,1.0,126.6,1440,812,128.2821,35.696
2015-07-27,26.8,22.6,2015-07-26 19:56:00+00:00,34.3,2015-07-27 04:50:00+00:00,1.0,1.0,2015-07-27 08:00:00+00:00,4.9,2015-07-27 06:17:00+00:00,0.6,0.0,1440,812,128.2821,35.696
2015-07-28,28.6,24.6,2015-07-27 20:37:00+00:00,35.0,2015-07-28 05:51:00+00:00,1.5,1.5,2015-07-27 20:00:00+00:00,6.2,2015-07-28 06:15:00+00:00,0.9,255.9,1440,812,128.2821,35.696
2015-07-29,28.1,23.6,2015-07-28 18:28:00+00:00,34.6,2015-07-29 07:32:00+00:00,0.0,0.0,,6.0,2015-07-29 06:44:00+00:00,0.9,104.1,1439,812,128.2821,35.696
2015-07-30,30.0,23.9,2015-07-29 19:09:00+00:00,36.8,2015-07-30 07:18:00+00:00,0.0,0.0,,6.4,2015-07-30 10:39:00+00:00,1.7,118.1,1440,812,128.2821,35.696
2015-07-31,29.4,24.9,2015-07-30 17:05:00+00:00,35.5,2015-07-31 06:02:00+00:00,0.0,0.0,,6.2,2015-07-31 11:26:00+00:00,1.7,205.3,1440,812,128.2821,35.696
2015-08-01,28.0,23.2,2015-07-31 19:05:00+00:00,34.8,2015-08-01 05:02:00+00:00,0.0,0.0,,6.8,2015-08-01 05:25:00+00:00,1.3,112.5,1440,812,128.2821,35.696
2015-08-02,27.9,22.3,2015-08-01 20:02:00+00:00,34.5,2015-08-02 05:31:00+00:00,0.0,0.0,,8.3,2015-08-02 07:05:00+00:00,1.7,126.6,1440,812,128.2821,35.696
2015-08-03,29.3,25.3,2015-08-02 19:54:00+00:00,35.0,2015-08-03 04:53:00+00:00,0.0,0.0,,6.2,2015-08-03 00:59:00+00:00,2.1,182.8,1440,812,128.2821,35.696
2015-08-04,29.0,23.5,2015-08-03 16:22:00+00:00,35.1,2015-08-04 06:25:00+00:00,0.0,0.0,,7.6,2015-08-04 05:19:00+00:00,2.2,165.9,1438,812,128.2821,35.696
2015-08-05,29.1,22.1,2015-08-04 20:45:00+00:00,36.2,2015-08-05 06:36:00+00:00,0.0,0.0,,5.7,2015-08-04 15:10:00+00:00,1.7,149.1,1440,812,128.2821,35.696
2015-08-06,29.0,22.9,2015-08-05 20:04:00+00:00,36.4,2015-08-06 06:28:00+00:00,0.0,0.0,,5.2,2015-08-06 06:32:00+00:00,0.9,106.9,1440,812,128.2821,35.696
2015-08-07,28.7,21.7,2015-08-06 20:43:00+00:00,36.5,2015-08-07 06:45:00+00:00,0.0,0.0,,4.7,2015-08-07 02:44:00+00:00,0.7,33.8,1251,812,128.2821,35.696
2015-08-08,28.5,22.9,2015-08-08 14:40:00+00:00,35.9,2015-08-08 04:24:00+00:00,0.0,0.0,,6.7,2015-08-08 10:16:00+00:00,0.9,348.8,1440,812,128.2821,35.696
2015-08-09,27.3,21.4,2015-08-08 19:25:00+00:00,34.6,2015-08-09 04:11:00+00:00,0.0,0.0,,5.1,2015-08-09 07:42:00+00:00,0.6,354.4,1440,812,128.2821,35.696
2015-08-10,26.2,21.6,2015-08-09 20:24:00+00:00,34.2,2015-08-10 05:29:00+00:00,0.0,0.0,,4.3,2015-08-10 04:11:00+00:00,0.6,337.5,1438,812,128.2821,35.696
2015-08-11,24.3,18.8,2015-08-11 13:26:00+00:00,30.1,2015-08-11 03:46:00+00:00,10.0,3.5,2015-08-11 13:00:00+00:00,5.6,2015-08-11 08:34:00+00:00,0.7,188.4,1440,812,128.2821,35.696
2015-08-12,21.0,19.0,2015-08-11 20:51:00+00:00,23.1,2015-08-12 07:36:00+00:00,39.0,7.5,2015-08-11 22:00:00+00:00,1.3,2015-08-11 15:23:00+00:00,0.0,244.7,1440,812,128.2821,35.696
2015-08-13,23.5,20.2,2015-08-12 21:07:00+00:00,31.3,2015-08-13 05:17:00+00:00,9.5,9.5,2015-08-13 09:00:00+00:00,9.4,2015-08-13 07:58:00+00:00,0.3,177.2,1440,812,128.2821,35.696
2015-08-14,24.4,20.8,2015-08-13 18:30:00+00:00,31.6,2015-08-14 05:06:00+00:00,0.0,0.0,,4.5,2015-08-14 10:08:00+00:00,0.6,286.9,1440,812,128.2821,35.696
2015-08-15,26.0,20.9,2015-08-14 21:13:00+00:00,32.9,2015-08-15 07:54:00+00:00,0.0,0.0,,5.1,2015-08-15 03:52:00+00:00,0.7,104.1,1440,812,128.2821,35.696
2015-08-16,25.0,20.3,2015-08-15 21:01:00+00:00,29.7,2015-08-16 04:50:00+00:00,10.5,5.5,2015-08-16 14:00:00+00:00,3.1,2015-08-16 06:16:00+00:00,0.5,357.2,1440,812,128.2821,35.696
2015-08-17,24.7,20.5,2015-08-16 21:09:00+00:00,31.5,2015-08-17 05:46:00+00:00,0.0,0.0,,6.1,2015-08-17 06:38:00+00:00,0.8,59.1,1440,812,128.2821,35.696
2015-08-18,23.2,20.2,2015-08-17 18:19:00+00:00,27.6,2015-08-18 06:40:00+00:00,0.0,0.0,,7.0,2015-08-18 06:11:00+00:00,0.5,56.3,1440,812,128.2821,35.696
2015-08-19,24.0,19.6,2015-08-18 20:16:00+00:00,28.5,2015-08-19 06:15:00+00:00,0.0,0.0,,4.0,2015-08-19 03:15:00+00:00,0.7,345.9,1440,812,128.2821,35.696
2015-08-20,22.9,21.5,2015-08-20 13:00:00+00:00,24.4,2015-08-20 06:09:00+00:00,5.0,1.0,2015-08-20 02:00:00+00:00,3.9,2015-08-20 09:28:00+00:00,0.6,112.5,1439,812,128.2821,35.696
2015-08-21,22.2,20.1,2015-08-20 17:34:00+00:00,28.5,2015-08-21 07:23:00+00:00,50.0,10.5,2015-08-20 21:00:00+00:00,5.9,2015-08-21 04:59:00+00:00,0.7,25.3,1440,812,128.2821,35.696
2015-08-22,23.5,20.1,2015-08-21 20:24:00+00:00,29.0,2015-08-22 07:14:00+00:00,0.0,0.0,,3.3,2015-08-22 14:45:00+00:00,0.4,334.7,1440,812,128.2821,35.696
2015-08-23,24.5,21.0,2015-08-22 21:16:00+00:00,29.8,2015-08-23 05:39:00+00:00,0.0,0.0,,4.0,2015-08-22 15:50:00+00:00,0.6,275.6,1440,812,128.2821,35.696
2015-08-24,24.4,21.6,2015-08-24 14:27:00+00:00,27.3,2015-08-24 00:31:00+00:00,3.0,2.5,2015-08-24 15:00:00+00:00,8.0,2015-08-24 10:19:00+00:00,1.3,354.4,1440,812,128.2821,35.696
2015-08-25,21.3,18.9,2015-08-25 14:25:00+00:00,22.9,2015-08-24 17:25:00+00:00,56.0,8.0,2015-08-24 22:00:00+00:00,9.6,2015-08-24 20:21:00+00:00,1.6,0.0,1440,812,128.2821,35.696
2015-08-26,21.9,18.4,2015-08-26 14:37:00+00:00,28.8,2015-08-26 05:13:00+00:00,0.0,0.0,,5.1,2015-08-26 06:49:00+00:00,0.5,334.7,1440,812,128.2821,35.696
2015-08-27,23.0,16.4,2015-08-26 20:11:00+00:00,30.1,2015-08-27 04:26:00+00:00,0.0,0.0,,6.6,2015-08-27 04:56:00+00:00,0.8,244.7,1439,812,128.2821,35.696
2015-08-28,22.7,18.8,2015-08-27 20:32:00+00:00,28.9,2015-08-28 06:21:00+00:00,0.0,0.0,,6.7,2015-08-28 06:44:00+00:00,0.8,326.3,1440,812,128.2821,35.696
2015-08-29,22.2,18.5,2015-08-29 14:48:00+00:00,28.5,2015-08-29 07:51:00+00:00,0.0,0.0,,2.8,2015-08-29 05:29:00+00:00,0.5,101.3,1440,812,128.2821,35.696
2015-08-30,22.4,17.6,2015-08-29 21:14:00+00:00,28.8,2015-08-30 02:51:00+00:00,0.0,0.0,,4.3,2015-08-30 05:19:00+00:00,0.6,92.8,1440,812,128.2821,35.696
2015-08-31,22.6,18.5,2015-08-30 19:38:00+00:00,29.6,2015-08-31 06:32:00+00:00,1.5,1.5,2015-08-31 09:00:00+00:00,5.6,2015-08-31 08:00:00+00:00,0.6,137.8,1440,812,128.2821,35.696
2015-09-01,22.8,21.0,2015-09-01 10:30:00+00:00,27.0,2015-09-01 05:04:00+00:00,8.5,3.0,2015-09-01 10:00:00+00:00,5.1,2015-09-01 08:05:00+00:00,1.0,202.5,1440,812,128.2821,35.696
2015-09-02,22.5,20.2,2015-09-01 19:48:00+00:00,27.9,2015-09-02 06:46:00+00:00,10.0,9.5,2015-09-02 11:00:00+00:00,4.8,2015-09-02 04:36:00+00:00,0.8,123.8,1439,812,128.2821,35.696
2015-09-03,21.8,18.9,2015-09-03 14:11:00+00:00,26.9,2015-09-03 04:00:00+00:00,0.5,0.5,2015-09-03 05:00:00+00:00,5.0,2015-09-03 04:41:00+00:00,0.7,275.6,1440,812,128.2821,35.696
2015-09-04,22.7,17.4,2015-09-03 21:40:00+00:00,30.4,2015-09-04 06:43:00+00:00,0.0,0.0,,4.9,2015-09-04 11:16:00+00:00,0.8,151.9,1440,812,128.2821,35.696
2015-09-05,21.9,19.7,2015-09-04 17:10:00+00:00,27.3,2015-09-05 03:45:00+00:00,7.0,5.0,2015-09-05 15:00:00+00:00,5.8,2015-09-05 02:21:00+00:00,0.9,106.9,1440,812,128.2821,35.696
2015-09-06,19.9,17.8,2015-09-06 14:19:00+00:00,23.2,2015-09-06 02:05:00+00:00,6.5,3.5,2015-09-05 17:00:00+00:00,11.1,2015-09-06 08:40:00+00:00,1.0,351.6,1440,812,128.2821,35.696
2015-09-07,19.3,13.9,2015-09-07 14:54:00+00:00,25.9,2015-09-07 07:19:00+00:00,0.0,0.0,,5.7,2015-09-07 00:54:00+00:00,1.0,329.1,1440,812,128.2821,35.696
2015-09-08,18.2,11.8,2015-09-07 20:25:00+00:00,25.6,2015-09-08 06:25:00+00:00,0.0,0.0,,6.9,2015-09-08 04:50:00+00:00,1.1,36.6,1418,812,128.2821,35.696
2015-09-09,18.7,11.5,2015-09-08 20:49:00+00:00,27.2,2015-09-09 06:09:00+00:00,0.0,0.0,,7.6,2015-09-09 02:10:00+00:00,1.0,36.6,1440,812,128.2821,35.696
2015-09-10,18.6,10.7,2015-09-09 21:24:00+00:00,27.0,2015-09-10 06:39:00+00:00,0.0,0.0,,3.6,2015-09-10 04:48:00+00:00,0.4,50.6,1410,812,128.2821,35.696
2015-09-11,20.7,13.9,2015-09-10 20:57:00+00:00,28.4,2015-09-11 04:45:00+00:00,0.0,0.0,,4.5,2015-09-11 07:31:00+00:00,0.7,140.6,1440,812,128.2821,35.696
2015-09-12,19.0,15.7,2015-09-12 14:46:00+00:00,21.6,2015-09-12 03:32:00+00:00,0.5,0.5,2015-09-12 07:00:00+00:00,3.0,2015-09-12 04:55:00+00:00,0.6,73.1,1440,812,128.2821,35.696
2015-09-13,17.7,12.3,2015-09-13 14:55:00+00:00,26.2,2015-09-13 05:15:00+00:00,0.0,0.0,,6.7,2015-09-13 05:56:00+00:00,0.8,351.6,1440,812,128.2821,35.696
2015-09-14,16.9,9.8,2015-09-13 20:53:00+00:00,26.9,2015-09-14 05:49:00+00:00,0.0,0.0,,5.8,2015-09-14 03:32:00+00:00,0.5,11.3,1440,812,128.2821,35.696
2015-09-15,17.2,10.2,2015-09-14 20:30:00+00:00,24.6,2015-09-15 03:36:00+00:00,0.0,0.0,,6.8,2015-09-15 06:06:00+00:00,1.0,16.9,1416,812,128.2821,35.696
2015-09-16,17.9,10.3,2015-09-15 19:32:00+00:00,24.0,2015-09-16 04:02:00+00:00,0.0,0.0,,7.4,2015-09-16 02:36:00+00:00,1.2,348.8,1440,812,128.2821,35.696
2015-09-17,18.3,15.6,2015-09-16 20:37:00+00:00,20.9,2015-09-17 03:12:00+00:00,5.5,2.0,2015-09-16 17:00:00+00:00,5.7,2015-09-17 03:24:00+00:00,1.0,334.7,1440,812,128.2821,35.696
2015-09-18,18.5,13.1,2015-09-17 20:32:00+00:00,26.4,2015-09-18 06:56:00+00:00,0.0,0.0,,7.7,2015-09-18 01:52:00+00:00,0.7,331.9,1375,812,128.2821,35.696
2015-09-19,18.8,13.7,2015-09-18 21:23:00+00:00,26.4,2015-09-19 05:41:00+00:00,0.0,0.0,,3.4,2015-09-19 03:05:00+00:00,0.4,64.7,1440,812,128.2821,35.696
2015-09-20,20.2,15.9,2015-09-19 19:37:00+00:00,27.1,2015-09-20 06:06:00+00:00,0.0,0.0,,3.1,2015-09-20 04:30:00+00:00,0.5,22.5,1440,812,128.2821,35.696
2015-09-21,20.1,15.4,2015-09-21 15:00:00+00:00,29.3,2015-09-21 06:27:00+00:00,0.0,0.0,,4.6,2015-09-21 04:37:00+00:00,0.5,143.4,1440,812,128.2821,35.696
2015-09-22,19.2,13.7,2015-09-21 18:23:00+00:00,27.9,2015-09-22 06:14:00+00:00,0.0,0.0,,4.1,2015-09-22 02:21:00+00:00,0.6,75.9,1440,812,128.2821,35.696
2015-09-23,17.0,12.7,2015-09-22 17:51:00+00:00,20.9,2015-09-23 02:34:00+00:00,10.0,2.5,2015-09-23 09:00:00+00:00,2.8,2015-09-23 06:29:00+00:00,0.3,202.5,1440,812,128.2821,35.696
2015-09-24,19.8,16.3,2015-09-24 14:45:00+00:00,23.4,2015-09-24 07:40:00+00:00,0.5,0.5,2015-09-23 16:00:00+00:00,5.0,2015-09-24 05:43:00+00:00,0.7,25.3,1440,812,128.2821,35.696
2015-09-25,19.8,15.0,2015-09-24 17:05:00+00:00,25.8,2015-09-25 05:00:00+00:00,0.0,0.0,,4.6,2015-09-25 03:58:00+00:00,0.6,45.0,1440,812,128.2821,35.696
2015-09-26,19.1,14.6,2015-09-26 14:53:00+00:00,27.1,2015-09-26 05:14:00+00:00,0.0,0.0,,4.5,2015-09-26 04:34:00+00:00,0.5,323.4,1440,812,128.2821,35.696
2015-09-27,18.5,12.5,2015-09-26 22:08:00+00:00,28.2,2015-09-27 06:49:00+00:00,0.0,0.0,,4.0,2015-09-27 01:59:00+00:00,0.5,340.3,1440,812,128.2821,35.696
2015-09-28,19.7,13.7,2015-09-27 21:36:00+00:00,29.4,2015-09-28 05:08:00+00:00,0.0,0.0,,5.0,2015-09-28 04:18:00+00:00,0.5,326.3,1440,812,128.2821,35.696
2015-09-29,19.4,12.9,2015-09-28 21:30:00+00:00,26.9,2015-09-29 02:45:00+00:00,0.0,0.0,,5.4,2015-09-29 07:22:00+00:00,0.9,39.4,1440,812,128.2821,35.696
2015-09-30,18.5,14.7,2015-09-29 19:02:00+00:00,22.6,2015-09-30 00:38:00+00:00,0.0,0.0,,3.0,2015-09-30 00:43:00+00:00,0.6,75.9,1440,812,128.2821,35.696
2015-10-01,18.8,15.9,2015-09-30 20:27:00+00:00,24.0,2015-10-01 08:29:00+00:00,36.0,11.0,2015-09-30 23:00:00+00:00,10.8,2015-10-01 08:29:00+00:00,1.4,264.4,1440,812,128.2821,35.696
2015-10-02,13.7,6.2,2015-10-01 21:51:00+00:00,22.7,2015-10-02 07:16:00+00:00,0.0,0.0,,8.1,2015-10-01 16:52:00+00:00,0.9,343.1,1439,812,128.2821,35.696
2015-10-03,15.3,7.6,2015-10-02 21:26:00+00:00,26.2,2015-10-03 05:47:00+00:00,0.0,0.0,,7.2,2015-10-03 04:25:00+00:00,0.8,191.3,1440,812,128.2821,35.696
2015-10-04,15.6,9.6,2015-10-03 21:44:00+00:00,24.9,2015-10-04 06:10:00+00:00,0.0,0.0,,3.5,2015-10-04 06:10:00+00:00,0.5,331.9,1440,812,128.2821,35.696
2015-10-05,14.9,9.5,2015-10-04 17:50:00+00:00,24.9,2015-10-05 06:21:00+00:00,0.0,0.0,,4.1,2015-10-05 04:52:00+00:00,0.5,70.3,1440,812,128.2821,35.696
2015-10-06,14.7,8.3,2015-10-05 18:16:00+00:00,26.2,2015-10-06 05:07:00+00:00,0.0,0.0,,4.4,2015-10-06 03:58:00+00:00,0.5,0.0,1439,812,128.2821,35.696
2015-10-07,15.2,7.4,2015-10-06 21:17:00+00:00,25.4,2015-10-07 06:05:00+00:00,0.0,0.0,,3.8,2015-10-07 04:31:00+00:00,0.3,61.9,1440,812,128.2821,35.696
2015-10-08,15.5,10.0,2015-10-07 21:42:00+00:00,25.5,2015-10-08 05:30:00+00:00,0.0,0.0,,3.7,2015-10-08 05:06:00+00:00,0.5,70.3,1440,812,128.2821,35.696
2015-10-09,13.9,6.9,2015-10-09 15:00:00+00:00,23.8,2015-10-09 05:24:00+00:00,0.0,0.0,,4.5,2015-10-09 03:55:00+00:00,0.6,16.9,1440,812,128.2821,35.696
2015-10-10,13.4,3.9,2015-10-09 21:26:00+00:00,22.3,2015-10-10 05:21:00+00:00,3.5,2.5,2015-10-10 12:00:00+00:00,8.1,2015-10-10 06:27:00+00:00,1.3,143.4,1440,812,128.2821,35.696
2015-10-11,12.4,7.2,2015-10-10 22:07:00+00:00,18.0,2015-10-11 04:35:00+00:00,0.0,0.0,,7.8,2015-10-11 01:56:00+00:00,1.0,261.6,1440,812,128.2821,35.696
2015-10-12,12.2,5.9,2015-10-12 14:55:00+00:00,20.3,2015-10-12 04:51:00+00:00,0.0,0.0,,8.5,2015-10-12 05:45:00+00:00,0.9,354.4,1440,812,128.2821,35.696
2015-10-13,11.6,3.8,2015-10-12 21:27:00+00:00,23.5,2015-10-13 06:44:00+00:00,0.0,0.0,,3.5,2015-10-13 02:34:00+00:00,0.6,39.4,1440,812,128.2821,35.696
2015-10-14,12.9,4.0,2015-10-13 21:14:00+00:00,24.8,2015-10-14 06:16:00+00:00,0.0,0.0,,5.8,2015-10-14 03:09:00+00:00,0.4,255.9,1440,812,128.2821,35.696
2015-10-15,14.0,7.3,2015-10-14 18:37:00+00:00,23.6,2015-10-15 05:12:00+00:00,0.0,0.0,,4.1,2015-10-15 05:34:00+00:00,0.5,104.1,1440,812,128.2821,35.696
2015-10-16,14.1,9.1,2015-10-15 17:13:00+00:00,23.5,2015-10-16 06:09:00+00:00,0.0,0.0,,5.4,2015-10-16 05:03:00+00:00,0.5,81.6,1440,812,128.2821,35.696
2015-10-17,14.1,7.7,2015-10-16 20:45:00+00:00,25.6,2015-10-17 04:48:00+00:00,0.0,0.0,,4.3,2015-10-17 06:03:00+00:00,0.5,343.1,1440,812,128.2821,35.696
2015-10-18,14.1,5.7,2015-10-17 21:39:00+00:00,26.7,2015-10-18 05:04:00+00:00,0.0,0.0,,6.2,2015-10-18 04:11:00+00:00,0.5,343.1,1440,812,128.2821,35.696
2015-10-19,14.6,6.6,2015-10-18 21:43:00+00:00,24.7,2015-10-19 05:42:00+00:00,0.0,0.0,,3.6,2015-10-19 04:15:00+00:00,0.3,59.1,1440,812,128.2821,35.696
2015-10-20,15.7,9.7,2015-10-19 21:49:00+00:00,25.4,2015-10-20 06:00:00+00:00,0.0,0.0,,7.7,2015-10-20 06:16:00+00:00,0.5,59.1,1440,812,128.2821,35.696
2015-10-21,15.9,10.7,2015-10-20 19:20:00+00:00,25.3,2015-10-21 05:41:00+00:00,0.0,0.0,,2.6,2015-10-21 01:42:00+00:00,0.3,16.9,1439,812,128.2821,35.696
2015-10-22,15.9,10.0,2015-10-21 20:24:00+00:00,23.2,2015-10-22 06:11:00+00:00,0.0,0.0,,3.3,2015-10-22 04:52:00+00:00,0.3,149.1,1440,812,128.2821,35.696
2015-10-23,16.0,11.3,2015-10-23 14:59:00+00:00,23.0,2015-10-23 04:55:00+00:00,0.0,0.0,,5.0,2015-10-23 02:32:00+00:00,0.5,109.7,1440,812,128.2821,35.696
2015-10-24,15.1,10.6,2015-10-23 21:56:00+00:00,22.4,2015-10-24 06:39:00+00:00,0.0,0.0,,4.5,2015-10-24 07:14:00+00:00,0.6,348.8,1439,812,128.2821,35.696
2015-10-25,13.8,8.3,2015-10-25 14:59:00+00:00,21.7,2015-10-25 04:17:00+00:00,0.0,0.0,,6.2,2015-10-25 06:07:00+00:00,0.6,87.2,1440,812,128.2821,35.696
2015-10-26,12.5,5.8,2015-10-25 18:28:00+00:00,19.9,2015-10-26 06:36:00+00:00,0.0,0.0,,5.8,2015-10-26 04:35:00+00:00,0.8,106.9,1433,812,128.2821,35.696
2015-10-27,13.0,5.6,2015-10-27 14:51:00+00:00,18.9,2015-10-27 05:22:00+00:00,10.0,6.0,2015-10-27 01:00:00+00:00,9.1,2015-10-27 05:58:00+00:00,1.7,261.6,1438,812,128.2821,35.696
2015-10-28,9.6,4.5,2015-10-28 14:51:00+00:00,18.8,2015-10-28 04:32:00+00:00,0.0,0.0,,8.8,2015-10-28 05:58:00+00:00,1.0,253.1,1440,812,128.2821,35.696
2015-10-29,8.6,3.9,2015-10-29 14:58:00+00:00,15.8,2015-10-29 04:28:00+00:00,0.0,0.0,,5.2,2015-10-29 03:39:00+00:00,0.6,28.1,1440,812,128.2821,35.696
2015-10-30,8.3,1.0,2015-10-30 14:56:00+00:00,15.5,2015-10-30 05:23:00+00:00,0.0,0.0,,8.8,2015-10-30 06:30:00+00:00,1.2,33.8,1439,812,128.2821,35.696
2015-10-31,4.5,-2.6,2015-10-30 21:19:00+00:00,14.8,2015-10-31 05:35:00+00:00,0.0,0.0,,6.5,2015-10-31 03:52:00+00:00,1.0,340.3,1440,812,128.2821,35.696
2015-11-01,4.8,-1.9,2015-10-31 19:39:00+00:00,10.2,2015-11-01 05:58:00+00:00,0.0,0.0,,3.0,2015-11-01 10:47:00+00:00,0.3,320.6,1440,812,128.2821,35.696
2015-11-02,7.9,0.8,2015-11-01 21:49:00+00:00,17.9,2015-11-02 05:14:00+00:00,0.0,0.0,,6.5,2015-11-02 05:12:00+00:00,0.6,331.9,1440,812,128.2821,35.696
2015-11-03,8.5,0.4,2015-11-02 21:28:00+00:00,20.0,2015-11-03 05:23:00+00:00,0.0,0.0,,5.2,2015-11-03 04:17:00+00:00,0.5,14.1,1440,812,128.2821,35.696
2015-11-04,8.8,1.4,2015-11-03 19:09:00+00:00,20.6,2015-11-04 06:29:00+00:00,0.0,0.0,,4.8,2015-11-04 03:44:00+00:00,0.4,132.2,1440,812,128.2821,35.696
2015-11-05,11.8,4.7,2015-11-04 18:11:00+00:00,22.3,2015-11-05 06:43:00+00:00,0.0,0.0,,3.9,2015-11-05 03:47:00+00:00,0.5,73.1,1440,812,128.2821,35.696
2015-11-06,13.0,5.4,2015-11-05 21:28:00+00:00,21.1,2015-11-06 04:15:00+00:00,4.5,1.5,2015-11-06 12:00:00+00:00,8.0,2015-11-06 06:54:00+00:00,0.8,5.6,1440,812,128.2821,35.696
2015-11-07,13.1,12.2,2015-11-06 17:50:00+00:00,13.8,2015-11-07 09:04:00+00:00,30.0,6.5,2015-11-07 13:00:00+00:00,4.4,2015-11-07 02:52:00+00:00,0.5,329.1,1440,812,128.2821,35.696
2015-11-08,13.8,12.7,2015-11-08 13:37:00+00:00,15.2,2015-11-08 03:19:00+00:00,9.0,2.0,2015-11-08 02:00:00+00:00,2.9,2015-11-08 04:02:00+00:00,0.4,19.7,1440,812,128.2821,35.696
2015-11-09,13.2,8.8,2015-11-09 14:54:00+00:00,18.2,2015-11-09 05:23:00+00:00,2.5,1.0,2015-11-08 21:00:00+00:00,5.6,2015-11-09 06:21:00+00:00,0.6,30.9,1440,812,128.2821,35.696
2015-11-10,10.6,5.6,2015-11-09 21:50:00+00:00,18.2,2015-11-10 04:38:00+00:00,0.0,0.0,,5.2,2015-11-10 03:15:00+00:00,0.7,2.8,1440,812,128.2821,35.696
2015-11-11,11.5,5.5,2015-11-10 21:57:00+00:00,18.4,2015-11-11 04:37:00+00:00,0.0,0.0,,3.4,2015-11-11 01:33:00+00:00,0.4,19.7,1440,812,128.2821,35.696
2015-11-12,13.4,9.5,2015-11-11 18:31:00+00:00,19.4,2015-11-12 03:02:00+00:00,0.0,0.0,,6.2,2015-11-12 05:12:00+00:00,0.7,354.4,1438,812,128.2821,35.696
2015-11-13,11.5,10.1,2015-11-12 16:32:00+00:00,12.4,2015-11-13 13:14:00+00:00,29.0,4.5,2015-11-13 06:00:00+00:00,5.3,2015-11-13 01:09:00+00:00,0.8,2.8,1440,812,128.2821,35.696
2015-11-14,14.1,12.2,2015-11-13 15:03:00+00:00,17.0,2015-11-14 06:06:00+00:00,0.5,0.5,2015-11-13 16:00:00+00:00,2.3,2015-11-14 04:00:00+00:00,0.3,351.6,1440,812,128.2821,35.696
2015-11-15,13.6,9.4,2015-11-15 14:56:00+00:00,19.3,2015-11-15 02:52:00+00:00,0.0,0.0,,5.1,2015-11-15 03:49:00+00:00,0.6,84.4,1440,812,128.2821,35.696
2015-11-16,11.3,8.6,2015-11-15 17:41:00+00:00,13.7,2015-11-16 04:27:00+00:00,9.0,2.5,2015-11-16 10:00:00+00:00,4.6,2015-11-15 17:56:00+00:00,0.4,194.1,1440,812,128.2821,35.696
2015-11-17,14.4,12.4,2015-11-16 15:01:00+00:00,16.9,2015-11-17 04:25:00+00:00,0.0,0.0,,4.6,2015-11-17 06:13:00+00:00,0.7,47.8,1440,812,128.2821,35.696
2015-11-18,11.7,9.7,2015-11-18 14:48:00+00:00,14.2,2015-11-17 19:47:00+00:00,6.0,1.5,2015-11-18 00:00:00+00:00,10.4,2015-11-18 05:14:00+00:00,1.5,348.8,1440,812,128.2821,35.696
2015-11-19,10.9,9.3,2015-11-18 20:37:00+00:00,12.9,2015-11-19 04:39:00+00:00,0.0,0.0,,4.1,2015-11-18 16:08:00+00:00,0.5,53.4,1440,812,128.2821,35.696
2015-11-20,11.1,6.3,2015-11-20 14:22:00+00:00,17.5,2015-11-20 03:50:00+00:00,0.0,0.0,,4.7,2015-11-20 04:45:00+00:00,0.5,22.5,1440,812,128.2821,35.696
2015-11-21,9.1,5.3,2015-11-20 16:43:00+00:00,11.9,2015-11-21 03:28:00+00:00,1.0,0.5,2015-11-21 07:00:00+00:00,2.2,2015-11-21 05:01:00+00:00,0.3,272.8,1440,812,128.2821,35.696
2015-11-22,11.8,8.8,2015-11-22 14:01:00+00:00,15.3,2015-11-22 04:50:00+00:00,0.0,0.0,,3.4,2015-11-22 03:48:00+00:00,0.5,351.6,1440,812,128.2821,35.696
2015-11-23,12.0,8.7,2015-11-22 15:06:00+00:00,14.5,2015-11-23 05:26:00+00:00,1.0,0.5,2015-11-23 00:00:00+00:00,4.4,2015-11-22 17:13:00+00:00,0.6,241.9,1440,812,128.2821,35.696
2015-11-24,9.8,6.7,2015-11-23 22:00:00+00:00,13.8,2015-11-24 03:22:00+00:00,0.0,0.0,,6.0,2015-11-24 04:43:00+00:00,1.4,8.4,1438,812,128.2821,35.696
2015-11-25,6.9,3.9,2015-11-25 11:52:00+00:00,9.5,2015-11-25 05:39:00+00:00,3.0,0.5,2015-11-24 20:00:00+00:00,3.9,2015-11-24 15:11:00+00:00,0.7,16.9,1439,812,128.2821,35.696
2015-11-26,1.3,-1.7,2015-11-26 12:29:00+00:00,5.5,2015-11-26 02:23:00+00:00,0.0,0.0,,8.1,2015-11-26 02:44:00+00:00,1.3,236.3,1440,812,128.2821,35.696
2015-11-27,2.5,-3.1,2015-11-26 21:54:00+00:00,8.2,2015-11-27 03:21:00+00:00,0.0,0.0,,8.1,2015-11-26 18:22:00+00:00,1.1,264.4,1440,812,128.2821,35.696
2015-11-28,4.6,0.5,2015-11-27 16:10:00+00:00,9.7,2015-11-28 05:25:00+00:00,0.0,0.0,,3.4,2015-11-28 05:05:00+00:00,0.5,194.1,1440,812,128.2821,35.696
2015-11-29,5.7,2.4,2015-11-28 20:48:00+00:00,11.4,2015-11-29 06:16:00+00:00,0.0,0.0,,4.7,2015-11-29 03:41:00+00:00,0.6,177.2,1440,812,128.2821,35.696
2015-11-30,6.0,0.8,2015-11-30 14:55:00+00:00,14.1,2015-11-30 03:43:00+00:00,0.0,0.0,,4.5,2015-11-30 04:14:00+00:00,0.7,28.1,1440,812,128.2821,35.696
2015-12-01,3.9,-2.1,2015-11-30 20:45:00+00:00,13.2,2015-12-01 05:18:00+00:00,0.0,0.0,,3.0,2015-12-01 06:27:00+00:00,0.3,160.3,1438,812,128.2821,35.696
2015-12-02,6.8,1.0,2015-12-01 19:25:00+00:00,12.2,2015-12-02 03:09:00+00:00,1.0,0.5,2015-12-02 07:00:00+00:00,5.8,2015-12-02 14:12:00+00:00,0.8,275.6,1433,812,128.2821,35.696
2015-12-03,3.9,0.5,2015-12-03 12:38:00+00:00,7.0,2015-12-03 03:26:00+00:00,0.0,0.0,,11.1,2015-12-02 20:27:00+00:00,2.3,272.8,1440,812,128.2821,35.696
2015-12-04,3.4,-1.3,2015-12-04 14:17:00+00:00,8.8,2015-12-04 03:28:00+00:00,0.0,0.0,,8.7,2015-12-04 03:56:00+00:00,1.7,267.2,1440,812,128.2821,35.696
2015-12-05,3.4,-3.2,2015-12-04 21:54:00+00:00,10.1,2015-12-05 03:19:00+00:00,0.0,0.0,,6.7,2015-12-05 05:38:00+00:00,0.7,261.6,1440,812,128.2821,35.696
2015-12-06,2.6,-3.2,2015-12-06 14:38:00+00:00,9.0,2015-12-06 06:32:00+00:00,0.0,0.0,,2.0,2015-12-06 03:38:00+00:00,0.4,30.9,1440,812,128.2821,35.696
2015-12-07,2.9,-5.0,2015-12-06 20:20:00+00:00,12.2,2015-12-07 05:52:00+00:00,0.0,0.0,,3.7,2015-12-07 05:17:00+00:00,0.3,239.1,1440,812,128.2821,35.696
2015-12-08,5.0,-0.2,2015-12-08 14:56:00+00:00,13.3,2015-12-08 04:03:00+00:00,0.0,0.0,,4.2,2015-12-08 02:33:00+00:00,0.5,11.3,1440,812,128.2821,35.696
2015-12-09,5.6,-1.9,2015-12-08 20:25:00+00:00,14.2,2015-12-09 05:40:00+00:00,0.0,0.0,,2.8,2015-12-09 05:14:00+00:00,0.3,84.4,1440,812,128.2821,35.696
2015-12-10,8.1,5.7,2015-12-09 19:19:00+00:00,10.4,2015-12-10 14:55:00+00:00,20.5,3.0,2015-12-10 08:00:00+00:00,3.4,2015-12-10 10:16:00+00:00,0.7,250.3,1439,812,128.2821,35.696
2015-12-11,8.4,1.4,2015-12-11 14:58:00+00:00,11.3,2015-12-11 03:05:00+00:00,6.0,1.5,2015-12-10 19:00:00+00:00,8.4,2015-12-10 21:14:00+00:00,1.4,8.4,1440,812,128.2821,35.696
2015-12-12,4.4,-1.9,2015-12-11 22:19:00+00:00,11.6,2015-12-12 04:07:00+00:00,0.0,0.0,,5.1,2015-12-12 03:55:00+00:00,0.5,258.8,1440,812,128.2821,35.696
2015-12-13,5.9,1.4,2015-12-13 14:17:00+00:00,12.3,2015-12-13 06:10:00+00:00,0.0,0.0,,2.8,2015-12-13 03:17:00+00:00,0.4,267.2,1440,812,128.2821,35.696
2015-12-14,6.4,1.5,2015-12-13 17:43:00+00:00,9.4,2015-12-14 04:40:00+00:00,1.5,0.5,2015-12-14 07:00:00+00:00,1.7,2015-12-14 03:37:00+00:00,0.2,8.4,1440,812,128.2821,35.696
2015-12-15,7.9,2.7,2015-12-15 13:43:00+00:00,11.5,2015-12-15 04:51:00+00:00,1.0,0.5,2015-12-14 17:00:00+00:00,4.6,2015-12-15 02:32:00+00:00,0.8,14.1,1420,812,128.2821,35.696
2015-12-16,1.9,-2.6,2015-12-16 12:39:00+00:00,5.7,2015-12-16 04:51:00+00:00,0.0,0.0,,7.4,2015-12-16 06:48:00+00:00,1.3,22.5,1440,812,128.2821,35.696
2015-12-17,-1.8,-6.7,2015-12-17 14:56:00+00:00,2.9,2015-12-17 03:54:00+00:00,0.0,0.0,,9.5,2015-12-17 01:36:00+00:00,1.3,340.3,1440,812,128.2821,35.696
2015-12-18,-2.2,-9.3,2015-12-17 22:16:00+00:00,7.5,2015-12-18 04:57:00+00:00,0.0,0.0,,8.2,2015-12-18 05:24:00+00:00,0.7,8.4,1440,812,128.2821,35.696
2015-12-19,-0.3,-6.0,2015-12-18 22:29:00+00:00,9.4,2015-12-19 06:11:00+00:00,0.0,0.0,,3.3,2015-12-19 05:12:00+00:00,0.5,39.4,1440,812,128.2821,35.696
2015-12-20,0.2,-5.0,2015-12-19 18:21:00+00:00,3.8,2015-12-20 05:25:00+00:00,0.0,0.0,,1.3,2015-12-20 05:05:00+00:00,0.3,267.2,1440,812,128.2821,35.696
2015-12-21,3.5,-1.3,2015-12-21 14:37:00+00:00,11.6,2015-12-21 05:23:00+00:00,1.5,0.5,2015-12-20 16:00:00+00:00,4.6,2015-12-21 07:41:00+00:00,0.6,81.6,1440,812,128.2821,35.696
2015-12-22,3.5,-3.4,2015-12-21 23:13:00+00:00,10.9,2015-12-22 06:00:00+00:00,0.0,0.0,,2.2,2015-12-22 03:06:00+00:00,0.3,84.4,1440,812,128.2821,35.696
2015-12-23,5.6,2.8,2015-12-23 14:49:00+00:00,8.7,2015-12-23 06:51:00+00:00,1.5,0.5,2015-12-22 17:00:00+00:00,2.3,2015-12-22 16:10:00+00:00,0.3,78.8,1440,812,128.2821,35.696
2015-12-24,3.8,0.1,2015-12-23 23:01:00+00:00,10.9,2015-12-24 06:25:00+00:00,0.0,0.0,,4.0,2015-12-24 05:52:00+00:00,0.7,28.1,1440,812,128.2821,35.696
2015-12-25,1.2,-5.1,2015-12-25 14:25:00+00:00,8.0,2015-12-25 04:42:00+00:00,0.0,0.0,,6.2,2015-12-25 06:19:00+00:00,1.2,11.3,1440,812,128.2821,35.696
2015-12-26,2.0,-5.3,2015-12-25 15:21:00+00:00,11.6,2015-12-26 04:14:00+00:00,0.0,0.0,,8.5,2015-12-26 05:50:00+00:00,0.9,272.8,1440,812,128.2821,35.696
2015-12-27,-1.0,-6.7,2015-12-27 14:35:00+00:00,6.9,2015-12-27 04:28:00+00:00,0.0,0.0,,6.7,2015-12-27 06:02:00+00:00,0.9,357.2,1440,812,128.2821,35.696
2015-12-28,-3.7,-10.0,2015-12-27 21:58:00+00:00,4.5,2015-12-28 04:23:00+00:00,0.0,0.0,,8.7,2015-12-28 03:59:00+00:00,1.1,16.9,1440,812,128.2821,35.696
2015-12-29,-3.6,-9.9,2015-12-28 22:24:00+00:00,5.4,2015-12-29 05:26:00+00:00,0.0,0.0,,6.0,2015-12-29 07:17:00+00:00,0.8,0.0,1440,812,128.2821,35.696
2015-12-30,-1.7,-8.7,2015-12-29 22:36:00+00:00,7.7,2015-12-30 06:02:00+00:00,0.0,0.0,,2.5,2015-12-30 05:10:00+00:00,0.5,73.1,1440,812,128.2821,35.696
2015-12-31,0.3,-5.2,2015-12-31 14:54:00+00:00,8.2,2015-12-31 04:56:00+00:00,0.0,0.0,,7.7,2015-12-31 03:55:00+00:00,1.1,28.1,1440,812,128.2821,35.696
