dt,ta,tn,tn_at,tx,tx_at,rn,rx_1hr,rx_1hr_at,wx,wx_at,wa,wd_wx,nmin,code,x,y
2016-01-01,-0.3,-6.8,2015-12-31 18:33:00+00:00,6.0,2016-01-01 06:47:00+00:00,0.0,,,4.0,,0.5,217.1,1439,618,126.7791,36.4237
2016-01-02,3.8,-1.5,2016-01-01 23:02:00+00:00,12.2,2016-01-02 05:15:00+00:00,0.0,,,5.6,,0.7,265.1,1440,618,126.7791,36.4237
2016-01-03,3.7,-1.6,2016-01-02 17:26:00+00:00,11.6,2016-01-03 05:50:00+00:00,0.0,,,2.9,,0.3,242.5,1440,618,126.7791,36.4237
2016-01-04,2.4,-4.5,2016-01-04 14:28:00+00:00,7.8,2016-01-04 04:55:00+00:00,0.0,,,8.2,,1.0,36.7,1438,618,126.7791,36.4237
2016-01-05,-2.8,-7.0,2016-01-05 14:45:00+00:00,1.2,2016-01-05 05:30:00+00:00,0.0,,,8.2,,1.1,50.8,1437,618,126.7791,36.4237
2016-01-06,-1.5,-7.9,2016-01-05 16:50:00+00:00,3.7,2016-01-06 05:08:00+00:00,0.0,,,4.4,,0.4,172.0,1440,618,126.7791,36.4237
2016-01-07,-1.3,-5.0,2016-01-06 22:30:00+00:00,2.0,2016-01-07 04:29:00+00:00,0.0,,,5.0,,1.1,183.3,1440,618,126.7791,36.4237
2016-01-08,-1.5,-4.7,2016-01-07 22:47:00+00:00,2.8,2016-01-08 05:14:00+00:00,0.0,,,6.3,,0.7,47.9,1437,618,126.7791,36.4237
2016-01-09,-0.1,-3.7,2016-01-08 22:56:00+00:00,4.9,2016-01-09 04:58:00+00:00,0.0,,,5.6,,0.8,273.5,1440,618,126.7791,36.4237
2016-01-10,-2.0,-5.4,2016-01-10 13:25:00+00:00,3.5,2016-01-10 06:30:00+00:00,0.0,,,4.7,,0.6,53.6,1440,618,126.7791,36.4237
2016-01-11,-4.5,-9.0,2016-01-11 14:58:00+00:00,2.2,2016-01-11 05:37:00+00:00,0.0,,,6.3,,0.8,64.9,1440,618,126.7791,36.4237
2016-01-12,-4.9,-12.0,2016-01-11 22:26:00+00:00,1.6,2016-01-12 04:41:00+00:00,0.0,,,5.4,,0.8,45.1,1392,618,126.7791,36.4237
2016-01-13,-2.1,-5.3,2016-01-12 21:58:00+00:00,0.6,2016-01-13 05:46:00+00:00,0.0,,,6.4,,0.9,267.9,1440,618,126.7791,36.4237
2016-01-14,-3.5,-8.5,2016-01-13 23:02:00+00:00,1.7,2016-01-14 07:08:00+00:00,0.0,,,4.3,,0.7,208.7,1439,618,126.7791,36.4237
2016-01-15,-2.2,-6.5,2016-01-14 17:37:00+00:00,5.1,2016-01-15 05:33:00+00:00,0.0,,,4.1,,0.5,203.0,1440,618,126.7791,36.4237
2016-01-16,-1.7,-7.2,2016-01-15 20:01:00+00:00,5.9,2016-01-16 06:33:00+00:00,0.0,,,3.6,,0.3,197.4,1439,618,126.7791,36.4237
2016-01-17,0.7,-3.6,2016-01-16 15:39:00+00:00,6.5,2016-01-17 05:01:00+00:00,0.0,,,3.0,,0.3,197.4,1440,618,126.7791,36.4237
2016-01-18,-4.1,-7.9,2016-01-18 14:59:00+00:00,1.7,2016-01-17 17:28:00+00:00,1.0,,,11.0,,2.0,273.5,1440,618,126.7791,36.4237
2016-01-19,-9.1,-12.3,2016-01-18 21:50:00+00:00,-7.4,2016-01-19 07:19:00+00:00,0.5,,,8.8,,1.6,259.4,1440,618,126.7791,36.4237
2016-01-20,-10.0,-13.3,2016-01-19 22:37:00+00:00,-5.8,2016-01-20 07:03:00+00:00,0.0,,,5.2,,0.8,64.9,1440,618,126.7791,36.4237
2016-01-21,-8.3,-12.5,2016-01-20 15:11:00+00:00,-2.0,2016-01-21 06:26:00+00:00,0.0,,,6.1,,0.7,256.6,1440,618,126.7791,36.4237
2016-01-22,-7.9,-15.0,2016-01-21 22:14:00+00:00,-2.5,2016-01-22 05:26:00+00:00,0.0,,,7.3,,1.1,59.2,1440,618,126.7791,36.4237
2016-01-23,-9.3,-12.5,2016-01-23 14:54:00+00:00,-5.3,2016-01-22 15:01:00+00:00,1.5,,,9.8,,1.7,62.0,1440,618,126.7791,36.4237
2016-01-24,-13.6,-17.8,2016-01-23 22:31:00+00:00,-10.0,2016-01-24 06:57:00+00:00,0.5,,,5.6,,0.9,59.2,1440,618,126.7791,36.4237
2016-01-25,-10.3,-19.6,2016-01-24 22:19:00+00:00,-4.2,2016-01-25 05:19:00+00:00,0.0,,,4.5,,0.4,53.6,1440,618,126.7791,36.4237
2016-01-26,-3.1,-7.2,2016-01-25 21:08:00+00:00,2.9,2016-01-26 04:40:00+00:00,0.0,,,6.3,,0.5,267.9,1440,618,126.7791,36.4237
2016-01-27,-4.4,-10.6,2016-01-26 22:51:00+00:00,4.4,2016-01-27 04:48:00+00:00,0.0,,,4.9,,0.5,344.0,1440,618,126.7791,36.4237
2016-01-28,-2.2,-9.7,2016-01-27 18:18:00+00:00,2.5,2016-01-28 06:54:00+00:00,0.0,,,3.5,,0.5,59.2,1440,618,126.7791,36.4237
2016-01-29,1.5,-0.4,2016-01-28 19:32:00+00:00,3.8,2016-01-29 04:39:00+00:00,0.0,,,5.3,,1.0,50.8,1438,618,126.7791,36.4237
2016-01-30,-0.8,-5.9,2016-01-29 22:40:00+00:00,6.4,2016-01-30 03:56:00+00:00,0.0,,,5.6,,0.7,81.8,1440,618,126.7791,36.4237
2016-01-31,-4.0,-7.3,2016-01-31 14:57:00+00:00,0.3,2016-01-31 05:56:00+00:00,0.0,,,5.3,,0.8,256.6,1440,618,126.7791,36.4237
2016-02-01,-6.9,-11.3,2016-02-01 14:34:00+00:00,-1.3,2016-02-01 04:24:00+00:00,0.0,,,7.7,,0.9,262.3,1440,618,126.7791,36.4237
2016-02-02,-7.6,-14.0,2016-02-01 22:10:00+00:00,0.6,2016-02-02 06:36:00+00:00,0.0,,,6.1,,0.8,59.2,1438,618,126.7791,36.4237
2016-02-03,-5.3,-13.0,2016-02-02 21:31:00+00:00,4.1,2016-02-03 05:25:00+00:00,0.0,,,5.2,,0.5,332.8,1440,618,126.7791,36.4237
2016-02-04,-3.6,-10.7,2016-02-03 22:01:00+00:00,4.7,2016-02-04 06:34:00+00:00,0.0,,,6.1,,0.7,45.1,1440,618,126.7791,36.4237
2016-02-05,-3.7,-10.5,2016-02-04 22:19:00+00:00,3.8,2016-02-05 04:30:00+00:00,0.0,,,6.0,,0.8,318.7,1440,618,126.7791,36.4237
2016-02-06,-4.4,-10.0,2016-02-06 14:45:00+00:00,1.7,2016-02-06 05:11:00+00:00,0.0,,,6.2,,0.9,217.1,1440,618,126.7791,36.4237
2016-02-07,-5.8,-13.7,2016-02-06 22:21:00+00:00,3.1,2016-02-07 05:16:00+00:00,0.0,,,4.7,,0.6,180.5,1440,618,126.7791,36.4237
2016-02-08,0.7,-9.5,2016-02-07 22:13:00+00:00,7.1,2016-02-08 05:27:00+00:00,0.0,,,9.8,,1.2,174.8,1440,618,126.7791,36.4237
2016-02-09,0.0,-6.1,2016-02-09 14:47:00+00:00,6.2,2016-02-09 04:16:00+00:00,0.0,,,7.4,,1.2,298.9,1440,618,126.7791,36.4237
2016-02-10,-0.6,-8.6,2016-02-09 21:57:00+00:00,11.1,2016-02-10 06:26:00+00:00,0.0,,,4.0,,0.4,135.4,1440,618,126.7791,36.4237
2016-02-11,5.5,-5.6,2016-02-10 18:12:00+00:00,14.3,2016-02-11 06:39:00+00:00,1.0,,,4.8,,0.7,203.0,1439,618,126.7791,36.4237
2016-02-12,10.0,6.5,2016-02-11 15:22:00+00:00,11.8,2016-02-12 04:40:00+00:00,28.5,,,4.9,,0.7,203.0,1381,618,126.7791,36.4237
2016-02-13,11.2,3.4,2016-02-13 14:55:00+00:00,16.2,2016-02-13 05:26:00+00:00,12.0,,,7.5,,0.7,225.6,1440,618,126.7791,36.4237
2016-02-14,-2.1,-5.3,2016-02-14 14:55:00+00:00,3.4,2016-02-13 15:01:00+00:00,0.5,,,9.9,,2.3,256.6,1440,618,126.7791,36.4237
2016-02-15,-4.3,-7.5,2016-02-14 21:15:00+00:00,-0.9,2016-02-15 06:53:00+00:00,0.0,,,8.1,,1.5,270.7,1440,618,126.7791,36.4237
2016-02-16,-1.6,-5.3,2016-02-15 18:19:00+00:00,2.6,2016-02-16 03:25:00+00:00,2.0,,,9.9,,1.1,234.1,1439,618,126.7791,36.4237
2016-02-17,-2.0,-8.2,2016-02-16 22:13:00+00:00,5.6,2016-02-17 04:45:00+00:00,0.0,,,6.0,,0.7,0.0,1440,618,126.7791,36.4237
2016-02-18,2.6,-5.9,2016-02-17 18:24:00+00:00,8.4,2016-02-18 05:06:00+00:00,0.0,,,7.4,,1.2,172.0,1436,618,126.7791,36.4237
2016-02-19,0.4,-4.3,2016-02-18 22:22:00+00:00,5.7,2016-02-18 15:01:00+00:00,0.0,,,5.2,,0.6,248.2,1440,618,126.7791,36.4237
2016-02-20,0.3,-4.4,2016-02-19 22:14:00+00:00,6.8,2016-02-20 05:01:00+00:00,0.0,,,9.2,,1.2,265.1,1440,618,126.7791,36.4237
2016-02-21,-2.4,-8.1,2016-02-20 21:03:00+00:00,4.6,2016-02-21 05:23:00+00:00,0.0,,,6.0,,0.8,76.1,1440,618,126.7791,36.4237
2016-02-22,0.6,-4.5,2016-02-21 22:19:00+00:00,5.5,2016-02-22 07:25:00+00:00,0.0,,,2.7,,0.4,160.7,1439,618,126.7791,36.4237
2016-02-23,0.8,-5.5,2016-02-23 14:31:00+00:00,6.5,2016-02-23 04:11:00+00:00,0.0,,,8.3,,1.2,265.1,1440,618,126.7791,36.4237
2016-02-24,-4.1,-9.6,2016-02-23 22:29:00+00:00,1.7,2016-02-24 03:48:00+00:00,0.0,,,7.2,,1.0,262.3,1440,618,126.7791,36.4237
2016-02-25,-1.7,-9.2,2016-02-24 21:35:00+00:00,4.8,2016-02-25 04:26:00+00:00,0.0,,,8.0,,0.9,200.2,1440,618,126.7791,36.4237
2016-02-26,1.3,-1.0,2016-02-25 18:08:00+00:00,4.6,2016-02-26 06:54:00+00:00,2.5,,,7.3,,0.7,239.7,1440,618,126.7791,36.4237
2016-02-27,3.6,-0.2,2016-02-26 22:58:00+00:00,9.7,2016-02-27 05:03:00+00:00,1.0,,,7.1,,0.9,53.6,1440,618,126.7791,36.4237
2016-02-28,-0.5,-4.9,2016-02-28 13:05:00+00:00,3.5,2016-02-28 01:56:00+00:00,15.0,,,6.1,,0.6,47.9,1440,618,126.7791,36.4237
2016-02-29,-3.7,-7.8,2016-02-29 14:38:00+00:00,-1.4,2016-02-29 04:48:00+00:00,0.0,,,9.7,,1.2,217.1,1440,618,126.7791,36.4237
2016-03-01,-4.9,-12.1,2016-02-29 22:05:00+00:00,2.0,2016-03-01 05:30:00+00:00,0.0,,,5.2,,0.7,242.5,1440,618,126.7791,36.4237
2016-03-02,0.8,-6.9,2016-03-01 16:38:00+00:00,8.7,2016-03-02 04:48:00+00:00,0.0,,,5.5,,0.9,239.7,1439,618,126.7791,36.4237
2016-03-03,4.4,-2.4,2016-03-02 19:44:00+00:00,14.2,2016-03-03 06:53:00+00:00,0.0,,,5.0,,0.6,98.7,1440,618,126.7791,36.4237
2016-03-04,8.3,0.9,2016-03-03 15:12:00+00:00,12.2,2016-03-04 04:08:00+00:00,2.0,,,3.1,,0.4,256.6,1440,618,126.7791,36.4237
2016-03-05,12.2,9.1,2016-03-04 19:02:00+00:00,17.4,2016-03-05 04:28:00+00:00,20.0,,,10.9,,1.4,301.7,1440,618,126.7791,36.4237
2016-03-06,6.9,1.0,2016-03-06 14:57:00+00:00,12.2,2016-03-06 05:53:00+00:00,0.0,,,8.6,,1.2,45.1,1440,618,126.7791,36.4237
2016-03-07,5.6,-1.1,2016-03-06 20:11:00+00:00,15.9,2016-03-07 04:01:00+00:00,0.0,,,4.6,,0.5,174.8,1440,618,126.7791,36.4237
2016-03-08,3.2,-0.4,2016-03-08 14:59:00+00:00,6.0,2016-03-08 03:57:00+00:00,0.0,,,6.6,,1.5,47.9,1440,618,126.7791,36.4237
2016-03-09,0.4,-2.0,2016-03-08 21:25:00+00:00,5.6,2016-03-09 05:42:00+00:00,0.0,,,8.6,,2.1,39.5,1440,618,126.7791,36.4237
2016-03-10,-1.2,-5.7,2016-03-09 15:00:00+00:00,3.5,2016-03-10 03:22:00+00:00,0.0,,,11.3,,1.6,53.6,1440,618,126.7791,36.4237
2016-03-11,-2.0,-8.1,2016-03-10 21:51:00+00:00,4.8,2016-03-11 05:32:00+00:00,0.0,,,8.1,,1.0,45.1,1440,618,126.7791,36.4237
2016-03-12,-0.6,-8.9,2016-03-11 21:11:00+00:00,8.0,2016-03-12 04:51:00+00:00,0.0,,,6.1,,0.8,346.9,1440,618,126.7791,36.4237
2016-03-13,1.9,-2.8,2016-03-13 14:57:00+00:00,8.3,2016-03-13 06:41:00+00:00,0.0,,,4.5,,0.8,45.1,1440,618,126.7791,36.4237
2016-03-14,1.4,-4.6,2016-03-14 14:47:00+00:00,9.1,2016-03-14 05:49:00+00:00,0.0,,,6.2,,0.8,50.8,1440,618,126.7791,36.4237
2016-03-15,2.4,-7.5,2016-03-14 21:24:00+00:00,12.5,2016-03-15 05:30:00+00:00,0.0,,,7.6,,0.8,62.0,1440,618,126.7791,36.4237
2016-03-16,5.2,-2.7,2016-03-16 14:51:00+00:00,14.9,2016-03-16 04:44:00+00:00,0.0,,,6.1,,0.8,290.5,1440,618,126.7791,36.4237
2016-03-17,7.1,-4.8,2016-03-16 20:09:00+00:00,18.4,2016-03-17 06:12:00+00:00,0.0,,,4.8,,0.5,270.7,1440,618,126.7791,36.4237
2016-03-18,9.2,3.7,2016-03-18 14:51:00+00:00,15.6,2016-03-18 07:38:00+00:00,4.0,,,4.7,,0.5,50.8,1440,618,126.7791,36.4237
2016-03-19,6.8,-0.6,2016-03-18 21:49:00+00:00,16.7,2016-03-19 05:11:00+00:00,0.0,,,6.2,,0.8,76.1,1440,618,126.7791,36.4237
2016-03-20,5.3,-2.0,2016-03-19 18:49:00+00:00,15.3,2016-03-20 04:51:00+00:00,0.0,,,5.1,,0.7,225.6,1440,618,126.7791,36.4237
2016-03-21,4.9,-3.2,2016-03-20 21:39:00+00:00,15.8,2016-03-21 05:03:00+00:00,0.0,,,5.5,,0.7,346.9,1439,618,126.7791,36.4237
2016-03-22,5.1,-4.4,2016-03-21 21:39:00+00:00,15.4,2016-03-22 05:35:00+00:00,0.0,,,5.6,,0.7,304.6,1440,618,126.7791,36.4237
2016-03-23,5.5,-0.9,2016-03-23 14:51:00+00:00,13.0,2016-03-23 03:59:00+00:00,0.0,,,7.9,,1.2,318.7,1440,618,126.7791,36.4237
2016-03-24,3.8,-3.3,2016-03-23 21:49:00+00:00,12.1,2016-03-24 05:19:00+00:00,0.0,,,9.1,,1.2,76.1,1440,618,126.7791,36.4237
2016-03-25,2.7,-4.9,2016-03-24 21:26:00+00:00,11.8,2016-03-25 03:11:00+00:00,0.0,,,6.5,,0.9,220.0,1440,618,126.7791,36.4237
2016-03-26,2.1,-5.9,2016-03-25 21:23:00+00:00,10.7,2016-03-26 05:13:00+00:00,0.0,,,6.8,,0.7,307.4,1440,618,126.7791,36.4237
2016-03-27,3.0,-5.5,2016-03-26 21:23:00+00:00,13.0,2016-03-27 03:36:00+00:00,0.0,,,7.3,,0.8,200.2,1440,618,126.7791,36.4237
2016-03-28,6.1,-5.6,2016-03-27 20:41:00+00:00,17.0,2016-03-28 05:02:00+00:00,0.0,,,6.3,,0.8,73.3,1436,618,126.7791,36.4237
2016-03-29,10.3,3.0,2016-03-28 15:07:00+00:00,17.0,2016-03-29 04:25:00+00:00,0.0,,,11.8,,1.7,186.1,1440,618,126.7791,36.4237
2016-03-30,9.2,2.3,2016-03-30 14:49:00+00:00,20.1,2016-03-30 04:36:00+00:00,0.0,,,5.5,,0.7,327.1,1440,618,126.7791,36.4237
2016-03-31,9.8,-1.3,2016-03-30 21:20:00+00:00,21.9,2016-03-31 05:51:00+00:00,0.0,,,5.9,,0.6,50.8,1440,618,126.7791,36.4237
2016-04-01,10.3,-1.0,2016-03-31 20:56:00+00:00,23.8,2016-04-01 04:15:00+00:00,0.0,,,6.5,,0.6,234.1,1439,618,126.7791,36.4237
2016-04-02,11.9,0.0,2016-04-01 21:17:00+00:00,22.5,2016-04-02 04:05:00+00:00,0.0,,,6.4,,0.8,265.1,1440,618,126.7791,36.4237
2016-04-03,10.1,5.0,2016-04-02 21:16:00+00:00,13.6,2016-04-03 05:06:00+00:00,0.0,,,6.8,,1.2,36.7,1440,618,126.7791,36.4237
2016-04-04,11.3,2.3,2016-04-03 15:00:00+00:00,19.4,2016-04-04 05:19:00+00:00,0.0,,,6.8,,1.3,84.6,1440,618,126.7791,36.4237
2016-04-05,8.0,-2.7,2016-04-04 21:10:00+00:00,18.6,2016-04-05 04:37:00+00:00,0.0,,,6.0,,0.8,194.6,1440,618,126.7791,36.4237
2016-04-06,11.0,-0.6,2016-04-05 21:21:00+00:00,23.0,2016-04-06 04:49:00+00:00,5.5,,,5.6,,0.9,45.1,1440,618,126.7791,36.4237
2016-04-07,11.7,6.9,2016-04-07 14:09:00+00:00,18.4,2016-04-07 06:50:00+00:00,14.0,,,7.4,,1.2,62.0,1440,618,126.7791,36.4237
2016-04-08,11.3,6.1,2016-04-08 14:53:00+00:00,21.1,2016-04-08 04:22:00+00:00,0.0,,,6.3,,0.8,287.6,1439,618,126.7791,36.4237
2016-04-09,12.0,5.8,2016-04-08 15:32:00+00:00,22.3,2016-04-09 04:49:00+00:00,0.0,,,6.0,,0.7,242.5,1440,618,126.7791,36.4237
2016-04-10,12.4,6.3,2016-04-09 21:05:00+00:00,23.2,2016-04-10 04:34:00+00:00,0.0,,,7.3,,0.8,279.2,1440,618,126.7791,36.4237
2016-04-11,10.5,1.8,2016-04-10 19:48:00+00:00,20.0,2016-04-11 07:09:00+00:00,0.0,,,5.2,,0.7,8.5,1440,618,126.7791,36.4237
2016-04-12,12.9,6.6,2016-04-11 16:15:00+00:00,21.4,2016-04-12 06:28:00+00:00,0.0,,,5.6,,0.9,208.7,1440,618,126.7791,36.4237
2016-04-13,14.1,9.8,2016-04-12 16:11:00+00:00,21.3,2016-04-13 07:47:00+00:00,24.0,,,5.2,,0.6,211.5,1440,618,126.7791,36.4237
2016-04-14,11.9,6.1,2016-04-14 14:50:00+00:00,18.1,2016-04-14 07:58:00+00:00,0.0,,,6.9,,1.0,59.2,1440,618,126.7791,36.4237
2016-04-15,12.3,3.4,2016-04-14 22:05:00+00:00,23.4,2016-04-15 06:05:00+00:00,0.0,,,6.1,,0.8,186.1,1440,618,126.7791,36.4237
2016-04-16,12.9,3.8,2016-04-15 20:43:00+00:00,19.5,2016-04-16 03:54:00+00:00,53.0,,,9.9,,1.3,200.2,1440,618,126.7791,36.4237
2016-04-17,10.0,6.7,2016-04-17 14:27:00+00:00,15.2,2016-04-16 15:01:00+00:00,13.0,,,17.9,,1.9,307.4,1440,618,126.7791,36.4237
2016-04-18,11.0,4.6,2016-04-17 20:39:00+00:00,17.7,2016-04-18 03:29:00+00:00,1.0,,,9.2,,1.4,236.9,1439,618,126.7791,36.4237
2016-04-19,10.2,4.1,2016-04-18 19:27:00+00:00,18.4,2016-04-19 05:52:00+00:00,0.0,,,5.4,,1.0,59.2,1440,618,126.7791,36.4237
2016-04-20,10.9,2.8,2016-04-19 19:39:00+00:00,16.8,2016-04-20 05:36:00+00:00,2.5,,,4.5,,0.6,67.7,1440,618,126.7791,36.4237
2016-04-21,13.3,10.0,2016-04-20 15:53:00+00:00,17.5,2016-04-21 06:53:00+00:00,35.0,,,5.0,,0.9,47.9,1440,618,126.7791,36.4237
2016-04-22,14.7,10.7,2016-04-21 16:05:00+00:00,24.5,2016-04-22 04:39:00+00:00,0.0,,,7.5,,1.2,157.9,1440,618,126.7791,36.4237
2016-04-23,12.0,5.0,2016-04-23 14:57:00+00:00,21.5,2016-04-23 05:37:00+00:00,0.0,,,5.0,,0.7,59.2,1440,618,126.7791,36.4237
2016-04-24,12.1,1.9,2016-04-23 20:12:00+00:00,23.0,2016-04-24 05:57:00+00:00,0.0,,,5.1,,0.7,33.8,1439,618,126.7791,36.4237
2016-04-25,14.6,4.0,2016-04-24 20:47:00+00:00,25.4,2016-04-25 06:22:00+00:00,0.0,,,6.2,,0.8,59.2,1440,618,126.7791,36.4237
2016-04-26,17.1,4.8,2016-04-25 20:26:00+00:00,28.6,2016-04-26 05:50:00+00:00,0.0,,,4.5,,0.6,47.9,1440,618,126.7791,36.4237
2016-04-27,13.2,11.0,2016-04-27 14:34:00+00:00,15.9,2016-04-27 01:10:00+00:00,9.5,,,8.4,,1.3,81.8,1440,618,126.7791,36.4237
2016-04-28,12.6,6.1,2016-04-27 15:00:00+00:00,20.7,2016-04-28 05:09:00+00:00,0.0,,,5.0,,0.7,234.1,1440,618,126.7791,36.4237
2016-04-29,12.7,5.9,2016-04-28 15:19:00+00:00,21.4,2016-04-29 04:15:00+00:00,0.0,,,5.7,,1.1,236.9,1440,618,126.7791,36.4237
2016-04-30,15.4,5.0,2016-04-29 19:45:00+00:00,23.9,2016-04-30 03:42:00+00:00,0.0,,,7.0,,1.3,279.2,1439,618,126.7791,36.4237
2016-05-01,17.9,9.3,2016-04-30 19:42:00+00:00,26.4,2016-05-01 05:19:00+00:00,0.0,,,8.3,,1.5,177.7,1440,618,126.7791,36.4237
2016-05-02,18.3,10.2,2016-05-01 20:46:00+00:00,27.3,2016-05-02 04:36:00+00:00,18.0,,,7.9,,1.3,180.5,1440,618,126.7791,36.4237
2016-05-03,13.5,10.1,2016-05-03 10:09:00+00:00,18.2,2016-05-02 23:27:00+00:00,51.0,,,11.9,,2.4,197.4,1439,618,126.7791,36.4237
2016-05-04,15.1,7.2,2016-05-04 14:59:00+00:00,21.5,2016-05-04 05:47:00+00:00,0.0,,,10.5,,1.9,273.5,1440,618,126.7791,36.4237
2016-05-05,17.5,4.2,2016-05-04 19:57:00+00:00,26.6,2016-05-05 05:30:00+00:00,0.0,,,9.2,,1.2,152.3,1440,618,126.7791,36.4237
2016-05-06,16.7,9.1,2016-05-06 14:59:00+00:00,22.8,2016-05-06 04:29:00+00:00,0.0,,,7.1,,1.2,284.8,1440,618,126.7791,36.4237
2016-05-07,13.5,5.9,2016-05-06 20:32:00+00:00,22.9,2016-05-07 04:27:00+00:00,0.0,,,7.2,,0.9,234.1,1440,618,126.7791,36.4237
2016-05-08,15.6,4.9,2016-05-07 19:43:00+00:00,26.2,2016-05-08 06:10:00+00:00,0.0,,,5.3,,0.8,315.8,1440,618,126.7791,36.4237
2016-05-09,17.6,8.5,2016-05-08 20:29:00+00:00,25.8,2016-05-09 05:39:00+00:00,0.0,,,6.3,,0.9,321.5,1440,618,126.7791,36.4237
2016-05-10,12.8,10.4,2016-05-10 13:17:00+00:00,16.2,2016-05-09 15:15:00+00:00,20.0,,,5.5,,1.2,59.2,1440,618,126.7791,36.4237
2016-05-11,14.3,9.0,2016-05-10 19:35:00+00:00,22.2,2016-05-11 04:34:00+00:00,0.5,,,7.9,,0.8,47.9,1440,618,126.7791,36.4237
2016-05-12,16.6,8.6,2016-05-11 20:14:00+00:00,24.2,2016-05-12 04:06:00+00:00,0.0,,,7.3,,1.0,180.5,1416,618,126.7791,36.4237
2016-05-13,15.3,10.5,2016-05-13 14:23:00+00:00,22.3,2016-05-13 06:49:00+00:00,0.0,,,6.6,,1.1,62.0,1439,618,126.7791,36.4237
2016-05-14,16.6,8.9,2016-05-13 19:35:00+00:00,25.3,2016-05-14 06:34:00+00:00,0.0,,,6.3,,0.8,115.6,1440,618,126.7791,36.4237
2016-05-15,16.7,10.6,2016-05-14 18:52:00+00:00,24.3,2016-05-15 03:36:00+00:00,38.0,,,8.0,,1.4,231.2,1440,618,126.7791,36.4237
2016-05-16,13.5,7.2,2016-05-16 14:43:00+00:00,21.0,2016-05-16 05:19:00+00:00,4.5,,,6.8,,1.1,220.0,1440,618,126.7791,36.4237
2016-05-17,16.0,5.9,2016-05-16 20:12:00+00:00,26.8,2016-05-17 04:53:00+00:00,0.0,,,5.2,,0.7,50.8,1440,618,126.7791,36.4237
2016-05-18,18.5,9.3,2016-05-17 18:40:00+00:00,28.8,2016-05-18 05:19:00+00:00,0.0,,,5.8,,0.7,25.4,1440,618,126.7791,36.4237
2016-05-19,19.1,9.2,2016-05-18 20:41:00+00:00,30.7,2016-05-19 05:22:00+00:00,0.0,,,6.1,,0.7,112.8,1440,618,126.7791,36.4237
2016-05-20,19.3,9.9,2016-05-19 20:03:00+00:00,29.7,2016-05-20 05:02:00+00:00,0.0,,,8.3,,0.7,76.1,1434,618,126.7791,36.4237
2016-05-21,19.6,11.2,2016-05-20 20:24:00+00:00,28.4,2016-05-21 05:01:00+00:00,0.0,,,6.4,,0.8,79.0,1440,618,126.7791,36.4237
2016-05-22,18.8,8.2,2016-05-21 20:17:00+00:00,29.5,2016-05-22 07:12:00+00:00,0.0,,,6.8,,0.7,203.0,1440,618,126.7791,36.4237
2016-05-23,20.2,9.8,2016-05-22 19:56:00+00:00,28.4,2016-05-23 05:28:00+00:00,0.0,,,4.9,,0.6,104.3,1440,618,126.7791,36.4237
2016-05-24,16.2,10.6,2016-05-24 14:59:00+00:00,20.8,2016-05-23 15:42:00+00:00,20.5,,,5.1,,0.8,344.0,1440,618,126.7791,36.4237
2016-05-25,17.0,9.8,2016-05-24 16:48:00+00:00,25.0,2016-05-25 05:06:00+00:00,0.0,,,4.7,,0.8,228.4,1440,618,126.7791,36.4237
2016-05-26,18.4,12.4,2016-05-25 19:29:00+00:00,24.8,2016-05-26 06:04:00+00:00,0.0,,,5.0,,0.7,307.4,1440,618,126.7791,36.4237
2016-05-27,19.7,13.7,2016-05-26 21:00:00+00:00,28.1,2016-05-27 04:52:00+00:00,0.0,,,4.9,,0.6,39.5,1440,618,126.7791,36.4237
2016-05-28,18.6,12.8,2016-05-28 14:34:00+00:00,26.5,2016-05-28 05:39:00+00:00,0.0,,,5.0,,0.7,67.7,1440,618,126.7791,36.4237
2016-05-29,18.0,12.1,2016-05-28 16:06:00+00:00,25.9,2016-05-29 06:26:00+00:00,0.0,,,5.0,,0.7,39.5,1440,618,126.7791,36.4237
2016-05-30,18.7,10.4,2016-05-29 20:06:00+00:00,27.9,2016-05-30 05:03:00+00:00,0.0,,,5.2,,0.8,76.1,1440,618,126.7791,36.4237
2016-05-31,19.1,11.7,2016-05-30 20:30:00+00:00,27.1,2016-05-31 06:45:00+00:00,0.0,,,4.5,,0.6,324.3,1440,618,126.7791,36.4237
2016-06-01,20.2,14.8,2016-05-31 20:19:00+00:00,27.5,2016-06-01 04:58:00+00:00,0.0,,,5.2,,0.8,115.6,1439,618,126.7791,36.4237
2016-06-02,19.7,13.0,2016-06-01 19:11:00+00:00,27.0,2016-06-02 05:10:00+00:00,0.0,,,4.8,,0.8,124.1,1440,618,126.7791,36.4237
2016-06-03,19.8,11.3,2016-06-02 19:33:00+00:00,27.4,2016-06-03 05:24:00+00:00,0.0,,,3.8,,0.7,315.8,1440,618,126.7791,36.4237
2016-06-04,17.3,14.8,2016-06-04 14:29:00+00:00,20.0,2016-06-04 07:13:00+00:00,1.0,,,3.2,,0.5,45.1,1440,618,126.7791,36.4237
2016-06-05,21.1,11.6,2016-06-04 20:09:00+00:00,29.9,2016-06-05 07:00:00+00:00,0.0,,,7.4,,1.2,73.3,1440,618,126.7791,36.4237
2016-06-06,19.5,14.5,2016-06-05 20:31:00+00:00,24.5,2016-06-06 03:37:00+00:00,0.0,,,4.1,,0.6,73.3,1440,618,126.7791,36.4237
2016-06-07,20.5,15.9,2016-06-07 14:30:00+00:00,26.4,2016-06-07 06:42:00+00:00,0.0,,,5.4,,0.9,67.7,1439,618,126.7791,36.4237
2016-06-08,19.7,15.7,2016-06-08 14:41:00+00:00,26.2,2016-06-08 06:30:00+00:00,0.0,,,4.1,,0.8,62.0,1440,618,126.7791,36.4237
2016-06-09,21.4,14.5,2016-06-08 20:14:00+00:00,29.7,2016-06-09 06:10:00+00:00,0.0,,,4.7,,0.8,273.5,1438,618,126.7791,36.4237
2016-06-10,21.9,15.6,2016-06-09 20:25:00+00:00,28.7,2016-06-10 05:17:00+00:00,0.0,,,5.0,,0.7,28.2,1440,618,126.7791,36.4237
2016-06-11,23.0,17.6,2016-06-10 20:00:00+00:00,28.2,2016-06-11 04:00:00+00:00,0.0,,,5.1,,0.8,163.6,1439,618,126.7791,36.4237
2016-06-12,22.6,19.8,2016-06-12 12:16:00+00:00,26.1,2016-06-12 07:18:00+00:00,2.5,,,4.0,,0.5,290.5,1440,618,126.7791,36.4237
2016-06-13,21.4,16.5,2016-06-12 15:00:00+00:00,28.0,2016-06-13 05:56:00+00:00,0.0,,,5.8,,0.9,56.4,1440,618,126.7791,36.4237
2016-06-14,21.0,15.9,2016-06-13 17:07:00+00:00,28.8,2016-06-14 05:42:00+00:00,0.0,,,5.1,,0.8,188.9,1440,618,126.7791,36.4237
2016-06-15,20.2,17.5,2016-06-14 19:19:00+00:00,24.6,2016-06-15 04:18:00+00:00,8.0,,,8.8,,0.9,211.5,1440,618,126.7791,36.4237
2016-06-16,19.6,16.7,2016-06-16 12:57:00+00:00,25.2,2016-06-16 05:30:00+00:00,0.0,,,6.5,,0.8,290.5,1440,618,126.7791,36.4237
2016-06-17,20.5,12.9,2016-06-16 20:22:00+00:00,29.5,2016-06-17 05:18:00+00:00,0.0,,,5.7,,0.8,220.0,1439,618,126.7791,36.4237
2016-06-18,21.3,13.5,2016-06-17 20:03:00+00:00,29.9,2016-06-18 06:03:00+00:00,0.0,,,5.5,,0.8,186.1,1440,618,126.7791,36.4237
2016-06-19,22.6,17.2,2016-06-19 14:59:00+00:00,28.9,2016-06-19 05:08:00+00:00,0.0,,,5.0,,0.7,287.6,1440,618,126.7791,36.4237
2016-06-20,22.2,16.3,2016-06-19 16:19:00+00:00,29.0,2016-06-20 04:54:00+00:00,0.0,,,4.3,,0.8,107.2,1439,618,126.7791,36.4237
2016-06-21,23.7,18.1,2016-06-20 19:36:00+00:00,31.6,2016-06-21 05:17:00+00:00,0.0,,,3.7,,0.6,104.3,1440,618,126.7791,36.4237
2016-06-22,23.7,18.9,2016-06-21 18:42:00+00:00,30.5,2016-06-22 05:32:00+00:00,0.0,,,5.3,,0.7,262.3,1440,618,126.7791,36.4237
2016-06-23,23.2,18.7,2016-06-22 20:51:00+00:00,29.4,2016-06-23 04:25:00+00:00,0.0,,,6.1,,0.8,234.1,1440,618,126.7791,36.4237
2016-06-24,20.9,17.2,2016-06-24 14:54:00+00:00,25.5,2016-06-24 07:07:00+00:00,44.0,,,6.4,,0.9,298.9,1440,618,126.7791,36.4237
2016-06-25,21.8,16.5,2016-06-24 20:37:00+00:00,26.5,2016-06-25 02:49:00+00:00,0.0,,,8.3,,1.3,194.6,1440,618,126.7791,36.4237
2016-06-26,21.4,14.5,2016-06-25 20:04:00+00:00,29.0,2016-06-26 04:00:00+00:00,0.0,,,5.9,,0.7,36.7,1414,618,126.7791,36.4237
2016-06-27,21.2,13.8,2016-06-26 20:11:00+00:00,28.4,2016-06-27 02:20:00+00:00,0.0,,,5.3,,0.5,324.3,1440,618,126.7791,36.4237
2016-06-28,22.2,14.8,2016-06-27 20:15:00+00:00,30.0,2016-06-28 05:27:00+00:00,0.0,,,3.5,,0.6,270.7,1440,618,126.7791,36.4237
2016-06-29,22.0,17.2,2016-06-28 18:59:00+00:00,26.7,2016-06-29 08:09:00+00:00,0.0,,,4.1,,0.5,208.7,1439,618,126.7791,36.4237
2016-06-30,24.3,20.7,2016-06-29 15:03:00+00:00,28.7,2016-06-30 04:37:00+00:00,3.5,,,5.1,,0.7,180.5,1440,618,126.7791,36.4237
2016-07-01,24.1,22.5,2016-06-30 19:46:00+00:00,26.6,2016-07-01 02:27:00+00:00,63.5,,,10.0,,1.2,245.3,1440,618,126.7791,36.4237
2016-07-02,23.2,20.3,2016-07-02 14:31:00+00:00,28.3,2016-07-02 06:19:00+00:00,1.5,,,4.7,,0.7,225.6,1440,618,126.7791,36.4237
2016-07-03,21.6,19.7,2016-07-03 14:46:00+00:00,24.2,2016-07-03 01:22:00+00:00,2.5,,,2.6,,0.5,67.7,1440,618,126.7791,36.4237
2016-07-04,22.5,19.7,2016-07-03 15:01:00+00:00,26.0,2016-07-04 03:59:00+00:00,111.0,,,5.1,,0.6,304.6,1440,618,126.7791,36.4237
2016-07-05,25.1,22.7,2016-07-05 14:36:00+00:00,29.0,2016-07-05 06:12:00+00:00,62.0,,,8.1,,1.4,174.8,1440,618,126.7791,36.4237
2016-07-06,23.2,21.0,2016-07-05 22:22:00+00:00,28.4,2016-07-06 06:58:00+00:00,12.5,,,3.6,,0.5,115.6,1438,618,126.7791,36.4237
2016-07-07,24.5,21.5,2016-07-06 21:16:00+00:00,28.8,2016-07-07 04:03:00+00:00,0.0,,,3.4,,0.6,344.0,1439,618,126.7791,36.4237
2016-07-08,25.7,21.0,2016-07-07 20:13:00+00:00,32.5,2016-07-08 04:42:00+00:00,0.0,,,4.9,,0.7,50.8,1440,618,126.7791,36.4237
2016-07-09,25.1,19.3,2016-07-08 20:19:00+00:00,32.8,2016-07-09 04:30:00+00:00,0.0,,,5.2,,0.6,47.9,1440,618,126.7791,36.4237
2016-07-10,24.7,19.0,2016-07-09 20:27:00+00:00,31.2,2016-07-10 03:59:00+00:00,0.0,,,4.2,,0.5,112.8,1440,618,126.7791,36.4237
2016-07-11,25.5,21.2,2016-07-10 16:44:00+00:00,32.6,2016-07-11 05:09:00+00:00,7.5,,,6.3,,0.5,36.7,1440,618,126.7791,36.4237
2016-07-12,23.9,20.8,2016-07-12 14:46:00+00:00,29.1,2016-07-12 02:43:00+00:00,0.5,,,3.5,,0.5,310.2,1438,618,126.7791,36.4237
2016-07-13,24.3,19.7,2016-07-12 19:44:00+00:00,29.8,2016-07-13 06:39:00+00:00,0.0,,,4.4,,0.7,56.4,1440,618,126.7791,36.4237
2016-07-14,24.9,20.2,2016-07-13 15:49:00+00:00,30.2,2016-07-14 05:42:00+00:00,0.0,,,5.6,,0.7,59.2,1440,618,126.7791,36.4237
2016-07-15,24.7,20.5,2016-07-14 17:15:00+00:00,28.6,2016-07-15 04:15:00+00:00,6.5,,,4.7,,0.7,67.7,1440,618,126.7791,36.4237
2016-07-16,21.4,19.9,2016-07-15 19:12:00+00:00,24.3,2016-07-16 05:44:00+00:00,32.0,,,6.3,,1.0,174.8,1440,618,126.7791,36.4237
2016-07-17,21.3,19.6,2016-07-17 14:45:00+00:00,23.6,2016-07-17 04:27:00+00:00,1.0,,,4.4,,0.7,265.1,1440,618,126.7791,36.4237
2016-07-18,22.5,17.2,2016-07-17 20:46:00+00:00,28.4,2016-07-18 06:46:00+00:00,0.0,,,3.6,,0.7,79.0,1440,618,126.7791,36.4237
2016-07-19,24.7,17.9,2016-07-18 20:57:00+00:00,32.0,2016-07-19 06:28:00+00:00,0.0,,,4.2,,0.6,95.9,1440,618,126.7791,36.4237
2016-07-20,26.2,21.0,2016-07-19 19:51:00+00:00,32.2,2016-07-20 05:01:00+00:00,0.0,,,4.5,,0.7,180.5,1440,618,126.7791,36.4237
2016-07-21,26.1,20.9,2016-07-20 20:33:00+00:00,31.3,2016-07-21 06:52:00+00:00,0.0,,,4.1,,0.7,166.4,1425,618,126.7791,36.4237
2016-07-22,27.1,21.1,2016-07-21 20:16:00+00:00,33.2,2016-07-22 05:47:00+00:00,0.0,,,5.2,,0.6,79.0,1439,618,126.7791,36.4237
2016-07-23,27.1,22.0,2016-07-22 20:51:00+00:00,32.6,2016-07-23 04:21:00+00:00,0.0,,,4.9,,0.8,220.0,1440,618,126.7791,36.4237
2016-07-24,26.8,23.1,2016-07-23 18:33:00+00:00,33.0,2016-07-24 04:29:00+00:00,0.0,,,5.8,,0.7,191.8,1440,618,126.7791,36.4237
2016-07-25,26.5,22.1,2016-07-25 14:55:00+00:00,31.8,2016-07-25 06:38:00+00:00,0.0,,,3.5,,0.5,304.6,1440,618,126.7791,36.4237
2016-07-26,26.3,20.6,2016-07-25 19:18:00+00:00,32.7,2016-07-26 06:11:00+00:00,0.0,,,4.7,,0.7,160.7,1439,618,126.7791,36.4237
2016-07-27,27.0,22.1,2016-07-26 15:25:00+00:00,30.0,2016-07-27 08:18:00+00:00,3.0,,,7.0,,0.8,183.3,1430,618,126.7791,36.4237
2016-07-28,26.5,20.9,2016-07-28 14:53:00+00:00,31.5,2016-07-28 07:05:00+00:00,4.0,,,5.0,,0.7,259.4,1440,618,126.7791,36.4237
2016-07-29,25.6,20.8,2016-07-28 16:03:00+00:00,30.8,2016-07-29 02:16:00+00:00,18.0,,,7.0,,0.5,47.9,1439,618,126.7791,36.4237
2016-07-30,27.5,23.5,2016-07-29 17:15:00+00:00,32.9,2016-07-30 06:41:00+00:00,4.0,,,3.9,,0.5,121.3,1439,618,126.7791,36.4237
2016-07-31,27.2,23.1,2016-07-31 14:55:00+00:00,33.5,2016-07-31 05:50:00+00:00,0.0,,,3.9,,0.6,301.7,1440,618,126.7791,36.4237
2016-08-01,26.4,22.4,2016-07-31 17:13:00+00:00,31.8,2016-08-01 03:52:00+00:00,0.0,,,5.0,,0.5,53.6,1440,618,126.7791,36.4237
2016-08-02,26.1,22.6,2016-08-02 13:40:00+00:00,31.1,2016-08-02 06:41:00+00:00,0.0,,,3.2,,0.4,143.8,1440,618,126.7791,36.4237
2016-08-03,25.7,21.1,2016-08-02 20:41:00+00:00,32.5,2016-08-03 04:54:00+00:00,0.0,,,4.5,,0.5,67.7,1422,618,126.7791,36.4237
2016-08-04,27.6,22.4,2016-08-03 17:50:00+00:00,34.2,2016-08-04 06:43:00+00:00,0.0,,,4.7,,0.5,64.9,1440,618,126.7791,36.4237
2016-08-05,28.1,23.5,2016-08-04 17:09:00+00:00,34.4,2016-08-05 04:37:00+00:00,0.0,,,3.7,,0.5,214.3,1439,618,126.7791,36.4237
2016-08-06,27.7,23.2,2016-08-05 18:12:00+00:00,33.6,2016-08-06 04:21:00+00:00,0.0,,,5.6,,0.6,191.8,1440,618,126.7791,36.4237
2016-08-07,26.9,22.3,2016-08-06 20:25:00+00:00,33.4,2016-08-07 04:03:00+00:00,0.0,,,6.5,,0.7,64.9,1440,618,126.7791,36.4237
2016-08-08,27.1,21.5,2016-08-07 19:05:00+00:00,34.1,2016-08-08 04:55:00+00:00,0.0,,,4.8,,0.7,76.1,1440,618,126.7791,36.4237
2016-08-09,27.3,21.8,2016-08-08 20:36:00+00:00,33.3,2016-08-09 06:03:00+00:00,0.0,,,4.8,,0.6,169.2,1439,618,126.7791,36.4237
2016-08-10,27.2,22.3,2016-08-09 20:36:00+00:00,34.0,2016-08-10 04:06:00+00:00,0.0,,,4.4,,0.6,31.0,1440,618,126.7791,36.4237
2016-08-11,27.3,20.8,2016-08-10 20:30:00+00:00,35.1,2016-08-11 06:10:00+00:00,0.0,,,5.5,,0.6,33.8,1438,618,126.7791,36.4237
2016-08-12,27.5,21.1,2016-08-11 20:39:00+00:00,35.1,2016-08-12 06:18:00+00:00,0.0,,,5.3,,0.8,19.7,1440,618,126.7791,36.4237
2016-08-13,27.4,21.7,2016-08-12 19:44:00+00:00,34.3,2016-08-13 05:20:00+00:00,0.0,,,4.8,,0.7,282.0,1440,618,126.7791,36.4237
2016-08-14,27.7,23.3,2016-08-13 19:03:00+00:00,34.2,2016-08-14 03:45:00+00:00,0.0,,,5.1,,0.7,64.9,1440,618,126.7791,36.4237
2016-08-15,27.2,23.2,2016-08-14 21:04:00+00:00,34.1,2016-08-15 03:51:00+00:00,0.0,,,5.7,,0.7,53.6,1440,618,126.7791,36.4237
2016-08-16,26.6,21.2,2016-08-15 20:54:00+00:00,34.0,2016-08-16 06:11:00+00:00,0.0,,,4.9,,0.7,267.9,1440,618,126.7791,36.4237
2016-08-17,26.0,20.1,2016-08-16 20:32:00+00:00,34.0,2016-08-17 05:45:00+00:00,0.0,,,4.5,,0.6,279.2,1440,618,126.7791,36.4237
2016-08-18,26.8,21.2,2016-08-17 19:21:00+00:00,33.4,2016-08-18 05:51:00+00:00,0.0,,,3.5,,0.5,98.7,1439,618,126.7791,36.4237
2016-08-19,27.0,22.5,2016-08-18 19:13:00+00:00,33.4,2016-08-19 04:36:00+00:00,0.0,,,3.6,,0.5,67.7,1440,618,126.7791,36.4237
2016-08-20,27.8,23.4,2016-08-19 20:01:00+00:00,34.9,2016-08-20 05:25:00+00:00,0.0,,,5.5,,0.5,313.0,1440,618,126.7791,36.4237
2016-08-21,26.7,23.0,2016-08-20 16:51:00+00:00,33.1,2016-08-21 04:31:00+00:00,0.0,,,4.1,,0.4,64.9,1440,618,126.7791,36.4237
2016-08-22,26.8,20.0,2016-08-21 20:22:00+00:00,34.6,2016-08-22 03:40:00+00:00,0.0,,,4.2,,0.6,45.1,1440,618,126.7791,36.4237
2016-08-23,26.4,21.6,2016-08-22 19:27:00+00:00,32.1,2016-08-23 05:45:00+00:00,0.0,,,5.1,,0.6,324.3,1439,618,126.7791,36.4237
2016-08-24,26.5,22.1,2016-08-23 17:27:00+00:00,33.6,2016-08-24 04:33:00+00:00,0.0,,,5.0,,0.6,76.1,1440,618,126.7791,36.4237
2016-08-25,26.7,19.9,2016-08-24 20:23:00+00:00,33.9,2016-08-25 04:40:00+00:00,0.0,,,5.8,,0.7,279.2,1440,618,126.7791,36.4237
2016-08-26,21.0,16.4,2016-08-26 14:48:00+00:00,25.1,2016-08-25 15:03:00+00:00,3.5,,,7.4,,1.2,121.3,1440,618,126.7791,36.4237
2016-08-27,20.8,15.4,2016-08-26 18:05:00+00:00,26.9,2016-08-27 04:29:00+00:00,1.0,,,6.0,,1.1,64.9,1440,618,126.7791,36.4237
2016-08-28,19.1,16.1,2016-08-27 20:06:00+00:00,25.6,2016-08-28 05:47:00+00:00,1.5,,,6.8,,1.6,33.8,1440,618,126.7791,36.4237
2016-08-29,19.8,13.0,2016-08-28 21:18:00+00:00,27.1,2016-08-29 04:49:00+00:00,0.0,,,8.9,,1.4,53.6,1440,618,126.7791,36.4237
2016-08-30,19.9,15.1,2016-08-29 19:06:00+00:00,24.1,2016-08-30 05:00:00+00:00,0.5,,,11.4,,1.6,293.3,1440,618,126.7791,36.4237
2016-08-31,21.2,16.7,2016-08-30 19:09:00+00:00,24.2,2016-08-31 14:53:00+00:00,13.0,,,11.8,,2.0,222.8,1439,618,126.7791,36.4237
2016-09-01,25.2,21.1,2016-09-01 12:49:00+00:00,30.4,2016-09-01 05:00:00+00:00,1.0,,,9.5,,1.3,315.8,1440,618,126.7791,36.4237
2016-09-02,22.7,19.6,2016-09-02 12:40:00+00:00,27.3,2016-09-02 04:04:00+00:00,0.0,,,6.3,,1.0,121.3,1440,618,126.7791,36.4237
2016-09-03,23.0,18.1,2016-09-02 20:14:00+00:00,29.9,2016-09-03 06:34:00+00:00,0.0,,,3.9,,0.5,98.7,1440,618,126.7791,36.4237
2016-09-04,24.5,18.1,2016-09-03 18:27:00+00:00,31.5,2016-09-04 03:20:00+00:00,0.0,,,5.3,,0.8,31.0,1440,618,126.7791,36.4237
2016-09-05,24.3,19.4,2016-09-05 14:35:00+00:00,30.8,2016-09-05 04:05:00+00:00,0.0,,,5.3,,0.6,64.9,1440,618,126.7791,36.4237
2016-09-06,21.3,17.7,2016-09-05 22:01:00+00:00,27.4,2016-09-06 04:02:00+00:00,0.0,,,3.1,,0.4,270.7,1440,618,126.7791,36.4237
2016-09-07,21.5,17.9,2016-09-06 16:56:00+00:00,28.3,2016-09-07 04:13:00+00:00,0.0,,,4.0,,0.4,282.0,1440,618,126.7791,36.4237
2016-09-08,21.4,16.6,2016-09-07 20:57:00+00:00,29.0,2016-09-08 04:35:00+00:00,0.0,,,5.1,,0.6,234.1,1440,618,126.7791,36.4237
2016-09-09,21.2,16.2,2016-09-09 14:56:00+00:00,29.2,2016-09-09 05:22:00+00:00,0.5,,,5.4,,0.6,42.3,1440,618,126.7791,36.4237
2016-09-10,21.0,15.1,2016-09-09 20:22:00+00:00,29.1,2016-09-10 05:55:00+00:00,0.0,,,4.8,,0.4,53.6,1440,618,126.7791,36.4237
2016-09-11,21.2,15.3,2016-09-10 20:59:00+00:00,28.3,2016-09-11 03:28:00+00:00,0.0,,,4.6,,0.5,121.3,1440,618,126.7791,36.4237
2016-09-12,21.1,18.7,2016-09-11 18:05:00+00:00,27.9,2016-09-12 03:40:00+00:00,12.0,,,5.1,,0.5,53.6,1440,618,126.7791,36.4237
2016-09-13,21.7,15.3,2016-09-12 21:29:00+00:00,29.5,2016-09-13 05:07:00+00:00,0.0,,,4.0,,0.4,56.4,1440,618,126.7791,36.4237
2016-09-14,21.6,16.6,2016-09-14 14:37:00+00:00,28.5,2016-09-14 05:31:00+00:00,0.0,,,4.8,,0.5,279.2,1440,618,126.7791,36.4237
2016-09-15,21.0,14.6,2016-09-14 21:54:00+00:00,29.3,2016-09-15 04:43:00+00:00,0.0,,,4.0,,0.4,56.4,1440,618,126.7791,36.4237
2016-09-16,20.6,17.3,2016-09-15 20:54:00+00:00,24.9,2016-09-16 03:26:00+00:00,13.5,,,3.3,,0.4,56.4,1440,618,126.7791,36.4237
2016-09-17,20.0,19.0,2016-09-16 22:22:00+00:00,20.8,2016-09-17 05:32:00+00:00,43.0,,,8.1,,1.2,56.4,1440,618,126.7791,36.4237
2016-09-18,19.1,16.4,2016-09-18 12:15:00+00:00,21.9,2016-09-18 05:22:00+00:00,1.5,,,7.9,,1.4,67.7,1440,618,126.7791,36.4237
2016-09-19,19.0,13.8,2016-09-18 21:27:00+00:00,25.0,2016-09-19 03:35:00+00:00,0.0,,,8.9,,1.5,87.4,1440,618,126.7791,36.4237
2016-09-20,16.3,9.7,2016-09-19 21:40:00+00:00,24.1,2016-09-20 05:06:00+00:00,0.0,,,6.4,,0.9,79.0,1440,618,126.7791,36.4237
2016-09-21,16.1,8.9,2016-09-20 20:51:00+00:00,23.3,2016-09-21 06:10:00+00:00,0.0,,,4.8,,0.5,56.4,1439,618,126.7791,36.4237
2016-09-22,17.7,13.2,2016-09-21 15:00:00+00:00,25.2,2016-09-22 04:12:00+00:00,0.0,,,3.6,,0.4,270.7,1439,618,126.7791,36.4237
2016-09-23,17.4,10.7,2016-09-22 21:21:00+00:00,25.9,2016-09-23 04:28:00+00:00,0.0,,,3.6,,0.4,301.7,1426,618,126.7791,36.4237
2016-09-24,18.1,11.8,2016-09-23 21:27:00+00:00,27.1,2016-09-24 04:37:00+00:00,0.0,,,3.4,,0.4,293.3,1440,618,126.7791,36.4237
2016-09-25,18.5,13.4,2016-09-24 19:55:00+00:00,26.3,2016-09-25 06:58:00+00:00,0.0,,,3.6,,0.3,64.9,1440,618,126.7791,36.4237
2016-09-26,20.5,15.5,2016-09-25 18:38:00+00:00,27.6,2016-09-26 06:42:00+00:00,0.0,,,3.5,,0.3,166.4,1440,618,126.7791,36.4237
2016-09-27,20.8,18.1,2016-09-27 13:32:00+00:00,23.9,2016-09-27 04:15:00+00:00,12.0,,,7.1,,0.9,45.1,1440,618,126.7791,36.4237
2016-09-28,20.9,17.0,2016-09-27 21:05:00+00:00,26.0,2016-09-28 04:24:00+00:00,0.0,,,5.6,,1.2,56.4,1440,618,126.7791,36.4237
2016-09-29,19.4,15.8,2016-09-29 14:53:00+00:00,23.0,2016-09-29 04:35:00+00:00,0.0,,,4.7,,0.7,67.7,1439,618,126.7791,36.4237
2016-09-30,16.8,14.2,2016-09-30 13:53:00+00:00,19.3,2016-09-30 05:22:00+00:00,0.5,,,2.5,,0.3,200.2,1440,618,126.7791,36.4237
2016-10-01,17.7,14.1,2016-09-30 18:41:00+00:00,22.8,2016-10-01 05:02:00+00:00,0.0,,,3.0,,0.3,157.9,1440,618,126.7791,36.4237
2016-10-02,19.3,16.4,2016-10-01 19:45:00+00:00,22.3,2016-10-02 14:55:00+00:00,22.0,,,3.9,,0.5,259.4,1440,618,126.7791,36.4237
2016-10-03,22.3,15.8,2016-10-03 14:41:00+00:00,27.8,2016-10-03 04:51:00+00:00,7.0,,,6.1,,0.8,279.2,1440,618,126.7791,36.4237
2016-10-04,20.2,12.4,2016-10-03 20:58:00+00:00,28.7,2016-10-04 05:49:00+00:00,0.0,,,6.1,,0.9,79.0,1438,618,126.7791,36.4237
2016-10-05,18.4,15.4,2016-10-05 13:02:00+00:00,24.9,2016-10-05 05:48:00+00:00,6.0,,,5.9,,1.0,67.7,1440,618,126.7791,36.4237
2016-10-06,16.3,9.8,2016-10-06 14:37:00+00:00,23.4,2016-10-06 05:29:00+00:00,0.0,,,6.1,,1.0,76.1,1440,618,126.7791,36.4237
2016-10-07,16.1,9.5,2016-10-06 19:20:00+00:00,23.2,2016-10-07 02:40:00+00:00,30.0,,,4.0,,0.5,64.9,1439,618,126.7791,36.4237
2016-10-08,16.4,13.6,2016-10-08 14:58:00+00:00,22.1,2016-10-08 05:07:00+00:00,16.5,,,6.2,,1.1,282.0,1440,618,126.7791,36.4237
2016-10-09,10.4,5.7,2016-10-09 13:24:00+00:00,15.9,2016-10-09 05:47:00+00:00,0.0,,,8.1,,1.6,64.9,1440,618,126.7791,36.4237
2016-10-10,9.6,4.4,2016-10-09 21:44:00+00:00,16.4,2016-10-10 04:24:00+00:00,0.0,,,4.7,,0.7,31.0,1440,618,126.7791,36.4237
2016-10-11,11.5,5.8,2016-10-10 17:39:00+00:00,20.0,2016-10-11 05:59:00+00:00,0.0,,,4.5,,0.4,64.9,1438,618,126.7791,36.4237
2016-10-12,11.8,6.9,2016-10-12 14:59:00+00:00,20.4,2016-10-12 05:09:00+00:00,0.0,,,6.1,,0.7,45.1,1439,618,126.7791,36.4237
2016-10-13,10.9,6.5,2016-10-12 20:41:00+00:00,20.0,2016-10-13 04:44:00+00:00,0.0,,,2.9,,0.3,64.9,1440,618,126.7791,36.4237
2016-10-14,12.4,4.5,2016-10-13 21:23:00+00:00,23.1,2016-10-14 05:05:00+00:00,0.0,,,4.5,,0.4,67.7,1406,618,126.7791,36.4237
2016-10-15,14.4,6.7,2016-10-14 20:49:00+00:00,24.9,2016-10-15 04:19:00+00:00,0.0,,,5.9,,0.6,45.1,1440,618,126.7791,36.4237
2016-10-16,15.0,12.2,2016-10-15 17:00:00+00:00,19.1,2016-10-16 03:25:00+00:00,17.0,,,2.9,,0.3,214.3,1440,618,126.7791,36.4237
2016-10-17,15.9,10.1,2016-10-16 15:00:00+00:00,22.5,2016-10-17 04:00:00+00:00,1.0,,,5.6,,0.8,64.9,1440,618,126.7791,36.4237
2016-10-18,13.8,9.3,2016-10-17 21:33:00+00:00,22.1,2016-10-18 05:50:00+00:00,0.0,,,2.6,,0.3,45.1,1440,618,126.7791,36.4237
2016-10-19,14.6,9.9,2016-10-18 21:15:00+00:00,23.8,2016-10-19 04:14:00+00:00,0.0,,,3.6,,0.3,214.3,1440,618,126.7791,36.4237
2016-10-20,14.9,8.2,2016-10-19 22:06:00+00:00,23.2,2016-10-20 05:07:00+00:00,0.0,,,4.9,,0.5,346.9,1440,618,126.7791,36.4237
2016-10-21,15.7,13.7,2016-10-20 21:49:00+00:00,18.4,2016-10-21 04:54:00+00:00,0.0,,,3.7,,0.5,79.0,1440,618,126.7791,36.4237
2016-10-22,15.8,11.5,2016-10-21 21:29:00+00:00,21.4,2016-10-22 04:13:00+00:00,0.0,,,3.9,,0.6,64.9,1440,618,126.7791,36.4237
2016-10-23,14.0,10.5,2016-10-23 14:59:00+00:00,17.9,2016-10-23 03:39:00+00:00,3.0,,,7.6,,1.5,67.7,1440,618,126.7791,36.4237
2016-10-24,13.3,6.6,2016-10-23 21:53:00+00:00,18.0,2016-10-24 03:42:00+00:00,0.0,,,4.1,,0.5,177.7,1440,618,126.7791,36.4237
2016-10-25,13.2,8.9,2016-10-25 12:43:00+00:00,19.7,2016-10-25 03:21:00+00:00,25.5,,,8.5,,0.9,267.9,1440,618,126.7791,36.4237
2016-10-26,11.5,7.3,2016-10-25 21:08:00+00:00,17.1,2016-10-26 01:53:00+00:00,0.0,,,3.1,,0.4,45.1,1440,618,126.7791,36.4237
2016-10-27,12.2,7.0,2016-10-26 16:29:00+00:00,17.5,2016-10-27 06:33:00+00:00,0.0,,,2.8,,0.3,169.2,1439,618,126.7791,36.4237
2016-10-28,12.7,10.4,2016-10-28 10:53:00+00:00,15.6,2016-10-28 06:10:00+00:00,7.5,,,5.4,,0.5,33.8,1440,618,126.7791,36.4237
2016-10-29,7.2,2.3,2016-10-29 14:13:00+00:00,12.2,2016-10-29 03:40:00+00:00,0.0,,,6.0,,1.1,45.1,1440,618,126.7791,36.4237
2016-10-30,4.1,-2.4,2016-10-29 21:47:00+00:00,13.4,2016-10-30 05:42:00+00:00,0.0,,,5.0,,0.6,53.6,1440,618,126.7791,36.4237
2016-10-31,6.5,1.5,2016-10-30 15:01:00+00:00,9.6,2016-10-31 01:56:00+00:00,0.0,,,6.5,,0.9,290.5,1439,618,126.7791,36.4237
2016-11-01,1.4,-3.6,2016-11-01 14:57:00+00:00,7.7,2016-11-01 04:55:00+00:00,0.0,,,7.4,,1.1,42.3,1440,618,126.7791,36.4237
2016-11-02,2.1,-5.7,2016-11-01 21:31:00+00:00,11.1,2016-11-02 05:11:00+00:00,0.0,,,4.9,,0.5,56.4,1440,618,126.7791,36.4237
2016-11-03,5.2,0.0,2016-11-03 14:59:00+00:00,15.1,2016-11-03 04:20:00+00:00,0.0,,,5.0,,0.4,304.6,1439,618,126.7791,36.4237
2016-11-04,8.7,-0.8,2016-11-03 18:22:00+00:00,17.8,2016-11-04 05:02:00+00:00,0.0,,,5.8,,0.5,166.4,1439,618,126.7791,36.4237
2016-11-05,12.4,7.4,2016-11-04 15:45:00+00:00,19.0,2016-11-05 05:16:00+00:00,0.0,,,5.1,,0.6,267.9,1440,618,126.7791,36.4237
2016-11-06,12.5,8.4,2016-11-05 15:12:00+00:00,18.6,2016-11-06 05:42:00+00:00,0.0,,,5.4,,0.7,56.4,1440,618,126.7791,36.4237
2016-11-07,12.3,6.8,2016-11-06 22:42:00+00:00,17.3,2016-11-07 02:39:00+00:00,4.5,,,6.8,,0.7,225.6,1440,618,126.7791,36.4237
2016-11-08,5.7,0.4,2016-11-08 11:13:00+00:00,9.1,2016-11-08 04:01:00+00:00,1.5,,,7.0,,1.5,256.6,1438,618,126.7791,36.4237
2016-11-09,0.9,-3.6,2016-11-08 22:28:00+00:00,7.6,2016-11-09 05:33:00+00:00,0.0,,,6.4,,1.2,53.6,1440,618,126.7791,36.4237
2016-11-10,4.1,-1.2,2016-11-09 15:07:00+00:00,9.6,2016-11-10 02:44:00+00:00,3.5,,,2.9,,0.3,267.9,1434,618,126.7791,36.4237
2016-11-11,6.9,0.9,2016-11-10 15:00:00+00:00,14.4,2016-11-11 03:59:00+00:00,5.0,,,4.6,,0.5,259.4,1440,618,126.7791,36.4237
2016-11-12,7.5,-0.7,2016-11-11 22:06:00+00:00,18.4,2016-11-12 04:36:00+00:00,0.0,,,6.8,,0.5,245.3,1440,618,126.7791,36.4237
2016-11-13,11.5,5.2,2016-11-12 19:02:00+00:00,18.7,2016-11-13 04:45:00+00:00,0.0,,,4.4,,0.4,200.2,1440,618,126.7791,36.4237
2016-11-14,13.9,7.2,2016-11-13 22:26:00+00:00,22.4,2016-11-14 04:11:00+00:00,0.0,,,4.5,,0.5,8.5,1440,618,126.7791,36.4237
2016-11-15,5.1,-2.3,2016-11-15 14:47:00+00:00,12.9,2016-11-14 15:02:00+00:00,0.0,,,7.2,,1.3,45.1,1440,618,126.7791,36.4237
2016-11-16,2.1,-4.5,2016-11-15 21:35:00+00:00,11.5,2016-11-16 05:18:00+00:00,0.0,,,5.1,,0.5,11.3,1423,618,126.7791,36.4237
2016-11-17,4.5,-2.2,2016-11-16 21:49:00+00:00,15.1,2016-11-17 05:27:00+00:00,0.0,,,4.1,,0.4,56.4,1440,618,126.7791,36.4237
2016-11-18,6.7,-1.7,2016-11-17 20:20:00+00:00,14.6,2016-11-18 02:50:00+00:00,10.0,,,2.7,,0.2,180.5,1440,618,126.7791,36.4237
2016-11-19,12.2,9.2,2016-11-18 15:01:00+00:00,15.0,2016-11-19 05:54:00+00:00,1.5,,,2.9,,0.2,282.0,1440,618,126.7791,36.4237
2016-11-20,8.5,1.4,2016-11-20 14:06:00+00:00,15.1,2016-11-20 04:35:00+00:00,0.0,,,8.4,,1.1,67.7,1440,618,126.7791,36.4237
2016-11-21,6.5,1.1,2016-11-20 15:40:00+00:00,11.7,2016-11-21 06:41:00+00:00,0.0,,,3.7,,0.2,53.6,1440,618,126.7791,36.4237
2016-11-22,3.8,-0.1,2016-11-22 09:44:00+00:00,8.6,2016-11-21 16:13:00+00:00,0.0,,,7.1,,1.5,270.7,1440,618,126.7791,36.4237
2016-11-23,-0.1,-4.5,2016-11-22 22:05:00+00:00,4.3,2016-11-23 05:09:00+00:00,0.0,,,6.6,,1.4,53.6,1440,618,126.7791,36.4237
2016-11-24,-2.2,-6.9,2016-11-23 22:02:00+00:00,4.0,2016-11-24 04:18:00+00:00,0.0,,,7.4,,0.9,53.6,1440,618,126.7791,36.4237
2016-11-25,-0.6,-6.6,2016-11-24 15:33:00+00:00,7.0,2016-11-25 05:24:00+00:00,0.0,,,5.7,,0.6,45.1,1440,618,126.7791,36.4237
2016-11-26,-1.1,-6.5,2016-11-25 20:38:00+00:00,3.7,2016-11-26 04:01:00+00:00,0.5,,,3.6,,0.3,169.2,1439,618,126.7791,36.4237
2016-11-27,2.9,-1.4,2016-11-26 19:32:00+00:00,9.7,2016-11-27 06:18:00+00:00,0.0,,,5.8,,0.4,101.5,1440,618,126.7791,36.4237
2016-11-28,1.2,-5.0,2016-11-28 14:39:00+00:00,7.8,2016-11-28 05:09:00+00:00,0.0,,,6.0,,0.8,290.5,1440,618,126.7791,36.4237
2016-11-29,-1.0,-7.4,2016-11-28 20:55:00+00:00,7.9,2016-11-29 04:29:00+00:00,0.0,,,6.4,,0.7,53.6,1440,618,126.7791,36.4237
2016-11-30,4.0,-4.2,2016-11-29 15:03:00+00:00,11.5,2016-11-30 04:11:00+00:00,2.5,,,4.3,,0.3,279.2,1440,618,126.7791,36.4237
2016-12-01,4.4,-1.5,2016-12-01 13:30:00+00:00,9.8,2016-12-01 02:43:00+00:00,0.0,,,11.4,,1.1,259.4,1440,618,126.7791,36.4237
2016-12-02,-1.1,-7.8,2016-12-01 21:57:00+00:00,7.9,2016-12-02 05:23:00+00:00,0.0,,,5.6,,0.6,45.1,1440,618,126.7791,36.4237
2016-12-03,0.0,-7.2,2016-12-02 22:03:00+00:00,10.1,2016-12-03 05:10:00+00:00,0.0,,,4.8,,0.4,67.7,1440,618,126.7791,36.4237
2016-12-04,2.7,-2.9,2016-12-03 15:10:00+00:00,9.2,2016-12-04 06:37:00+00:00,0.0,,,3.6,,0.3,110.0,1440,618,126.7791,36.4237
2016-12-05,7.7,2.7,2016-12-04 15:34:00+00:00,13.4,2016-12-05 02:34:00+00:00,0.0,,,7.5,,1.3,259.4,1438,618,126.7791,36.4237
2016-12-06,-1.4,-8.0,2016-12-06 14:55:00+00:00,4.6,2016-12-06 05:56:00+00:00,0.0,,,6.3,,1.0,245.3,1416,618,126.7791,36.4237
2016-12-07,1.8,-8.4,2016-12-06 15:45:00+00:00,9.9,2016-12-07 06:05:00+00:00,0.0,,,6.1,,0.8,270.7,1439,618,126.7791,36.4237
2016-12-08,1.9,-5.8,2016-12-07 22:19:00+00:00,9.5,2016-12-08 04:15:00+00:00,3.0,,,5.7,,0.5,338.4,1431,618,126.7791,36.4237
2016-12-09,2.8,-5.0,2016-12-09 14:25:00+00:00,7.4,2016-12-08 17:37:00+00:00,1.0,,,6.8,,1.3,279.2,1438,618,126.7791,36.4237
2016-12-10,-2.9,-8.1,2016-12-09 22:38:00+00:00,4.9,2016-12-10 05:20:00+00:00,0.0,,,5.0,,0.8,11.3,1439,618,126.7791,36.4237
2016-12-11,-3.8,-10.3,2016-12-10 22:19:00+00:00,6.0,2016-12-11 05:49:00+00:00,0.0,,,5.6,,0.4,33.8,1440,618,126.7791,36.4237
2016-12-12,1.8,-7.4,2016-12-11 15:31:00+00:00,11.3,2016-12-12 05:32:00+00:00,0.0,,,4.1,,0.4,67.7,1440,618,126.7791,36.4237
2016-12-13,1.1,-4.0,2016-12-12 21:44:00+00:00,7.4,2016-12-13 04:15:00+00:00,0.0,,,4.9,,0.7,64.9,1440,618,126.7791,36.4237
2016-12-14,-1.8,-6.6,2016-12-13 22:27:00+00:00,2.9,2016-12-14 05:41:00+00:00,0.0,,,4.3,,0.5,64.9,1440,618,126.7791,36.4237
2016-12-15,-3.0,-6.8,2016-12-15 13:47:00+00:00,1.6,2016-12-15 04:07:00+00:00,0.0,,,8.9,,1.1,290.5,1440,618,126.7791,36.4237
2016-12-16,-4.1,-11.6,2016-12-15 22:14:00+00:00,1.8,2016-12-16 05:31:00+00:00,0.0,,,5.8,,0.6,279.2,1440,618,126.7791,36.4237
2016-12-17,1.5,-3.7,2016-12-16 20:07:00+00:00,10.2,2016-12-17 04:24:00+00:00,0.0,,,6.3,,0.5,293.3,1440,618,126.7791,36.4237
2016-12-18,2.8,-3.6,2016-12-17 18:30:00+00:00,8.0,2016-12-18 05:24:00+00:00,0.0,,,3.4,,0.3,132.5,1440,618,126.7791,36.4237
2016-12-19,6.0,1.7,2016-12-19 13:50:00+00:00,12.8,2016-12-19 05:54:00+00:00,1.0,,,3.0,,0.2,155.1,1343,618,126.7791,36.4237
2016-12-20,3.4,-1.2,2016-12-20 13:26:00+00:00,11.2,2016-12-20 04:43:00+00:00,0.0,,,5.7,,0.4,53.6,1439,618,126.7791,36.4237
2016-12-21,6.6,-2.1,2016-12-20 21:15:00+00:00,13.2,2016-12-21 05:29:00+00:00,44.5,,,4.6,,0.5,267.9,1440,618,126.7791,36.4237
2016-12-22,6.2,2.7,2016-12-22 14:48:00+00:00,15.9,2016-12-21 16:00:00+00:00,20.5,,,9.8,,1.8,211.5,1440,618,126.7791,36.4237
2016-12-23,-0.5,-2.0,2016-12-23 14:57:00+00:00,2.7,2016-12-22 15:01:00+00:00,6.0,,,9.7,,1.7,301.7,1440,618,126.7791,36.4237
2016-12-24,-2.5,-5.7,2016-12-24 14:59:00+00:00,0.3,2016-12-24 03:24:00+00:00,0.0,,,4.3,,0.7,53.6,1440,618,126.7791,36.4237
2016-12-25,-1.3,-8.4,2016-12-24 22:27:00+00:00,6.4,2016-12-25 06:23:00+00:00,0.0,,,2.2,,0.3,191.8,1440,618,126.7791,36.4237
2016-12-26,1.3,-0.1,2016-12-25 15:01:00+00:00,2.5,2016-12-26 01:53:00+00:00,6.5,,,4.2,,0.6,67.7,1440,618,126.7791,36.4237
2016-12-27,-0.9,-7.1,2016-12-26 15:00:00+00:00,2.1,2016-12-27 03:11:00+00:00,0.0,,,9.0,,1.6,56.4,1440,618,126.7791,36.4237
2016-12-28,-4.9,-11.4,2016-12-27 22:28:00+00:00,2.3,2016-12-28 05:07:00+00:00,0.0,,,4.8,,0.6,67.7,1440,618,126.7791,36.4237
2016-12-29,-4.1,-9.1,2016-12-29 14:55:00+00:00,-0.1,2016-12-29 05:39:00+00:00,1.0,,,7.1,,1.0,256.6,1440,618,126.7791,36.4237
2016-12-30,-4.4,-11.4,2016-12-29 21:21:00+00:00,3.6,2016-12-30 05:16:00+00:00,0.0,,,4.8,,0.4,64.9,1440,618,126.7791,36.4237
2016-12-31,0.2,-5.1,2016-12-30 15:01:00+00:00,5.2,2016-12-31 04:19:00+00:00,0.0,,,3.2,,0.5,87.4,1440,618,126.7791,36.4237
