dt,ta,tn,tn_at,tx,tx_at,rn,rx_1hr,rx_1hr_at,wx,wx_at,wa,wd_wx,nmin,code,x,y
2000-02-28,1.6,,,,,0.0,,,,,,,1068,717,126.1915,34.4
2000-02-28,-5.3,-12.5,2000-02-28 14:52:00+00:00,0.6,2000-02-27 15:22:00+00:00,0.0,,,11.8,,2.5,234.4,1421,625,127.8167,36.5172
2000-02-28,-4.2,-9.9,2000-02-28 14:54:00+00:00,1.3,2000-02-27 15:01:00+00:00,0.5,,,9.5,,2.4,245.6,1440,624,127.6588,36.6294
2000-02-28,-2.8,-6.4,2000-02-28 14:37:00+00:00,2.2,2000-02-27 15:01:00+00:00,0.0,,,11.5,,3.5,354.7,1413,628,126.8,36.6778
2000-02-28,,,,,,0.0,,,,,,,17,634,126.8858,36.8664
2000-02-28,-1.3,-2.3,2000-02-28 14:58:00+00:00,3.7,2000-02-27 15:02:00+00:00,0.0,,,15.5,,10.0,8.5,1306,700,125.9682,36.1251
2000-02-28,-2.8,-9.5,2000-02-28 14:58:00+00:00,2.8,2000-02-27 15:01:00+00:00,0.0,,,10.3,,2.4,286.7,1428,701,127.67,36.0
2000-02-28,-0.3,-6.5,2000-02-28 14:10:00+00:00,3.6,2000-02-28 06:13:00+00:00,0.0,,,8.4,,2.1,310.8,1427,702,126.9943,35.9385
2000-02-28,-3.3,-10.6,2000-02-27 15:00:00+00:00,1.8,2000-02-28 06:26:00+00:00,0.5,,,9.1,,2.0,288.5,1423,703,127.3783,35.7702
2000-02-28,-0.2,-1.4,2000-02-28 09:14:00+00:00,3.9,2000-02-27 15:34:00+00:00,0.0,,,13.2,,6.5,4.9,1423,704,126.463,35.6351
2000-02-28,-0.2,-5.8,2000-02-28 14:52:00+00:00,3.3,2000-02-28 05:22:00+00:00,0.0,,,11.9,,2.9,283.5,1412,706,126.9731,35.3114
2000-02-28,-0.1,-2.4,2000-02-28 14:58:00+00:00,4.8,2000-02-27 15:50:00+00:00,0.0,,,14.7,,5.3,302.4,1418,707,126.2076,35.0612
2000-02-28,-0.2,-4.3,2000-02-28 14:49:00+00:00,2.3,2000-02-27 17:30:00+00:00,1.0,,,11.7,,3.8,332.9,1431,708,126.8,35.13
2000-02-28,-0.1,-4.1,2000-02-27 15:31:00+00:00,3.8,2000-02-28 05:19:00+00:00,0.0,,,12.6,,3.2,341.1,1435,709,127.4333,35.1833
2000-02-28,0.5,-4.2,2000-02-28 13:38:00+00:00,3.7,2000-02-27 15:03:00+00:00,2.0,,,11.0,,2.3,293.0,1433,710,126.7167,35.0167
2000-02-28,1.3,-5.1,2000-02-28 14:19:00+00:00,6.1,2000-02-27 17:14:00+00:00,0.0,,,4.0,,1.3,339.4,1426,711,126.9886,34.8879
2000-02-28,2.8,-1.5,2000-02-28 14:10:00+00:00,5.8,2000-02-28 02:08:00+00:00,0.0,,,13.9,,4.1,353.2,1426,712,127.4875,34.9506
2000-02-28,2.9,-1.9,2000-02-27 15:00:00+00:00,6.3,2000-02-28 05:13:00+00:00,0.0,,,13.6,,4.3,316.0,1436,713,127.5829,34.976
2000-02-28,2.1,-0.5,2000-02-28 11:07:00+00:00,7.0,2000-02-27 16:29:00+00:00,0.0,,,16.3,,6.3,24.3,1397,714,126.0474,34.8845
2000-02-28,1.5,-1.2,2000-02-28 13:56:00+00:00,7.1,2000-02-27 17:27:00+00:00,0.0,,,15.3,,8.0,352.4,1427,716,126.0366,34.6069
2000-02-28,1.7,-1.7,2000-02-28 14:11:00+00:00,7.1,2000-02-27 18:05:00+00:00,0.0,,,16.1,,6.1,352.8,1401,718,126.05,34.2833
2000-02-28,-0.6,-1.7,2000-02-28 04:56:00+00:00,3.9,2000-02-27 15:02:00+00:00,0.0,,,17.3,,6.1,314.0,1321,719,126.4,35.82
2000-02-28,2.5,-1.1,2000-02-28 14:29:00+00:00,8.2,2000-02-27 17:44:00+00:00,0.0,,,18.0,,6.3,321.9,1415,720,126.5544,34.1678
2000-02-28,-4.0,-12.0,2000-02-28 14:57:00+00:00,0.2,2000-02-27 15:02:00+00:00,0.0,,,12.1,,3.0,147.4,1427,735,127.7711,35.9037
2000-02-28,-1.4,-7.7,2000-02-28 14:49:00+00:00,4.8,2000-02-27 17:00:00+00:00,0.0,,,13.0,,2.7,351.8,1404,770,126.83,34.93
2000-02-28,0.4,-2.7,2000-02-28 14:52:00+00:00,6.3,2000-02-27 16:56:00+00:00,0.0,,,14.4,,6.6,44.9,1423,771,126.12,34.75
2000-02-28,0.9,-2.6,2000-02-28 14:45:00+00:00,6.5,2000-02-27 17:58:00+00:00,0.0,,,14.2,,4.5,0.0,1418,772,126.3454,34.4858
2000-02-28,0.8,-5.5,2000-02-28 14:52:00+00:00,4.8,2000-02-28 01:22:00+00:00,0.0,,,11.8,,2.4,344.1,1428,773,126.5718,34.6993
2000-02-28,0.2,-3.3,2000-02-27 15:00:00+00:00,4.9,2000-02-27 16:12:00+00:00,0.0,,,13.0,,2.6,354.3,1387,774,126.5,34.93
2000-02-28,-1.1,-6.0,2000-02-28 13:55:00+00:00,4.2,2000-02-27 16:08:00+00:00,0.0,,,14.0,,4.0,345.4,1384,775,126.6346,35.1785
2000-02-28,0.5,-4.0,2000-02-28 14:30:00+00:00,4.2,2000-02-27 18:14:00+00:00,0.0,,,19.9,,6.4,0.7,1418,776,126.5534,34.4602
2000-02-28,1.8,-2.6,2000-02-28 12:31:00+00:00,6.2,2000-02-27 18:29:00+00:00,0.0,,,16.3,,5.6,0.8,1404,777,126.8883,34.4994
2000-02-28,0.2,-4.7,2000-02-28 14:00:00+00:00,3.8,2000-02-28 02:09:00+00:00,0.0,,,18.1,,4.1,326.3,1411,778,126.88,34.78
2000-02-28,4.2,-0.1,2000-02-28 13:25:00+00:00,9.4,2000-02-27 20:05:00+00:00,0.0,,,14.8,,6.4,3.1,1426,779,126.2673,33.4105
2000-02-28,5.5,0.2,2000-02-28 13:47:00+00:00,9.3,2000-02-27 21:34:00+00:00,0.0,,,21.4,,7.0,352.4,1435,780,126.7208,33.28
2000-02-28,4.3,-0.1,2000-02-28 14:01:00+00:00,8.7,2000-02-27 21:13:00+00:00,0.0,,,17.1,,6.0,297.6,1438,781,126.8519,33.5226
2000-02-28,-2.3,-7.0,2000-02-28 14:47:00+00:00,2.6,2000-02-27 16:24:00+00:00,0.0,,,17.4,,5.4,336.0,1413,782,126.6194,33.3845
2000-02-28,-0.4,-4.6,2000-02-28 14:01:00+00:00,2.7,2000-02-28 03:05:00+00:00,0.0,,,10.7,,2.5,19.1,1418,783,126.81,35.19
2000-02-28,0.2,-4.3,2000-02-28 14:29:00+00:00,4.1,2000-02-27 16:30:00+00:00,0.0,,,12.9,,3.9,324.7,1426,784,126.6071,34.8686
2000-02-28,2.2,-2.4,2000-02-28 14:27:00+00:00,7.2,2000-02-27 16:51:00+00:00,0.0,,,21.8,,7.9,305.5,1406,785,126.6761,34.4642
2000-02-28,3.1,-1.6,2000-02-28 14:36:00+00:00,6.6,2000-02-28 03:10:00+00:00,0.0,,,12.4,,3.2,260.7,1427,786,127.72,34.62
2000-02-28,2.1,-2.7,2000-02-28 14:49:00+00:00,6.2,2000-02-27 18:46:00+00:00,0.0,,,18.6,,8.1,272.3,1416,787,127.3306,34.445
2000-02-28,-4.0,-8.9,2000-02-28 13:48:00+00:00,1.1,2000-02-27 16:21:00+00:00,0.5,,,6.0,,0.7,311.6,1413,788,127.0,35.13
2000-02-28,0.7,-2.2,2000-02-28 14:41:00+00:00,6.0,2000-02-27 16:42:00+00:00,0.0,,,18.1,,7.7,33.4,1430,789,126.3167,34.8833
2000-02-28,2.4,-2.7,2000-02-28 14:45:00+00:00,5.9,2000-02-27 18:55:00+00:00,0.0,,,17.7,,5.0,302.7,1429,790,127.4667,34.4833
2000-02-28,-1.3,-7.4,2000-02-28 14:38:00+00:00,2.8,2000-02-27 16:25:00+00:00,0.0,,,13.5,,1.7,87.6,1416,791,127.5833,35.2667
2000-02-28,3.7,-1.3,2000-02-28 14:20:00+00:00,7.7,2000-02-27 20:49:00+00:00,0.0,,,21.0,,3.9,331.3,1440,792,126.7737,33.3506
2000-02-28,5.0,0.5,2000-02-28 13:40:00+00:00,10.1,2000-02-27 20:29:00+00:00,0.0,,,21.0,,8.1,315.2,1433,793,126.25,33.2167
2000-02-28,0.5,-4.5,2000-02-28 14:02:00+00:00,3.7,2000-02-28 05:46:00+00:00,0.5,,,16.0,,2.8,280.2,1440,794,127.4333,35.1
2000-02-28,0.9,-3.9,2000-02-28 14:59:00+00:00,4.5,2000-02-27 17:12:00+00:00,0.0,,,13.7,,2.4,343.5,1440,795,127.3667,34.9833
2000-02-28,3.3,-1.0,2000-02-28 14:40:00+00:00,7.5,2000-02-27 17:40:00+00:00,0.0,,,15.3,,6.9,280.8,1437,796,127.25,34.2333
2000-02-28,1.9,-0.4,2000-02-28 13:57:00+00:00,7.3,2000-02-27 17:03:00+00:00,0.0,,,18.4,,10.9,26.8,1434,797,125.3,34.3833
2000-02-28,2.2,0.1,2000-02-28 13:01:00+00:00,7.2,2000-02-27 15:54:00+00:00,0.0,,,21.8,,13.5,359.5,1439,798,125.1833,34.6667
2000-02-28,0.7,-1.5,2000-02-28 14:11:00+00:00,6.0,2000-02-27 15:15:00+00:00,0.0,,,15.0,,3.8,274.0,1389,799,126.1333,35.2
2000-02-28,0.7,-2.4,2000-02-28 14:00:00+00:00,4.9,2000-02-27 15:06:00+00:00,0.0,,,21.0,,5.6,310.9,1432,800,129.4622,36.6809
2000-02-28,-0.1,-7.7,2000-02-28 14:28:00+00:00,4.9,2000-02-28 05:14:00+00:00,0.0,,,9.7,,3.3,287.6,1378,801,129.07,36.7
2000-02-28,1.2,-2.8,2000-02-28 14:26:00+00:00,4.6,2000-02-28 06:04:00+00:00,0.5,,,13.4,,4.2,74.5,1428,802,128.17,36.42
2000-02-28,-1.2,-9.2,2000-02-28 14:56:00+00:00,3.8,2000-02-27 15:24:00+00:00,0.0,,,11.9,,3.2,301.9,1415,803,129.07,36.42
2000-02-28,-3.6,-10.8,2000-02-28 14:46:00+00:00,1.4,2000-02-28 05:44:00+00:00,0.0,,,11.7,,1.6,260.1,1421,831,129.0697,37.0435
2000-02-28,2.3,-5.2,2000-02-28 14:47:00+00:00,6.7,2000-02-28 06:19:00+00:00,0.0,,,12.8,,3.3,282.2,1436,830,129.2064,36.0706
2000-02-28,-3.9,-7.3,2000-02-28 12:51:00+00:00,0.0,2000-02-27 15:44:00+00:00,0.0,,,12.1,,3.6,282.1,1420,834,127.9519,36.4458
2000-02-28,4.2,-0.4,2000-02-28 14:57:00+00:00,8.8,2000-02-28 05:21:00+00:00,0.0,,,10.6,,3.6,267.0,1432,907,128.07,34.93
2000-02-28,1.4,-4.5,2000-02-28 14:43:00+00:00,6.4,2000-02-28 05:33:00+00:00,0.0,,,12.5,,2.9,59.3,1420,916,127.9667,35.3167
2000-02-28,2.9,-4.1,2000-02-28 14:53:00+00:00,9.4,2000-02-28 02:37:00+00:00,0.0,,,10.6,,2.4,1.3,1427,917,128.08,35.07
2000-02-28,4.8,0.6,2000-02-28 14:51:00+00:00,9.1,2000-02-28 03:59:00+00:00,0.0,,,14.0,,3.7,294.3,1426,940,129.0787,35.1911
2000-02-28,6.2,1.2,2000-02-28 14:54:00+00:00,10.4,2000-02-28 06:14:00+00:00,0.0,,,14.2,,4.8,349.6,1409,947,128.6036,34.7257
2000-02-28,-8.9,-11.6,2000-02-27 22:02:00+00:00,-4.6,2000-02-27 15:02:00+00:00,0.0,,,16.5,,1.5,0.0,1324,116,126.967,37.4433
2000-02-28,-0.4,-5.1,2000-02-28 14:51:00+00:00,4.8,2000-02-28 04:48:00+00:00,0.0,,,18.5,,6.9,263.8,1436,160,129.0,35.1188
2000-02-28,-2.1,-5.0,2000-02-27 22:38:00+00:00,1.7,2000-02-27 15:01:00+00:00,0.0,,,10.2,,2.8,307.4,1419,400,127.0485,37.5094
2000-02-28,-1.8,-4.8,2000-02-27 22:25:00+00:00,1.9,2000-02-28 06:50:00+00:00,0.0,,,10.5,,2.9,280.2,1425,401,127.02,37.48
2000-02-28,-2.3,-5.4,2000-02-27 21:59:00+00:00,1.7,2000-02-27 15:01:00+00:00,0.0,,,8.9,,2.4,291.5,1410,402,127.1484,37.5519
2000-02-28,-2.2,-5.0,2000-02-27 22:26:00+00:00,1.7,2000-02-27 15:01:00+00:00,0.0,,,12.4,,4.0,316.8,1424,403,127.1004,37.5082
2000-02-28,-2.6,-5.2,2000-02-27 22:04:00+00:00,1.1,2000-02-27 15:01:00+00:00,0.0,,,10.2,,2.8,315.2,1426,405,126.8793,37.524
2000-02-28,-2.6,-6.1,2000-02-27 22:09:00+00:00,1.9,2000-02-28 04:21:00+00:00,0.0,,,9.7,,2.1,260.2,1420,406,127.0352,37.6633
2000-02-28,-2.6,-6.4,2000-02-27 21:31:00+00:00,2.6,2000-02-28 04:28:00+00:00,0.0,,,11.6,,3.4,314.0,1424,407,127.0894,37.6194
2000-02-28,-2.2,-5.1,2000-02-27 22:15:00+00:00,1.6,2000-02-27 15:01:00+00:00,0.0,,,10.3,,3.0,269.5,1425,408,127.0501,37.5772
2000-02-28,-2.0,-5.3,2000-02-27 22:45:00+00:00,1.9,2000-02-28 05:33:00+00:00,0.0,,,10.4,,2.1,269.5,1430,409,127.0889,37.5835
2000-02-28,-2.5,-5.2,2000-02-27 22:36:00+00:00,1.4,2000-02-27 15:01:00+00:00,0.0,,,9.0,,2.9,322.8,1438,410,126.9228,37.4935
2000-02-28,-1.6,-4.7,2000-02-27 21:55:00+00:00,2.0,2000-02-27 15:04:00+00:00,0.0,,,10.5,,3.1,246.5,1421,411,126.9342,37.5431
2000-02-28,-3.4,-6.8,2000-02-28 14:58:00+00:00,1.6,2000-02-28 05:06:00+00:00,0.0,,,11.2,,3.4,290.1,1420,412,126.9466,37.5676
2000-02-28,-1.2,-4.4,2000-02-27 22:11:00+00:00,2.7,2000-02-28 06:51:00+00:00,0.0,,,10.4,,2.0,354.2,1432,413,127.0791,37.5379
2000-02-28,-3.3,-6.6,2000-02-27 22:17:00+00:00,1.2,2000-02-28 06:23:00+00:00,0.0,,,14.7,,2.6,221.9,1426,414,126.9993,37.6105
2000-02-28,-3.1,-6.2,2000-02-27 22:54:00+00:00,0.9,2000-02-28 06:21:00+00:00,0.0,,,12.9,,3.8,299.9,1420,416,126.9357,37.6084
2000-02-28,-2.4,-4.9,2000-02-27 22:24:00+00:00,1.7,2000-02-27 15:05:00+00:00,0.0,,,10.4,,3.1,328.4,1420,417,126.88,37.48
2000-02-28,-2.9,-5.6,2000-02-27 22:34:00+00:00,0.9,2000-02-27 15:03:00+00:00,0.0,,,0.5,,0.0,344.0,1410,418,126.9394,37.5213
2000-02-28,-4.3,-7.2,2000-02-27 23:08:00+00:00,-0.4,2000-02-27 15:01:00+00:00,0.0,,,14.0,,4.1,271.3,1419,419,126.9864,37.5535
2000-02-28,-6.0,-10.3,2000-02-27 22:13:00+00:00,0.4,2000-02-28 04:21:00+00:00,0.0,,,9.1,,1.7,42.1,1428,420,126.9565,37.6155
2000-02-28,-2.9,-5.7,2000-02-27 21:34:00+00:00,0.9,2000-02-28 05:52:00+00:00,0.0,,,10.1,,2.9,328.5,1413,500,126.4116,37.6287
2000-02-28,-3.2,-5.0,2000-02-27 21:59:00+00:00,0.5,2000-02-28 06:13:00+00:00,0.0,,,12.5,,3.8,355.2,1427,501,125.7023,37.6644
2000-02-28,-3.7,-7.3,2000-02-27 21:57:00+00:00,0.2,2000-02-28 06:01:00+00:00,0.0,,,11.7,,4.3,351.0,1424,502,126.2829,37.7844
2000-02-28,-3.6,-7.3,2000-02-28 14:27:00+00:00,0.0,2000-02-28 05:55:00+00:00,0.0,,,9.8,,2.7,295.4,1421,503,126.7394,37.8856
2000-02-28,-4.1,-8.0,2000-02-27 15:00:00+00:00,-0.2,2000-02-28 06:38:00+00:00,0.0,,,9.1,,2.5,218.6,1409,505,127.35,37.82
2000-02-28,-2.7,-5.7,2000-02-27 22:06:00+00:00,2.0,2000-02-27 15:01:00+00:00,0.0,,,10.6,,3.2,26.7,1419,544,126.7827,37.4631
2000-02-28,-2.8,-5.8,2000-02-27 22:06:00+00:00,1.1,2000-02-27 15:01:00+00:00,0.0,,,11.7,,4.4,276.9,1435,545,126.8387,37.2804
2000-02-28,-1.6,-5.1,2000-02-28 14:58:00+00:00,2.3,2000-02-27 15:01:00+00:00,0.0,,,8.5,,2.1,242.6,1427,546,127.27,37.4
2000-02-28,-1.9,-5.7,2000-02-28 14:53:00+00:00,1.9,2000-02-27 15:01:00+00:00,0.0,,,11.5,,3.5,273.7,1435,548,127.65,37.3
2000-02-28,-2.7,,,,,0.0,,,,,,,1070,549,127.2,37.25
2000-02-28,-2.2,-4.8,2000-02-27 22:40:00+00:00,1.8,2000-02-27 15:01:00+00:00,0.0,,,10.6,,3.2,340.5,1433,550,127.05,37.1833
2000-02-28,,,,,,0.0,,,,,,,579,551,127.07,37.0
2000-02-28,-2.9,-5.1,2000-02-28 12:02:00+00:00,-0.6,2000-02-28 07:26:00+00:00,0.5,,,9.4,,3.2,359.9,1398,553,128.4271,38.4984
2000-02-28,-8.1,-10.8,2000-02-28 14:57:00+00:00,-3.5,2000-02-28 02:51:00+00:00,5.5,,,0.5,,0.1,1.9,1412,554,128.4371,38.2144
2000-02-28,-4.0,-8.5,2000-02-28 14:58:00+00:00,0.2,2000-02-28 06:09:00+00:00,1.5,,,9.3,,2.1,323.4,1428,555,127.73,38.12
2000-02-28,-4.6,-10.0,2000-02-28 14:44:00+00:00,1.0,2000-02-28 07:05:00+00:00,0.0,,,5.2,,0.8,263.8,1430,556,127.9908,38.1056
2000-02-28,-5.3,-11.2,2000-02-27 15:00:00+00:00,-0.2,2000-02-28 06:26:00+00:00,0.0,,,5.3,,0.9,344.3,1434,557,128.3209,37.9513
2000-02-28,-2.5,-7.8,2000-02-28 14:59:00+00:00,1.6,2000-02-28 07:15:00+00:00,0.0,,,9.3,,1.9,326.4,1423,558,127.7007,37.6861
2000-02-28,-8.3,-17.9,2000-02-28 14:56:00+00:00,-1.8,2000-02-27 15:01:00+00:00,2.5,,,7.6,,1.2,252.7,1429,559,128.3898,37.7739
2000-02-28,-7.3,-13.4,2000-02-28 14:56:00+00:00,-0.5,2000-02-28 07:49:00+00:00,5.0,,,6.2,,0.9,252.1,1408,561,128.1555,37.5816
2000-02-28,-3.4,-9.4,2000-02-28 14:59:00+00:00,1.5,2000-02-27 15:21:00+00:00,2.0,,,9.6,,2.0,319.7,1423,562,128.269,37.2722
2000-02-28,-4.7,-10.5,2000-02-28 14:58:00+00:00,-0.1,2000-02-27 15:28:00+00:00,1.0,,,10.0,,1.6,2.5,1419,563,128.7466,37.2647
2000-02-28,-2.4,-4.9,2000-02-27 22:40:00+00:00,1.5,2000-02-27 15:19:00+00:00,0.0,,,11.8,,3.9,303.7,1421,565,126.785,37.34
2000-02-28,-3.8,-8.7,2000-02-28 14:59:00+00:00,0.2,2000-02-27 17:04:00+00:00,1.5,,,9.1,,1.5,301.1,1419,566,128.7,37.82
2000-02-28,-4.3,-9.1,2000-02-28 14:43:00+00:00,0.9,2000-02-28 06:05:00+00:00,0.0,,,7.0,,1.1,358.9,1420,567,126.913,37.9483
2000-02-28,-4.3,-9.4,2000-02-27 15:00:00+00:00,0.3,2000-02-28 06:43:00+00:00,0.0,,,9.9,,1.9,264.9,1421,568,127.3179,37.9522
2000-02-28,-2.6,-5.5,2000-02-27 22:23:00+00:00,1.2,2000-02-27 15:01:00+00:00,0.0,,,10.3,,3.1,341.1,1418,569,127.1312,37.5994
2000-02-28,-3.7,-7.4,2000-02-27 22:24:00+00:00,0.3,2000-02-28 06:16:00+00:00,0.0,,,9.9,,2.4,0.0,1431,570,126.6472,37.6215
2000-02-28,-2.9,-6.1,2000-02-27 15:00:00+00:00,1.3,2000-02-27 15:01:00+00:00,0.0,,,10.1,,3.0,304.7,1435,571,126.8209,37.1953
2000-02-28,-2.3,-4.9,2000-02-27 22:03:00+00:00,1.7,2000-02-27 15:01:00+00:00,0.0,,,11.3,,3.5,288.3,1427,572,127.1248,37.421
2000-02-28,-3.7,-9.0,2000-02-27 15:00:00+00:00,1.5,2000-02-28 07:06:00+00:00,1.5,,,7.2,,0.9,242.1,1419,573,127.7106,37.5563
2000-02-28,-1.4,-4.8,2000-02-27 22:20:00+00:00,2.3,2000-02-27 15:01:00+00:00,0.0,,,9.1,,1.9,309.1,1423,574,127.5865,37.3751
2000-02-28,-3.3,-7.7,2000-02-28 14:48:00+00:00,1.3,2000-02-27 15:01:00+00:00,0.0,,,11.0,,3.0,307.2,1434,575,127.198,37.1399
2000-02-28,-2.6,-6.9,2000-02-28 14:49:00+00:00,2.0,2000-02-27 15:01:00+00:00,0.0,,,11.7,,3.0,347.0,1433,576,127.3755,37.1634
2000-02-28,-3.6,-5.7,2000-02-27 23:28:00+00:00,0.2,2000-02-27 15:01:00+00:00,0.0,,,13.0,,5.5,312.9,1431,577,126.3365,37.5341
2000-02-28,-2.9,-4.9,2000-02-27 22:14:00+00:00,1.1,2000-02-27 15:06:00+00:00,0.0,,,12.3,,5.0,338.1,1428,578,126.42,37.45
2000-02-28,-7.9,-15.5,2000-02-27 15:00:00+00:00,-1.7,2000-02-27 15:01:00+00:00,1.0,,,16.1,,2.0,39.3,1426,579,128.9431,37.3495
2000-02-28,-4.7,-10.0,2000-02-28 14:37:00+00:00,0.0,2000-02-27 16:01:00+00:00,0.0,,,12.1,,3.1,188.3,1410,581,128.8385,37.1409
2000-02-28,-6.0,-11.8,2000-02-27 15:00:00+00:00,-0.3,2000-02-27 15:32:00+00:00,2.0,,,10.0,,2.1,316.7,1420,582,128.0829,37.2278
2000-02-28,-6.9,-14.5,2000-02-28 14:58:00+00:00,-1.0,2000-02-27 15:01:00+00:00,1.0,,,10.9,,2.2,236.6,1418,583,128.1568,37.41
2000-02-28,-4.3,-10.8,2000-02-28 14:58:00+00:00,0.3,2000-02-27 15:45:00+00:00,1.5,,,11.9,,2.7,220.6,1417,584,128.7245,37.4711
2000-02-28,-4.3,-9.0,2000-02-28 14:55:00+00:00,0.8,2000-02-28 07:37:00+00:00,0.0,,,6.3,,1.1,205.1,1427,585,128.0834,37.966
2000-02-28,-5.5,-11.2,2000-02-27 22:02:00+00:00,0.5,2000-02-28 07:03:00+00:00,2.0,,,7.2,,1.1,325.7,1424,586,127.8858,37.9876
2000-02-28,-5.4,-11.7,2000-02-27 15:00:00+00:00,-0.6,2000-02-28 06:34:00+00:00,1.5,,,11.5,,1.7,2.3,1425,587,127.9495,38.2091
2000-02-28,-2.8,-8.5,2000-02-27 15:00:00+00:00,1.7,2000-02-28 06:08:00+00:00,0.0,,,8.3,,2.1,299.1,1425,588,127.6429,37.7907
2000-02-28,-3.0,-6.7,2000-02-27 22:01:00+00:00,2.5,2000-02-28 06:10:00+00:00,0.0,,,11.5,,4.2,329.9,1405,589,126.7586,37.6372
2000-02-28,-2.9,-5.9,2000-02-27 22:17:00+00:00,1.3,2000-02-27 15:01:00+00:00,0.0,,,10.3,,2.4,354.7,1424,590,126.9887,37.4263
2000-02-28,-6.5,-11.6,2000-02-28 14:54:00+00:00,-1.0,2000-02-28 05:21:00+00:00,4.0,,,6.2,,1.0,347.3,1415,591,128.03,37.43
2000-02-28,-2.6,-8.6,2000-02-27 15:00:00+00:00,2.3,2000-02-27 15:01:00+00:00,0.0,,,8.7,,1.8,343.0,1417,592,127.753,37.2045
2000-02-28,-3.8,-7.1,2000-02-28 11:10:00+00:00,0.3,2000-02-27 15:03:00+00:00,1.5,,,10.6,,2.6,215.5,1423,593,128.5265,37.9811
2000-02-28,-5.9,-12.2,2000-02-28 14:58:00+00:00,2.2,2000-02-28 05:54:00+00:00,0.0,,,7.5,,1.3,335.1,1421,594,128.2102,38.2168
2000-02-28,-6.8,-10.5,2000-02-28 13:38:00+00:00,-2.1,2000-02-28 06:13:00+00:00,3.0,,,13.9,,2.2,247.8,1424,595,128.3833,38.2667
2000-02-28,-4.8,-9.4,2000-02-28 12:34:00+00:00,-1.4,2000-02-27 15:03:00+00:00,1.5,,,12.8,,2.0,288.5,1430,596,128.45,38.07
2000-02-28,-8.3,-16.4,2000-02-28 14:48:00+00:00,-1.4,2000-02-28 06:14:00+00:00,2.0,,,8.1,,1.3,232.0,1423,597,128.4594,37.4927
2000-02-28,-3.5,-10.0,2000-02-28 14:48:00+00:00,1.9,2000-02-28 06:23:00+00:00,0.0,,,7.4,,1.6,352.4,1431,599,127.1698,37.7617
2000-02-28,-3.1,-7.6,2000-02-28 14:51:00+00:00,1.0,2000-02-27 15:22:00+00:00,0.0,,,7.6,,1.8,118.3,1410,601,128.3669,36.9855
2000-02-28,-0.5,-5.4,2000-02-28 13:59:00+00:00,3.5,2000-02-28 05:37:00+00:00,0.0,,,8.3,,1.8,317.0,1431,602,127.4297,36.8539
2000-02-28,-0.8,-5.7,2000-02-28 14:55:00+00:00,3.5,2000-02-27 15:01:00+00:00,0.5,,,7.8,,2.0,343.6,1433,603,127.8,36.8
2000-02-28,-1.7,-6.5,2000-02-28 14:04:00+00:00,2.4,2000-02-27 15:19:00+00:00,0.0,,,12.5,,3.2,288.0,1426,604,127.58,36.3
2000-02-28,-2.8,-10.0,2000-02-28 14:57:00+00:00,1.7,2000-02-28 05:26:00+00:00,0.5,,,9.5,,2.1,279.5,1424,605,127.7598,36.1631
2000-02-28,-2.1,-3.5,2000-02-27 21:54:00+00:00,2.2,2000-02-27 15:07:00+00:00,0.0,,,17.2,,8.2,338.8,1427,606,126.454,36.9984
2000-02-28,-2.4,-3.7,2000-02-27 22:14:00+00:00,2.1,2000-02-27 15:03:00+00:00,0.0,,,14.6,,6.0,32.3,1422,607,126.15,36.6667
2000-02-28,-2.8,-5.0,2000-02-28 14:47:00+00:00,1.8,2000-02-27 15:01:00+00:00,0.0,,,12.6,,3.6,13.6,1415,608,126.6816,36.7487
2000-02-28,-1.9,-4.1,2000-02-27 15:00:00+00:00,2.6,2000-02-27 15:01:00+00:00,0.0,,,16.8,,6.1,345.8,1428,609,126.44,36.42
2000-02-28,-4.5,-8.1,2000-02-27 15:00:00+00:00,0.1,2000-02-27 15:01:00+00:00,0.0,,,12.6,,3.6,314.6,1343,610,126.63,36.58
2000-02-28,-1.6,-7.2,2000-02-28 14:20:00+00:00,3.6,2000-02-27 15:17:00+00:00,0.0,,,10.8,,2.3,296.8,1425,611,127.27,36.57
2000-02-28,-1.2,-7.2,2000-02-28 14:41:00+00:00,4.6,2000-02-27 15:11:00+00:00,0.0,,,10.0,,2.9,290.1,1380,612,127.1,36.4833
2000-02-28,-1.7,-6.7,2000-02-28 14:52:00+00:00,2.6,2000-02-27 15:02:00+00:00,0.5,,,12.1,,2.8,287.8,1423,614,126.7,36.05
2000-02-28,-1.8,-7.7,2000-02-27 15:00:00+00:00,2.5,2000-02-28 04:42:00+00:00,0.0,,,9.3,,2.5,342.8,1429,615,127.1,36.1833
2000-02-28,-2.9,-4.8,2000-02-28 14:53:00+00:00,0.7,2000-02-27 15:01:00+00:00,0.0,,,12.2,,3.8,0.2,1432,616,126.62,36.88
2000-02-28,-2.7,-5.8,2000-02-28 14:32:00+00:00,1.0,2000-02-27 15:01:00+00:00,0.0,,,9.6,,2.4,290.5,1423,617,127.1561,36.8782
2000-02-28,-2.6,-7.3,2000-02-28 14:41:00+00:00,2.6,2000-02-27 15:01:00+00:00,0.0,,,11.8,,2.8,357.4,1413,618,126.78,36.42
2000-02-28,-3.6,-9.7,2000-02-28 14:01:00+00:00,1.6,2000-02-28 06:23:00+00:00,0.5,,,8.8,,1.8,97.8,1430,619,127.68,36.93
2000-02-28,-3.2,-8.8,2000-02-28 14:51:00+00:00,1.9,2000-02-27 15:08:00+00:00,0.0,,,11.4,,2.9,312.7,1438,620,127.9164,37.0828
2000-02-28,-2.6,-6.5,2000-02-28 14:55:00+00:00,1.8,2000-02-27 15:31:00+00:00,0.5,,,11.3,,2.6,296.7,1362,621,128.1678,37.0003
2000-02-28,-3.3,-9.1,2000-02-28 14:57:00+00:00,1.5,2000-02-28 06:52:00+00:00,0.0,,,10.4,,1.4,321.4,1440,622,127.9939,36.842
2000-02-28,-3.6,-9.1,2000-02-28 14:16:00+00:00,1.2,2000-02-27 15:26:00+00:00,0.0,,,8.3,,1.6,268.9,1427,623,127.58,36.78
2000-02-28,-1.0,-6.3,2000-02-28 14:46:00+00:00,4.8,2000-02-27 20:48:00+00:00,0.0,,,11.0,,2.5,236.4,1425,626,127.8156,36.3709
2000-02-28,-1.7,-4.0,2000-02-28 14:51:00+00:00,2.1,2000-02-27 15:01:00+00:00,0.0,,,10.1,,2.8,353.0,1431,627,126.2988,36.7544
2000-02-28,-4.0,-7.4,2000-02-28 14:16:00+00:00,1.7,2000-02-27 15:01:00+00:00,0.0,,,6.7,,1.4,352.6,1433,629,127.1959,36.6814
2000-02-28,-4.0,-9.1,2000-02-28 14:55:00+00:00,1.3,2000-02-27 15:05:00+00:00,0.0,,,5.0,,1.3,265.1,1432,630,127.7563,37.0451
2000-02-28,-2.6,-7.1,2000-02-28 14:56:00+00:00,2.7,2000-02-27 15:01:00+00:00,0.0,,,12.3,,2.8,329.7,1435,632,126.952,36.5495
2000-02-28,-2.6,-7.3,2000-02-28 13:39:00+00:00,2.5,2000-02-27 15:01:00+00:00,0.0,,,9.0,,0.9,350.1,1435,633,127.1207,36.6041
2000-02-28,-2.4,-8.0,2000-02-28 14:40:00+00:00,2.6,2000-02-27 15:01:00+00:00,0.0,,,10.5,,2.6,290.6,1427,635,126.7609,36.2139
2000-02-28,-2.7,-9.1,2000-02-28 14:53:00+00:00,1.6,2000-02-27 15:49:00+00:00,0.5,,,8.7,,1.5,281.0,1436,636,127.23,36.3
2000-02-28,-2.4,-4.0,2000-02-27 22:01:00+00:00,2.0,2000-02-27 15:01:00+00:00,0.0,,,11.7,,5.3,354.0,1417,637,126.2837,36.8679
2000-02-28,-1.4,-6.8,2000-02-28 14:58:00+00:00,3.1,2000-02-27 15:52:00+00:00,0.0,,,12.6,,3.2,224.9,1356,638,128.4887,37.0758
2000-02-28,-3.3,-8.8,2000-02-28 14:42:00+00:00,1.3,2000-02-27 15:11:00+00:00,0.0,,,12.4,,2.9,335.5,1406,639,128.1643,36.9117
2000-02-28,-4.4,-11.5,2000-02-28 14:59:00+00:00,1.4,2000-02-27 15:21:00+00:00,0.0,,,11.4,,2.1,308.8,1434,640,127.86,36.76
2000-02-28,-1.9,-6.2,2000-02-28 14:50:00+00:00,2.8,2000-02-28 05:20:00+00:00,0.0,,,9.8,,2.0,341.2,1437,641,127.48,36.47
2000-02-28,-0.9,-4.9,2000-02-28 14:50:00+00:00,3.0,2000-02-28 04:54:00+00:00,0.0,,,8.6,,2.0,288.2,1438,642,127.4061,36.3105
2000-02-28,-1.7,-7.0,2000-02-28 14:50:00+00:00,2.4,2000-02-28 05:23:00+00:00,0.0,,,12.5,,2.3,329.9,1429,643,127.49,36.34
2000-02-28,-1.6,-7.3,2000-02-28 14:35:00+00:00,3.2,2000-02-27 15:58:00+00:00,0.0,,,10.2,,2.6,332.2,1424,644,127.2327,36.1385
2000-02-28,-1.9,-6.7,2000-02-28 14:46:00+00:00,3.0,2000-02-27 15:01:00+00:00,0.0,,,13.1,,3.5,0.4,1429,645,126.5173,36.5804
2000-02-28,-1.6,-5.0,2000-02-28 14:43:00+00:00,2.6,2000-02-27 15:02:00+00:00,0.0,,,12.2,,3.7,260.7,1429,646,126.5496,36.153
2000-02-28,-1.9,-8.4,2000-02-28 14:57:00+00:00,3.8,2000-02-27 15:01:00+00:00,0.0,,,9.0,,1.1,353.8,1430,647,127.6695,36.1173
2000-02-28,-1.9,-6.7,2000-02-28 14:58:00+00:00,2.9,2000-02-27 15:03:00+00:00,0.0,,,10.2,,2.3,280.2,1429,648,127.3833,36.4333
2000-02-28,-6.5,-12.5,2000-02-28 14:59:00+00:00,-1.0,2000-02-28 05:49:00+00:00,0.0,,,7.9,,2.8,236.6,1420,650,127.3333,38.2833
2000-02-28,-5.9,-10.1,2000-02-27 22:13:00+00:00,-2.0,2000-02-28 06:53:00+00:00,1.0,,,8.0,,2.9,287.2,1335,651,127.1652,38.264
2000-02-28,-3.6,-7.7,2000-02-28 14:21:00+00:00,1.0,2000-02-28 06:05:00+00:00,0.0,,,8.9,,2.2,257.3,1436,652,127.0781,38.0265
2000-02-28,-2.8,-4.6,2000-02-27 22:12:00+00:00,1.5,2000-02-27 15:01:00+00:00,0.0,,,10.7,,4.2,350.3,1440,654,126.3333,37.25
2000-02-28,-3.3,-4.3,2000-02-27 22:07:00+00:00,-1.0,2000-02-27 15:01:00+00:00,0.0,,,19.5,,5.8,269.1,1440,655,124.7167,37.75
2000-02-28,-3.0,-6.5,2000-02-27 22:02:00+00:00,1.2,2000-02-28 05:40:00+00:00,0.0,,,8.0,,1.9,291.5,1427,656,126.1833,37.65
2000-02-28,-2.0,-3.8,2000-02-28 12:43:00+00:00,2.1,2000-02-27 15:01:00+00:00,0.0,,,15.3,,8.2,6.2,1440,657,126.5,36.3167
2000-02-28,-1.9,-3.5,2000-02-27 22:08:00+00:00,2.5,2000-02-27 15:01:00+00:00,0.0,,,12.2,,3.1,308.9,1437,658,126.1333,36.8333
2000-02-28,-8.3,-10.8,2000-02-27 23:48:00+00:00,-2.9,2000-02-27 15:01:00+00:00,0.0,,,13.5,,3.6,244.8,1440,659,127.25,36.4167
2000-02-28,-8.4,-16.7,2000-02-28 14:56:00+00:00,-2.0,2000-02-27 15:01:00+00:00,5.5,,,10.8,,1.6,290.6,1438,660,128.35,37.55
2000-02-28,-2.9,-9.3,2000-02-28 12:32:00+00:00,0.0,2000-02-28 06:39:00+00:00,1.0,,,12.3,,3.5,347.6,1439,661,128.4,38.5333
2000-02-28,3.3,-1.4,2000-02-28 14:14:00+00:00,7.2,2000-02-27 19:01:00+00:00,0.0,,,14.8,,4.8,286.8,1425,721,127.0298,34.349
2000-02-28,1.2,-2.3,2000-02-28 14:43:00+00:00,4.7,2000-02-27 16:32:00+00:00,0.5,,,10.4,,2.3,258.5,1422,722,126.9288,35.1368
2000-02-28,3.8,-0.2,2000-02-28 13:58:00+00:00,8.8,2000-02-27 16:48:00+00:00,0.0,,,18.9,,8.2,301.0,1431,723,127.3064,34.0236
2000-02-28,2.1,-1.4,2000-02-28 14:41:00+00:00,7.9,2000-02-27 18:08:00+00:00,0.0,,,16.8,,8.2,308.2,1426,724,126.3006,33.9547
2000-02-28,3.3,-0.7,2000-02-28 14:50:00+00:00,7.9,2000-02-27 21:08:00+00:00,0.0,,,18.0,,7.3,47.5,1404,725,126.9534,33.5065
2000-02-28,1.3,-3.7,2000-02-28 14:40:00+00:00,4.9,2000-02-27 20:52:00+00:00,0.0,,,3.5,,1.4,24.4,1423,727,126.3949,33.39
2000-02-28,-1.3,-6.9,2000-02-28 14:58:00+00:00,2.8,2000-02-28 05:15:00+00:00,0.0,,,11.5,,2.6,320.7,1416,729,127.13,35.38
2000-02-28,0.0,-5.2,2000-02-28 14:47:00+00:00,3.6,2000-02-28 04:40:00+00:00,0.0,,,10.9,,1.6,353.3,1423,730,126.82,35.32
2000-02-28,0.5,-3.6,2000-02-28 14:59:00+00:00,6.0,2000-02-27 17:16:00+00:00,0.0,,,8.1,,2.9,284.3,1426,731,126.7036,34.7947
2000-02-28,0.3,-4.6,2000-02-28 14:52:00+00:00,4.0,2000-02-28 04:15:00+00:00,0.0,,,13.5,,3.7,289.6,1429,732,127.08,34.77
2000-02-28,-1.8,-8.2,2000-02-28 14:52:00+00:00,3.7,2000-02-27 15:01:00+00:00,0.0,,,10.3,,2.8,0.2,1425,733,126.959,36.0412
2000-02-28,-0.8,-6.8,2000-02-28 14:57:00+00:00,4.4,2000-02-27 15:01:00+00:00,0.5,,,10.9,,2.4,326.4,1424,734,127.2112,35.9728
2000-02-28,-0.9,-4.8,2000-02-28 14:26:00+00:00,3.8,2000-02-27 15:01:00+00:00,0.0,,,14.0,,6.5,283.3,1433,736,126.75,35.87
2000-02-28,-0.8,-5.2,2000-02-28 14:20:00+00:00,3.7,2000-02-27 15:14:00+00:00,0.5,,,14.8,,3.9,330.4,1428,737,126.8769,35.7943
2000-02-28,-0.3,-5.5,2000-02-27 15:00:00+00:00,4.2,2000-02-27 15:19:00+00:00,1.5,,,10.6,,2.6,3.8,1423,738,126.6775,35.5904
2000-02-28,-0.5,-4.1,2000-02-28 14:57:00+00:00,5.3,2000-02-27 15:06:00+00:00,0.5,,,15.6,,2.2,306.3,1432,739,126.5511,35.5243
2000-02-28,-0.1,-4.7,2000-02-28 14:54:00+00:00,2.7,2000-02-28 06:07:00+00:00,0.5,,,12.5,,2.8,286.0,1423,741,126.98,35.05
2000-02-28,0.7,-1.4,2000-02-28 11:09:00+00:00,5.3,2000-02-27 16:06:00+00:00,0.0,,,18.9,,8.8,0.4,1381,742,126.35,34.95
2000-02-28,0.6,-1.7,2000-02-28 12:09:00+00:00,6.2,2000-02-27 15:39:00+00:00,0.0,,,14.0,,3.6,9.7,1408,743,125.9266,34.7555
2000-02-28,-1.6,-21.2,2000-02-28 11:41:00+00:00,5.7,2000-02-27 15:37:00+00:00,0.0,,,15.2,,4.4,7.9,1428,744,126.3276,34.6709
2000-02-28,1.1,-4.2,2000-02-27 15:00:00+00:00,5.6,2000-02-27 17:25:00+00:00,0.0,,,13.8,,3.5,1.0,1417,745,126.7608,34.6383
2000-02-28,1.9,-2.2,2000-02-28 14:49:00+00:00,7.3,2000-02-27 15:41:00+00:00,0.0,,,15.9,,4.9,6.3,1414,746,126.5278,34.295
2000-02-28,2.5,-2.2,2000-02-28 14:13:00+00:00,7.7,2000-02-27 17:45:00+00:00,0.0,,,14.5,,5.7,5.4,1417,747,126.859,34.1799
2000-02-28,1.4,-2.9,2000-02-27 16:21:00+00:00,5.4,2000-02-28 05:45:00+00:00,0.0,,,18.0,,4.6,336.8,1409,748,127.35,34.83
2000-02-28,2.3,-2.6,2000-02-28 14:44:00+00:00,6.2,2000-02-27 18:26:00+00:00,0.0,,,17.0,,4.3,333.9,1434,749,127.13,34.53
2000-02-28,2.1,-1.8,2000-02-28 14:15:00+00:00,5.2,2000-02-27 18:12:00+00:00,0.0,,,12.4,,4.5,357.2,1420,750,127.6256,34.6308
2000-02-28,1.8,-3.4,2000-02-28 13:23:00+00:00,6.0,2000-02-27 21:08:00+00:00,0.0,,,14.7,,4.9,270.3,1406,751,126.7119,33.4585
2000-02-28,3.5,-0.5,2000-02-28 14:30:00+00:00,8.0,2000-02-27 20:59:00+00:00,0.0,,,18.4,,6.1,30.9,1408,752,126.3022,33.285
2000-02-28,-4.4,-9.5,2000-02-28 14:45:00+00:00,0.0,2000-02-27 21:47:00+00:00,0.0,,,2.8,,0.7,150.5,1423,753,126.4941,33.3921
2000-02-28,0.4,-4.0,2000-02-28 14:49:00+00:00,2.9,2000-02-28 02:39:00+00:00,0.0,,,11.3,,1.9,31.3,1378,754,126.5225,35.0635
2000-02-28,-1.6,-8.1,2000-02-28 14:36:00+00:00,3.8,2000-02-27 16:41:00+00:00,1.0,,,5.8,,1.2,37.8,1435,755,127.13,35.17
2000-02-28,0.1,-1.3,2000-02-28 11:52:00+00:00,4.3,2000-02-27 15:26:00+00:00,0.0,,,14.8,,5.9,347.1,1417,756,126.2931,35.6028
2000-02-28,-3.0,-8.8,2000-02-28 14:19:00+00:00,2.1,2000-02-27 15:06:00+00:00,1.0,,,9.2,,1.5,198.3,1427,757,127.4254,35.9715
2000-02-28,-2.5,-10.3,2000-02-28 14:58:00+00:00,2.1,2000-02-28 07:17:00+00:00,0.0,,,9.6,,1.9,14.1,1414,758,127.5682,35.8355
2000-02-28,-3.1,-9.2,2000-02-28 14:52:00+00:00,1.6,2000-02-27 15:45:00+00:00,0.0,,,10.7,,1.9,70.2,1411,759,127.6,35.37
2000-02-28,-2.6,-6.2,2000-02-28 14:52:00+00:00,2.2,2000-02-27 15:11:00+00:00,0.0,,,12.3,,3.7,319.5,1424,760,126.93,35.43
2000-02-28,-1.4,-7.3,2000-02-28 14:40:00+00:00,4.2,2000-02-27 15:19:00+00:00,0.5,,,14.9,,5.4,310.9,1422,761,126.8863,35.647
2000-02-28,-2.5,-6.8,2000-02-28 14:53:00+00:00,4.1,2000-02-27 15:12:00+00:00,0.5,,,15.3,,2.8,311.9,1411,762,127.1136,35.5388
2000-02-28,-1.4,-6.7,2000-02-28 14:41:00+00:00,3.4,2000-02-27 15:23:00+00:00,0.0,,,9.8,,2.4,359.7,1421,763,127.07,36.05
2000-02-28,-2.5,-8.1,2000-02-27 15:00:00+00:00,2.3,2000-02-27 15:28:00+00:00,1.5,,,10.7,,1.4,241.4,1428,764,127.1849,35.6811
2000-02-28,0.3,-3.9,2000-02-28 14:56:00+00:00,4.2,2000-02-28 03:02:00+00:00,0.0,,,10.5,,1.9,228.2,1405,765,127.17,34.93
2000-02-28,2.0,-2.1,2000-02-28 14:48:00+00:00,4.8,2000-02-28 05:31:00+00:00,0.0,,,11.8,,3.9,288.0,1422,766,127.72,34.85
2000-02-28,2.8,-1.3,2000-02-27 15:10:00+00:00,6.2,2000-02-28 05:12:00+00:00,0.0,,,15.6,,3.5,264.7,1357,767,127.45,34.6
2000-02-28,-0.8,-5.6,2000-02-28 13:57:00+00:00,2.4,2000-02-27 17:13:00+00:00,0.5,,,13.0,,3.2,14.1,1432,768,127.2908,35.2802
2000-02-28,-2.5,-5.6,2000-02-28 14:00:00+00:00,1.4,2000-02-27 15:02:00+00:00,0.0,,,14.6,,4.3,257.9,1420,144,126.7834,36.0123
2000-02-28,0.4,-1.6,2000-02-28 09:36:00+00:00,3.9,2000-02-27 15:23:00+00:00,0.0,,,15.7,,4.4,22.9,1383,769,126.3729,35.2159
2000-02-28,1.6,-3.3,2000-02-28 14:19:00+00:00,5.9,2000-02-28 05:01:00+00:00,0.0,,,21.1,,6.1,287.4,1433,804,129.338,36.1996
2000-02-28,-0.4,-6.7,2000-02-27 15:00:00+00:00,3.3,2000-02-28 06:16:00+00:00,0.0,,,13.4,,3.1,306.2,1439,805,129.0958,36.1602
2000-02-28,-0.2,-5.8,2000-02-28 14:47:00+00:00,4.4,2000-02-27 15:09:00+00:00,0.0,,,14.2,,4.5,252.0,1415,806,128.2903,36.2334
2000-02-28,-1.5,-9.5,2000-02-28 14:59:00+00:00,3.3,2000-02-27 15:10:00+00:00,0.0,,,10.7,,3.1,311.0,1384,807,128.7261,36.172
2000-02-28,3.2,1.3,2000-02-28 14:48:00+00:00,5.9,2000-02-27 15:46:00+00:00,0.0,,,15.8,,6.3,249.7,1435,808,129.5694,36.0774
2000-02-28,-2.0,-8.5,2000-02-28 14:56:00+00:00,4.0,2000-02-27 15:11:00+00:00,0.0,,,14.3,,3.4,202.6,1427,809,127.9689,35.9179
2000-02-28,1.1,-5.4,2000-02-28 13:52:00+00:00,5.3,2000-02-27 17:02:00+00:00,0.0,,,12.5,,4.0,33.8,1428,810,128.28,35.93
2000-02-28,,,,,,0.0,,,,,,,665,811,129.2268,35.8636
2000-02-28,-3.0,,,,,0.0,,,,,,,1084,515,126.8128,37.0952
2000-02-28,0.9,-6.0,2000-02-28 14:58:00+00:00,5.8,2000-02-28 05:23:00+00:00,0.0,,,13.3,,2.0,33.4,1393,812,128.27,35.73
2000-02-28,2.2,-4.1,2000-02-28 14:05:00+00:00,5.6,2000-02-28 04:52:00+00:00,0.0,,,10.2,,3.1,328.6,1424,813,128.73,35.65
2000-02-28,-2.7,-9.2,2000-02-28 14:55:00+00:00,2.0,2000-02-28 05:33:00+00:00,0.0,,,15.0,,2.0,259.9,1432,814,128.6541,36.9789
2000-02-28,-0.4,-6.4,2000-02-28 14:57:00+00:00,3.8,2000-02-28 05:44:00+00:00,0.0,,,10.8,,2.9,308.2,1428,815,128.4644,36.66
2000-02-28,3.1,-2.0,2000-02-28 14:38:00+00:00,6.9,2000-02-28 04:33:00+00:00,0.0,,,9.2,,1.8,332.2,1428,816,129.4932,35.8959
2000-02-28,-3.4,-11.4,2000-02-27 15:00:00+00:00,1.1,2000-02-28 04:57:00+00:00,0.0,,,14.2,,3.5,252.9,1435,817,129.21,36.7655
2000-02-28,-2.2,-7.2,2000-02-28 14:54:00+00:00,2.2,2000-02-27 15:05:00+00:00,0.5,,,13.4,,2.8,239.4,1419,818,128.1114,36.7309
2000-02-28,-2.6,-9.3,2000-02-28 14:59:00+00:00,2.2,2000-02-27 15:05:00+00:00,0.0,,,9.1,,1.9,309.3,1403,819,128.8884,36.6605
2000-02-28,-0.2,-5.0,2000-02-28 14:27:00+00:00,4.1,2000-02-28 04:55:00+00:00,0.0,,,12.3,,3.8,277.4,1414,820,128.5086,36.5538
2000-02-28,-0.6,-5.2,2000-02-28 13:55:00+00:00,3.8,2000-02-27 15:58:00+00:00,0.0,,,14.6,,5.8,316.5,1425,821,128.1,36.28
2000-02-28,0.3,-3.8,2000-02-28 13:57:00+00:00,5.6,2000-02-27 15:01:00+00:00,0.0,,,14.0,,2.8,248.6,1414,822,128.13,36.13
2000-02-28,-0.4,-7.5,2000-02-27 15:00:00+00:00,4.0,2000-02-27 15:47:00+00:00,0.0,,,13.0,,3.6,0.0,1421,823,128.57,36.23
2000-02-28,0.2,-4.1,2000-02-28 13:41:00+00:00,4.7,2000-02-27 16:11:00+00:00,0.0,,,15.1,,4.4,341.6,1430,824,128.544,36.0831
2000-02-28,1.1,-3.4,2000-02-28 14:53:00+00:00,5.0,2000-02-27 16:20:00+00:00,0.0,,,15.9,,4.6,291.7,1426,825,128.4,35.89
2000-02-28,-0.1,-5.9,2000-02-28 13:28:00+00:00,5.7,2000-02-27 15:48:00+00:00,0.0,,,13.6,,4.6,285.1,1275,826,128.7932,36.0414
2000-02-28,2.5,-1.6,2000-02-28 14:57:00+00:00,6.0,2000-02-27 16:54:00+00:00,0.0,,,12.7,,3.8,347.4,1410,827,128.7333,35.8167
2000-02-28,2.5,-2.5,2000-02-28 14:50:00+00:00,5.7,2000-02-28 05:40:00+00:00,0.0,,,11.3,,2.5,321.9,1417,828,128.45,35.7
2000-02-28,1.4,-3.9,2000-02-28 14:35:00+00:00,5.3,2000-02-27 16:34:00+00:00,0.0,,,12.9,,4.1,355.4,1440,829,129.3271,35.7176
2000-02-28,-1.0,-7.3,2000-02-28 14:45:00+00:00,3.6,2000-02-27 15:01:00+00:00,0.0,,,11.2,,2.7,340.9,1423,832,128.43,36.38
2000-02-28,-2.3,-7.1,2000-02-28 14:55:00+00:00,2.6,2000-02-27 15:10:00+00:00,0.0,,,14.2,,4.3,322.0,1420,833,128.0034,36.599
2000-02-28,-2.1,-8.8,2000-02-28 14:51:00+00:00,2.2,2000-02-28 05:31:00+00:00,0.0,,,10.6,,2.3,304.5,1418,835,128.73,36.88
2000-02-28,-2.2,-8.7,2000-02-28 14:54:00+00:00,2.4,2000-02-27 15:01:00+00:00,0.0,,,10.4,,2.5,298.8,1427,836,128.8999,36.2717
2000-02-28,-2.3,-8.9,2000-02-28 14:57:00+00:00,2.6,2000-02-27 16:51:00+00:00,0.0,,,9.6,,1.7,17.7,1423,837,128.63,36.7692
2000-02-28,-3.2,-8.9,2000-02-28 13:55:00+00:00,1.7,2000-02-27 15:13:00+00:00,0.0,,,11.3,,3.2,311.5,1421,838,128.3184,36.7659
2000-02-28,1.8,-4.0,2000-02-28 14:54:00+00:00,5.5,2000-02-28 06:09:00+00:00,0.0,,,8.7,,1.7,297.7,1427,840,128.8231,35.9098
2000-02-28,-2.4,-9.2,2000-02-28 14:46:00+00:00,2.6,2000-02-27 15:01:00+00:00,0.0,,,10.4,,1.9,2.9,1427,547,127.7583,37.4171
2000-02-28,-7.8,-17.8,2000-02-28 14:58:00+00:00,-1.5,2000-02-28 06:33:00+00:00,0.0,,,9.9,,2.5,259.2,1426,560,128.5943,37.6701
2000-02-28,-3.2,-6.4,2000-02-28 14:25:00+00:00,-0.4,2000-02-27 18:22:00+00:00,1.5,,,12.7,,2.1,352.9,1427,580,129.0378,37.6126
2000-02-28,-3.5,-7.2,2000-02-27 22:38:00+00:00,1.5,2000-02-28 05:12:00+00:00,0.0,,,10.0,,2.6,260.1,1428,598,127.0,37.83
2000-02-28,0.1,-4.4,2000-02-28 14:38:00+00:00,3.3,2000-02-27 17:37:00+00:00,0.0,,,12.1,,2.9,300.4,1437,841,128.9224,36.1076
2000-02-28,0.2,-6.8,2000-02-28 14:54:00+00:00,3.5,2000-02-28 05:30:00+00:00,0.0,,,13.4,,3.6,247.8,1429,842,129.0473,35.7576
2000-02-28,-1.5,-7.1,2000-02-28 14:46:00+00:00,3.2,2000-02-28 03:09:00+00:00,0.0,,,13.4,,2.9,276.9,1428,843,129.2472,36.9356
2000-02-28,0.6,-7.1,2000-02-28 14:58:00+00:00,5.7,2000-02-27 15:56:00+00:00,1.0,,,18.5,,3.9,252.9,1427,844,129.37,36.42
2000-02-28,2.7,-1.8,2000-02-27 15:00:00+00:00,6.7,2000-02-28 06:56:00+00:00,0.0,,,11.4,,3.7,304.6,1433,845,128.6,35.85
2000-02-28,2.1,-2.9,2000-02-28 14:56:00+00:00,5.7,2000-02-27 15:59:00+00:00,0.0,,,10.4,,2.6,276.9,1418,846,128.5442,35.8679
2000-02-28,-0.2,-8.1,2000-02-28 14:59:00+00:00,5.3,2000-02-27 15:05:00+00:00,0.0,,,14.1,,2.9,334.6,1425,847,128.4665,36.2763
2000-02-28,1.8,-5.5,2000-02-28 14:53:00+00:00,5.8,2000-02-28 06:22:00+00:00,0.0,,,13.7,,3.1,347.2,1427,848,128.8922,35.687
2000-02-28,-0.4,-5.3,2000-02-28 14:59:00+00:00,4.0,2000-02-28 06:20:00+00:00,0.0,,,12.6,,2.9,227.7,1417,849,128.299,36.5106
2000-02-28,3.7,-1.1,2000-02-28 14:28:00+00:00,7.8,2000-02-28 05:26:00+00:00,0.0,,,13.8,,3.4,336.5,1425,850,129.51,35.83
2000-02-28,-1.0,-5.2,2000-02-28 14:03:00+00:00,2.3,2000-02-28 01:47:00+00:00,0.0,,,11.8,,2.5,354.6,1401,851,129.26,37.07
2000-02-28,0.5,-2.5,2000-02-28 12:31:00+00:00,3.3,2000-02-27 15:23:00+00:00,0.0,,,22.5,,8.4,28.1,1438,852,129.4167,37.05
2000-02-28,-3.5,-8.1,2000-02-28 14:36:00+00:00,0.1,2000-02-28 05:40:00+00:00,0.0,,,12.9,,2.3,74.8,1439,853,128.6167,36.0
2000-02-28,2.4,-2.1,2000-02-28 12:29:00+00:00,5.3,2000-02-28 05:52:00+00:00,0.0,,,15.5,,4.1,275.8,1409,900,129.0998,35.5824
2000-02-28,3.6,-0.5,2000-02-28 14:50:00+00:00,6.3,2000-02-28 00:57:00+00:00,0.0,,,11.0,,3.1,5.4,1430,901,129.4424,35.4927
2000-02-28,1.3,-3.5,2000-02-28 14:46:00+00:00,5.9,2000-02-28 01:50:00+00:00,0.0,,,13.3,,3.3,0.0,1152,903,128.4742,35.3855
2000-02-28,4.4,-1.7,2000-02-28 13:41:00+00:00,8.8,2000-02-28 03:00:00+00:00,0.0,,,11.9,,3.1,328.0,1422,904,128.6667,35.35
2000-02-28,4.2,-1.3,2000-02-28 14:42:00+00:00,8.6,2000-02-28 03:00:00+00:00,0.0,,,9.3,,2.0,220.5,1425,905,129.0362,35.3243
2000-02-28,2.2,-2.3,2000-02-28 14:40:00+00:00,6.1,2000-02-28 05:04:00+00:00,0.0,,,13.0,,3.2,254.5,1427,906,127.6254,35.1883
2000-02-28,4.8,-1.9,2000-02-28 14:57:00+00:00,11.0,2000-02-28 03:40:00+00:00,0.0,,,14.0,,3.0,262.9,1426,908,128.75,35.12
2000-02-28,4.3,-0.6,2000-02-28 14:56:00+00:00,9.2,2000-02-28 04:47:00+00:00,0.0,,,12.6,,3.7,276.8,1435,909,128.73,34.78
2000-02-28,4.6,0.0,2000-02-28 14:45:00+00:00,9.4,2000-02-28 04:06:00+00:00,0.0,,,13.0,,3.4,185.0,1428,910,129.08,35.07
2000-02-28,0.4,-4.1,2000-02-28 14:54:00+00:00,4.1,2000-02-28 06:05:00+00:00,0.0,,,12.8,,4.1,261.1,1424,912,127.7167,35.5333
2000-02-28,3.7,0.1,2000-02-28 14:52:00+00:00,6.4,2000-02-28 05:54:00+00:00,0.0,,,15.0,,4.0,287.9,1406,913,127.9854,34.7238
2000-02-28,-1.8,-7.9,2000-02-28 14:55:00+00:00,2.4,2000-02-27 15:01:00+00:00,0.0,,,16.1,,5.9,305.4,1433,914,127.696,35.6447
2000-02-28,1.3,-5.5,2000-02-28 14:41:00+00:00,6.5,2000-02-28 04:31:00+00:00,0.0,,,10.7,,2.2,298.4,1428,915,128.12,35.42
2000-02-28,3.9,-1.5,2000-02-28 14:57:00+00:00,9.0,2000-02-28 04:46:00+00:00,0.0,,,11.0,,3.2,349.7,1432,918,128.3333,34.97
2000-02-28,1.7,-4.3,2000-02-28 14:55:00+00:00,5.8,2000-02-28 01:28:00+00:00,0.0,,,14.8,,3.9,15.6,1418,919,128.47,35.55
2000-02-28,1.4,-6.9,2000-02-28 14:52:00+00:00,9.8,2000-02-28 02:39:00+00:00,0.0,,,11.9,,2.5,2.3,1428,920,128.4,35.3
2000-02-28,4.7,-0.1,2000-02-28 14:39:00+00:00,9.2,2000-02-28 04:04:00+00:00,0.0,,,17.2,,6.1,198.9,1225,921,128.8291,34.9897
2000-02-28,3.1,-2.7,2000-02-28 14:59:00+00:00,7.2,2000-02-28 04:43:00+00:00,0.0,,,13.5,,3.6,338.6,1408,922,128.9189,35.3647
2000-02-28,3.8,-2.4,2000-02-28 14:13:00+00:00,9.1,2000-02-28 04:13:00+00:00,0.0,,,11.3,,2.2,331.2,1430,923,129.2323,35.264
2000-02-28,3.3,-0.8,2000-02-28 14:50:00+00:00,6.4,2000-02-28 01:56:00+00:00,0.0,,,12.1,,4.2,7.5,1433,924,129.3603,35.3587
2000-02-28,2.5,-5.1,2000-02-28 14:38:00+00:00,8.2,2000-02-28 03:10:00+00:00,0.0,,,12.0,,2.6,22.9,1420,925,128.8534,35.3277
2000-02-28,3.0,-1.8,2000-02-27 16:31:00+00:00,8.3,2000-02-28 03:09:00+00:00,0.0,,,13.4,,2.8,273.4,1417,926,128.4719,35.1137
2000-02-28,3.4,-1.4,2000-02-28 14:44:00+00:00,7.1,2000-02-28 03:44:00+00:00,0.0,,,11.5,,2.7,241.7,1429,928,129.1792,35.4122
2000-02-28,2.1,-6.2,2000-02-28 14:55:00+00:00,7.4,2000-02-28 04:52:00+00:00,0.0,,,11.2,,3.0,286.0,1425,929,128.2586,35.0989
2000-02-28,5.2,0.8,2000-02-28 14:52:00+00:00,8.5,2000-02-28 06:17:00+00:00,0.0,,,11.9,,3.9,305.5,1433,930,128.2251,34.8436
2000-02-28,4.5,0.4,2000-02-28 14:59:00+00:00,7.1,2000-02-28 05:21:00+00:00,0.0,,,13.5,,4.2,343.7,1420,931,128.2634,34.6363
2000-02-28,2.8,-1.6,2000-02-28 13:04:00+00:00,6.4,2000-02-28 06:03:00+00:00,0.0,,,13.1,,2.9,298.5,1437,932,127.75,35.05
2000-02-28,2.0,-3.8,2000-02-28 14:57:00+00:00,6.6,2000-02-28 05:24:00+00:00,0.0,,,12.0,,3.1,230.1,1410,933,127.859,34.9506
2000-02-28,1.6,-5.1,2000-02-28 14:59:00+00:00,8.2,2000-02-28 02:30:00+00:00,0.0,,,10.3,,1.5,11.7,1434,934,127.9322,35.1986
2000-02-28,0.8,-6.6,2000-02-28 14:51:00+00:00,5.8,2000-02-28 01:36:00+00:00,0.0,,,9.3,,2.2,45.4,1418,935,128.32,35.55
2000-02-28,1.5,-5.5,2000-02-28 14:55:00+00:00,7.7,2000-02-28 05:07:00+00:00,37.0,,,11.8,,3.5,341.1,1407,936,128.2116,35.2769
2000-02-28,5.4,0.9,2000-02-28 14:44:00+00:00,10.2,2000-02-28 04:49:00+00:00,0.0,,,11.9,,3.1,291.5,1324,937,129.1669,35.1604
2000-02-28,4.2,0.0,2000-02-28 14:59:00+00:00,9.0,2000-02-28 04:13:00+00:00,0.0,,,15.2,,3.4,313.1,1424,938,129.05,35.1333
2000-02-28,-0.3,-6.5,2000-02-28 14:01:00+00:00,3.8,2000-02-27 15:18:00+00:00,0.0,,,10.4,,3.0,254.6,1409,839,128.9027,36.4558
2000-02-28,1.3,-5.0,2000-02-28 14:27:00+00:00,5.4,2000-02-28 07:04:00+00:00,0.0,,,12.1,,2.3,12.8,1428,927,128.8809,35.5842
2000-02-28,3.6,-1.0,2000-02-28 14:52:00+00:00,9.0,2000-02-28 04:49:00+00:00,0.0,,,11.8,,2.3,348.2,1252,939,129.0831,35.2289
2000-02-28,4.2,0.0,2000-02-28 14:53:00+00:00,9.3,2000-02-28 03:27:00+00:00,0.0,,,9.6,,0.9,341.2,1433,941,129.0065,35.1926
2000-02-28,3.8,-1.0,2000-02-28 14:51:00+00:00,9.4,2000-02-28 04:34:00+00:00,0.0,,,10.8,,2.9,218.8,1440,942,129.1051,35.1304
2000-02-28,4.1,-0.6,2000-02-28 14:59:00+00:00,7.1,2000-02-27 17:32:00+00:00,0.0,,,12.2,,4.2,14.1,1432,943,129.3519,35.5076
2000-02-28,2.7,-1.9,2000-02-28 14:47:00+00:00,9.3,2000-02-28 03:42:00+00:00,0.0,,,10.9,,2.5,316.8,1431,944,128.569,35.387
2000-02-28,1.0,-4.0,2000-02-28 14:37:00+00:00,4.9,2000-02-28 04:17:00+00:00,0.0,,,13.8,,3.4,17.7,1428,945,127.99,35.5345
2000-02-28,-0.9,-8.6,2000-02-28 14:58:00+00:00,3.5,2000-02-28 06:34:00+00:00,0.0,,,5.7,,1.4,177.6,1413,946,127.8193,35.7773
2000-02-28,2.1,-3.8,2000-02-28 14:59:00+00:00,6.0,2000-02-27 17:02:00+00:00,0.0,,,14.5,,3.6,4.1,1440,948,127.85,35.2833
2000-02-28,3.4,-2.8,2000-02-28 13:12:00+00:00,6.8,2000-02-28 04:56:00+00:00,0.0,,,15.9,,4.7,295.6,1436,949,129.45,35.5833
2000-02-28,-2.9,-8.3,2000-02-28 14:58:00+00:00,3.7,2000-02-27 15:20:00+00:00,1.5,,,13.0,,1.9,304.9,1440,951,126.9,35.4667
2000-02-28,-2.9,-5.8,2000-02-27 22:08:00+00:00,1.2,2000-02-28 06:54:00+00:00,0.0,,,9.5,,2.2,266.1,1421,404,126.85,37.55
2000-02-28,-2.5,-5.2,2000-02-27 22:38:00+00:00,1.4,2000-02-27 15:03:00+00:00,0.0,,,9.1,,1.9,25.2,1415,415,126.9775,37.5168
2000-02-28,-3.1,-6.8,2000-02-28 14:48:00+00:00,1.1,2000-02-27 15:39:00+00:00,0.0,,,11.5,,2.2,237.1,1435,504,127.202,37.8915
2000-02-28,-2.8,-6.3,2000-02-27 22:12:00+00:00,1.8,2000-02-28 06:39:00+00:00,0.0,,,9.0,,2.0,243.7,1433,506,126.779,37.7584
2000-02-28,-4.3,-8.8,2000-02-28 14:56:00+00:00,0.4,2000-02-28 07:04:00+00:00,0.0,,,8.9,,2.2,267.2,1430,507,127.1891,37.9917
2000-02-28,-3.4,-6.2,2000-02-27 21:58:00+00:00,0.7,2000-02-27 15:01:00+00:00,0.0,,,9.1,,2.3,356.2,1422,509,126.9507,37.4562
2000-02-28,-2.2,-5.0,2000-02-27 22:10:00+00:00,1.5,2000-02-27 15:01:00+00:00,0.0,,,9.6,,3.0,232.0,1417,510,126.908,37.5262
2000-02-28,-1.7,-4.8,2000-02-27 22:07:00+00:00,2.5,2000-02-28 05:55:00+00:00,0.0,,,9.7,,2.9,294.3,1416,511,126.71,37.48
2000-02-28,-1.8,-4.5,2000-02-27 22:05:00+00:00,2.4,2000-02-27 15:03:00+00:00,0.0,,,12.1,,4.9,273.2,1400,512,126.71,37.41
2000-02-28,-4.6,-6.2,2000-02-27 21:41:00+00:00,0.1,2000-02-27 15:01:00+00:00,0.0,,,14.6,,7.0,348.5,1418,513,126.1468,37.2331
2000-02-28,-3.3,-5.4,2000-02-27 22:08:00+00:00,1.1,2000-02-27 15:12:00+00:00,0.0,,,13.5,,5.8,296.7,1423,514,126.5806,37.2455
2000-02-28,-3.0,-6.4,2000-02-28 14:09:00+00:00,1.8,2000-02-27 15:01:00+00:00,0.0,,,3.8,,1.2,299.7,1432,516,127.2651,37.013
2000-02-28,-3.8,-9.3,2000-02-28 12:44:00+00:00,-0.5,2000-02-28 06:56:00+00:00,5.5,,,10.2,,2.3,3.3,1419,517,128.43,38.38
2000-02-28,-7.2,-15.9,2000-02-28 14:34:00+00:00,-2.3,2000-02-28 04:26:00+00:00,5.0,,,8.5,,1.7,241.3,1423,518,128.1397,38.2847
2000-02-28,-4.7,-9.7,2000-02-28 14:40:00+00:00,-0.1,2000-02-28 07:28:00+00:00,0.0,,,11.1,,2.2,300.4,1420,519,127.5235,38.0702
2000-02-28,-4.3,-8.6,2000-02-28 12:26:00+00:00,-0.7,2000-02-27 15:32:00+00:00,0.5,,,2.0,,0.3,244.8,1425,520,128.4933,38.1721
2000-02-28,-2.6,-6.0,2000-02-27 23:07:00+00:00,0.5,2000-02-27 17:29:00+00:00,0.0,,,10.7,,2.1,18.7,1426,521,128.7226,38.0147
2000-02-28,-5.3,-11.1,2000-02-28 14:58:00+00:00,1.0,2000-02-28 06:34:00+00:00,0.0,,,7.0,,0.7,250.7,1424,522,128.0184,37.8675
2000-02-28,-1.8,-3.9,2000-02-28 14:55:00+00:00,0.7,2000-02-27 15:01:00+00:00,2.0,,,12.8,,3.9,14.7,1400,523,128.83,37.9
2000-02-28,-1.7,-4.7,2000-02-28 14:56:00+00:00,0.8,2000-02-28 08:02:00+00:00,0.5,,,8.9,,1.5,315.7,1424,524,128.9045,37.8047
2000-02-28,-8.2,-17.0,2000-02-27 15:00:00+00:00,-1.8,2000-02-27 15:12:00+00:00,1.0,,,13.1,,1.7,289.0,1418,525,128.3797,37.6161
2000-02-28,-3.7,-9.6,2000-02-28 14:49:00+00:00,2.0,2000-02-27 15:28:00+00:00,0.0,,,11.3,,2.2,279.1,1417,526,128.3946,37.3779
2000-02-28,-4.6,-10.8,2000-02-28 14:58:00+00:00,0.6,2000-02-27 15:06:00+00:00,1.0,,,13.1,,2.5,227.0,1397,527,128.6645,37.4299
2000-02-28,-3.1,-4.3,2000-02-27 22:17:00+00:00,-1.6,2000-02-27 15:07:00+00:00,0.0,,,13.8,,5.3,36.5,1440,528,124.6667,37.9667
2000-02-28,-0.6,-4.8,2000-02-28 14:28:00+00:00,2.8,2000-02-27 15:01:00+00:00,2.0,,,16.8,,3.9,352.2,1424,529,129.3434,37.2325
2000-02-28,-1.4,-2.9,2000-02-28 04:02:00+00:00,4.1,2000-02-27 15:07:00+00:00,0.0,,,21.4,,3.9,39.7,1410,530,130.7977,37.5184
2000-02-28,-3.2,-8.3,2000-02-28 14:51:00+00:00,1.7,2000-02-28 04:54:00+00:00,0.0,,,11.8,,1.9,230.8,1427,531,127.5502,37.8856
2000-02-28,-3.7,-8.0,2000-02-27 22:16:00+00:00,0.9,2000-02-28 05:17:00+00:00,0.0,,,8.0,,1.5,0.0,1430,532,127.0352,37.7355
2000-02-28,-2.4,-7.0,2000-02-28 14:57:00+00:00,1.7,2000-02-27 15:01:00+00:00,0.5,,,10.6,,3.1,285.8,1432,533,127.3333,37.55
2000-02-28,-1.5,-5.4,2000-02-28 14:55:00+00:00,3.1,2000-02-27 15:01:00+00:00,0.0,,,8.9,,2.1,288.9,1419,534,127.6171,37.1147
2000-02-28,-7.3,-14.1,2000-02-28 14:57:00+00:00,-0.2,2000-02-27 15:01:00+00:00,1.0,,,5.0,,0.6,270.6,1436,535,128.1867,37.7116
2000-02-28,-3.8,-9.5,2000-02-27 15:00:00+00:00,2.0,2000-02-28 07:39:00+00:00,1.5,,,7.7,,1.4,287.1,1408,536,127.88,37.47
2000-02-28,-7.7,-17.2,2000-02-28 14:37:00+00:00,-2.2,2000-02-27 15:43:00+00:00,3.0,,,13.5,,2.6,210.2,1415,537,128.852,37.4949
2000-02-28,-6.1,-11.5,2000-02-27 22:33:00+00:00,-1.0,2000-02-28 06:18:00+00:00,0.0,,,6.8,,0.9,46.9,1416,538,127.103,38.1725
2000-02-28,-3.3,-7.1,2000-02-27 22:26:00+00:00,1.9,2000-02-28 04:54:00+00:00,0.0,,,9.9,,3.3,344.6,1416,540,126.8774,37.6413
2000-02-28,-3.0,-8.8,2000-02-27 15:00:00+00:00,2.7,2000-02-28 06:32:00+00:00,0.0,,,11.3,,2.8,292.9,1420,541,127.18,37.65
2000-02-28,-2.7,-7.3,2000-02-28 14:40:00+00:00,1.6,2000-02-28 04:48:00+00:00,0.0,,,9.9,,1.9,311.0,1428,542,127.3802,37.6841
2000-02-28,-2.8,-5.7,2000-02-27 22:20:00+00:00,0.9,2000-02-28 06:15:00+00:00,0.0,,,10.0,,3.7,311.8,1411,543,126.5496,37.499
2000-02-28,-6.8,-11.7,2000-02-27 22:43:00+00:00,-1.9,2000-02-28 06:46:00+00:00,4.0,,,5.1,,1.2,18.3,1421,552,127.42,38.25
2000-02-28,-2.3,-7.3,2000-02-28 14:18:00+00:00,2.6,2000-02-27 15:01:00+00:00,0.0,,,8.5,,2.1,272.7,1435,600,127.6003,36.9882
