dt,avg_ta,min_ta,max_ta,max_ta_hrmt,min_ta_hrmt,sum_rn,hr1_max_rn,mi10_max_rn,sum_rn_dur,n9_9_rn,mi10_max_rn_hrmt,hr1_max_rn_hrmt,min_rhm,avg_rhm,min_rhm_hrmt,hr24_sum_rws,avg_ws,max_ins_ws,max_ws,max_ins_ws_wd,max_ws_wd,max_wd,max_ins_ws_hrmt,max_ws_hrmt,ss_dur,sum_ss_hr,hr1_max_icsr,sum_gsr,hr1_max_icsr_hrmt,avg_tca,avg_lmac,avg_td,min_tg,avg_ts,avg_m1_5_te,avg_cm5_te,avg_cm10_te,avg_cm20_te,avg_cm30_te,avg_m0_5_te,avg_m1_0_te,avg_m5_0_te,avg_m3_0_te,dd_mes,dd_mefs,sum_dpth_fhsc,dd_mes_hrmt,dd_mefs_hrmt,avg_pv,avg_pa,avg_ps,min_ps,max_ps,min_ps_hrmt,max_ps_hrmt,sum_fog_dur,sum_lrg_ev,sum_sml_ev,iscs,code,x,y
1981-09-10,19.2,15.7,21.9,1305.0,2400.0,,,,,,,,61.0,80.8,1102.0,2900.0,3.4,10.0,6.7,140.0,140.0,140.0,1640.0,1700.0,12.6,3.7,,,,7.0,-999.0,15.7,13.2,21.4,21.5,21.7,22.1,21.7,22.1,21.9,21.2,15.4,17.7,,,,,,17.8,1010.4,1013.5,1012.2,1015.0,1624.0,946.0,,3.1,3.8,,90,128.5647,38.2509
1981-09-10,13.5,9.2,17.8,1515.0,2400.0,,,,,,,,74.0,86.5,1237.0,1350.0,1.6,5.0,4.3,90.0,70.0,70.0,1430.0,1140.0,12.6,4.8,,11.65,,5.8,-999.0,11.4,9.0,17.3,18.1,18.3,18.0,18.4,18.4,18.2,18.4,,,,,,,,13.5,923.4,1018.7,1016.6,1020.4,1500.0,2400.0,1.13,,2.7,{박무}2225-{시정(미만)}{1km}{낮은안개}2252-{강도1}{낮은안개}{강도0}2400-,100,128.7587,37.6869
1981-09-10,19.0,14.7,26.5,1526.0,140.0,,,,,,,,46.0,80.5,1640.0,615.0,0.7,4.3,2.7,270.0,250.0,250.0,1502.0,1700.0,12.6,8.4,,14.44,,6.3,-999.0,15.1,11.2,22.6,22.8,22.3,22.2,22.5,22.7,22.0,22.6,17.3,20.5,,,,,,17.2,1003.7,1012.6,1010.2,1014.3,1630.0,925.0,2.33,3.9,4.7,-{박무}-{박무}{강도1}0300-{시정(미만)}{1km}{안개}0320-{시정(미만)}{0.5km}{안개}0330-{시정(미만)}{0.2km}{안개}0340-{시정(이상)}{0.2km}{안개}0430-{시정(이상)}{0.5km}{안개}0520-{시정(이상)}{1km}{박무}0540-{박무}{강도0}0600-{박무}{강도0}0900-1015.,101,127.7357,37.9026
1981-09-10,19.9,14.5,23.9,1345.0,414.0,,,,,,,,54.0,75.3,1303.0,1065.0,1.2,7.3,3.3,110.0,110.0,110.0,1216.0,1220.0,12.6,5.7,,14.82,,5.3,-999.0,15.2,14.3,24.0,20.8,24.0,23.9,23.4,22.7,22.4,21.5,15.4,20.0,,,,,,17.3,1010.6,1013.8,1012.3,1015.0,1624.0,937.0,,2.2,3.8,,105,128.891,37.7515
1981-09-10,20.2,15.8,25.5,1414.0,650.0,,,,,,,,53.0,74.0,1344.0,1588.0,1.8,6.9,5.3,180.0,180.0,20.0,1517.0,1600.0,12.7,8.9,,12.63,,3.8,-999.0,15.2,11.8,22.3,22.1,21.4,21.8,22.1,22.2,22.9,22.6,14.8,17.5,,,,,,17.3,1002.3,1012.5,1010.8,1013.7,1612.0,1000.0,,2.2,3.9,-{박무}-{박무}{강도0}0300-{박무}{강도0}0600-{박무}{강도1}0900-1120.  {박무}1620-{박무}{강도0}1800-{박무}{강도0}2100-{박무}{강도0}2400-,108,126.9658,37.5714
1981-09-10,19.5,16.1,23.9,1437.0,625.0,,,,,,,,53.0,75.0,1446.0,1847.0,2.1,7.3,4.7,340.0,290.0,270.0,1714.0,1540.0,12.6,10.4,,14.18,,2.8,-999.0,14.8,13.1,23.0,21.6,21.8,23.4,23.1,23.1,23.2,22.5,15.7,19.0,,,,,,16.8,1004.4,1012.6,1011.5,1013.5,1631.0,1020.0,,3.2,5.2,{박무}0358-{박무}{강도2}0600-{박무}{강도2}0900-{박무}{강도1}1200-1448.,112,126.6244,37.4776
1981-09-10,18.0,13.2,24.7,1530.0,430.0,,,,,,,,50.0,81.5,1430.0,1158.0,1.3,,3.5,0.0,180.0,200.0,,1110.0,12.7,8.1,,32.78,,4.7,,15.1,11.4,21.8,,0.0,0.0,0.0,0.0,23.0,22.7,,,,,,,,17.1,994.5,,,,,,5.37,2.8,3.5,{박무}0315-{시정(미만)}{1km}{안개}0407-{시정(미만)}{0.5km}{안개}0416-{시정(미만)}{0.2km}{안개}0423-{시정(미만)}{0.1km}{안개}0431-{시정(이상)}{0.1km}{안개}0825-{시정(이상)}{0.2km}{안개}0836-{시정(이상)}{0.5km}{안개}0847-{안개}{강도0}0900-{시정(이상)}{1km}{박무}0929-1127.,114,127.9466,37.3375
1981-09-10,19.7,14.4,25.6,1435.0,610.0,,,,,,,,53.0,79.8,1330.0,904.0,1.0,5.5,4.2,290.0,290.0,290.0,1530.0,1530.0,12.6,9.6,,17.98,,5.8,-999.0,15.8,10.0,22.8,21.3,22.3,22.4,22.2,22.7,23.2,22.3,14.5,17.5,,,,,,17.9,1008.8,1013.4,1011.7,1014.5,1550.0,900.0,,2.7,4.2,{박무}0510-{박무}{강도1}0600-{박무}{강도0}0900-1025.,119,126.9853,37.2723
1981-09-10,18.8,15.3,25.1,1530.0,0.0,,,,,0.9,,,43.0,78.3,1600.0,651.0,0.8,,3.5,0.0,140.0,140.0,,1500.0,12.7,8.5,,,,4.0,,14.5,12.1,23.7,,0.0,0.0,0.0,0.0,22.2,22.3,,,,,,,,16.5,1005.2,,,,,,4.92,1.5,3.0,{박무}0420-{시정(미만)}{1km}{안개}0450-{시정(미만)}{0.5km}{안개}0620-{시정(이상)}{0.5km}{안개}0730-{안개}{강도0}0900-{시정(이상)}{1km}{박무}0945-1023.,127,127.9525,36.9705
1981-09-10,19.5,14.2,25.5,1245.0,625.0,,,,,,,,47.0,81.5,1212.0,854.0,1.0,5.5,3.7,320.0,320.0,320.0,1341.0,1350.0,12.6,11.1,,19.03,,3.0,-999.0,15.8,11.4,22.7,23.0,24.1,24.0,24.1,24.4,23.9,23.5,,,,,,,,18.0,1010.2,1012.6,1011.5,1013.4,1548.0,900.0,,3.6,4.8,{박무}0120-{박무}{강도0}0300-{박무}{강도0}0600-0830.,129,126.4939,36.7766
1981-09-10,18.7,14.8,21.3,929.0,2400.0,,,,,,,,64.0,74.8,1349.0,2089.0,2.4,9.7,7.0,160.0,160.0,140.0,1759.0,1740.0,12.6,8.6,,,,5.5,-999.0,14.1,12.6,21.2,20.4,22.4,22.7,22.3,22.0,21.3,21.4,15.2,18.6,,,,,,16.1,1010.2,1016.2,1015.4,1017.0,208.0,1012.0,,4.0,4.7,,130,129.4128,36.9918
1981-09-10,20.0,15.6,26.5,1425.0,405.0,,,,,,,,47.0,74.0,1450.0,1135.0,1.3,6.6,3.7,160.0,160.0,160.0,1114.0,1610.0,12.6,8.2,,11.46,,3.5,-999.0,14.8,12.2,22.0,23.0,22.5,22.7,23.0,23.3,23.3,23.4,15.7,20.9,,,,,,16.8,1006.3,1013.4,1011.7,1014.6,1615.0,905.0,,2.6,3.2,{박무}0540-{박무}{강도1}0600-0815.,131,127.4407,36.6392
1981-09-10,20.4,16.9,25.2,1430.0,535.0,,,,,,,,59.0,81.3,1355.0,1200.0,1.4,4.6,4.3,110.0,110.0,110.0,1556.0,1600.0,12.6,7.6,,,,8.3,-999.0,16.8,16.2,24.1,22.2,22.7,22.4,22.7,23.3,23.0,22.8,14.7,19.0,,,,,,19.1,1003.6,1012.6,1011.0,1013.9,1620.0,1030.0,,3.5,4.4,{박무}0510-{박무}{강도1}0600-0825.,133,127.3721,36.372
1981-09-10,18.7,15.5,22.4,1500.0,233.0,,,,,,,,59.0,79.0,1551.0,1741.0,2.0,7.8,4.8,90.0,90.0,90.0,1001.0,1040.0,12.6,1.3,,10.2,,9.0,-999.0,14.9,13.6,21.4,,21.9,22.1,22.5,22.7,22.1,21.6,,,,,,,,16.9,984.5,1013.3,1012.4,1014.4,1620.0,2400.0,,2.0,3.3,,135,127.9946,36.2203
1981-09-10,19.9,15.6,23.0,1458.0,2400.0,,,,,,,,64.0,84.3,1410.0,3294.0,3.8,7.8,6.7,20.0,20.0,20.0,915.0,920.0,12.6,4.4,,7.53,,6.5,-999.0,17.0,13.1,24.9,,24.9,24.7,24.4,24.1,,,,,,,,,,19.4,1014.2,1015.1,1013.7,1016.0,0.0,2104.0,,3.7,4.7,,138,129.38,36.032
1981-09-10,21.0,17.8,25.4,1445.0,618.0,,,,,,,,59.0,80.8,1212.0,3048.0,3.5,10.3,8.7,320.0,320.0,140.0,1504.0,1513.0,12.6,8.2,,,,6.0,-999.0,17.3,15.6,24.4,23.5,25.0,24.6,25.5,24.9,24.6,24.2,,,,,,,,19.7,1009.1,1012.3,1011.3,1013.2,1543.0,1021.0,,3.1,4.2,,140,126.7057,35.993
1981-09-10,20.4,17.4,25.0,1418.0,2400.0,0.0,0.0,0.0,0.28,,,,52.0,70.3,1254.0,4033.0,4.7,10.8,7.0,70.0,90.0,90.0,1029.0,1210.0,12.6,4.8,,11.94,,7.5,-999.0,14.6,14.7,23.0,23.6,23.6,24.7,24.3,23.7,23.9,23.8,16.6,21.0,,,,,,16.7,1006.4,1013.6,1012.5,1014.9,150.0,2155.0,,3.9,4.3,{비}0748-0805.,143,128.6522,35.8282
1981-09-10,21.1,17.9,27.9,1524.0,620.0,,,,,,,,48.0,74.5,1510.0,769.0,0.9,5.0,3.3,290.0,320.0,180.0,1608.0,1635.0,12.6,2.7,,11.36,,8.8,-999.0,15.9,16.7,25.2,23.0,24.7,25.1,24.8,24.8,24.3,23.8,17.4,20.3,,,,,,18.1,1006.5,1012.6,1010.9,1013.8,1546.0,2400.0,,2.4,3.1,{박무}0428-{박무}{강도0}0600-{박무}{강도0}0900-{박무}{강도0}1200-1235.  {박무}1515-{박무}{강도0}1800-{박무}{강도0}2100-{박무}{강도0}2400-,146,127.155,35.8215
1981-09-10,20.6,16.8,24.0,1404.0,2400.0,,,,,,,,56.0,72.0,1500.0,1992.0,2.3,7.4,5.7,50.0,50.0,50.0,1101.0,1409.0,12.6,4.2,,,,9.3,-999.0,15.2,15.0,24.1,,24.4,24.3,24.1,23.9,23.6,22.8,,,,,,,,17.3,1009.6,1013.5,1012.6,1014.6,1510.0,2050.0,,2.7,3.8,,152,129.3203,35.5601
1981-09-10,20.6,17.1,27.0,1540.0,615.0,14.5,11.0,7.2,3.13,14.5,1926.0,1900.0,50.0,81.3,1543.0,904.0,1.0,5.8,4.0,290.0,290.0,250.0,1812.0,1820.0,12.6,7.2,,18.85,,8.8,-999.0,16.9,16.6,24.7,,23.7,23.7,24.4,24.5,25.0,24.4,,,,,,,,19.3,1003.4,1011.9,1010.2,1013.0,1555.0,2400.0,,2.4,5.5,{소나기}1656-1703.  {소나기}1741-{소나기}{강도0}1800-2042.,156,126.8916,35.1729
1981-09-10,20.4,18.8,23.0,1650.0,640.0,1.4,0.9,0.3,2.25,1.4,1225.0,1220.0,68.0,77.5,1652.0,4068.0,4.7,13.7,8.7,20.0,20.0,20.0,1150.0,440.0,12.6,0.9,,4.44,,9.3,-999.0,16.3,17.9,20.7,23.0,21.0,22.3,23.4,24.2,24.7,24.2,16.5,19.0,,,,,,18.5,1004.3,1012.5,1011.0,1014.0,320.0,2100.0,,1.4,2.3,{박무}0945-{박무}{강도0}1200-{박무}{강도0}1500-1710.  {비}1019-1129.  {비}1218-1323.,159,129.032,35.1047
1981-09-10,22.2,20.3,26.7,1447.0,600.0,0.0,0.0,0.0,0.37,,,,56.0,71.5,1354.0,1186.0,1.4,7.7,2.7,70.0,50.0,50.0,1538.0,1210.0,12.6,4.0,,,,8.5,-999.0,16.7,19.1,26.4,24.3,25.3,24.9,25.0,24.9,25.4,24.8,,,,,,,,19.0,1007.5,1012.1,1010.7,1013.4,106.0,2112.0,,2.9,3.6,{비}0658-0720.,162,128.4356,34.8454
1981-09-10,21.0,18.4,26.1,1337.0,626.0,,,,,,,,58.0,76.5,1509.0,2448.0,2.8,8.8,5.5,340.0,320.0,320.0,1706.0,1750.0,12.6,7.9,,10.23,,6.8,-999.0,16.5,17.5,24.2,,24.0,24.1,24.1,24.0,24.8,23.8,,,,,,,,18.8,1006.6,1013.2,1011.7,1014.5,1613.0,2400.0,,3.6,5.0,,165,126.3812,34.8169
1981-09-10,21.7,19.2,25.0,1531.0,59.0,,,,,0.0,,,58.0,71.3,1657.0,2352.0,2.7,7.8,5.8,160.0,90.0,360.0,2014.0,2049.0,12.6,5.5,,,,6.5,-999.0,16.2,17.4,24.0,,24.3,24.1,24.2,24.5,24.0,23.7,,,,,,,,18.4,1005.2,1013.2,1011.9,1014.5,321.0,1032.0,,2.5,3.6,,168,127.7406,34.7393
1981-09-10,20.7,18.0,24.8,1510.0,630.0,,,,,,,,62.0,79.8,1600.0,912.0,1.1,,3.5,0.0,230.0,230.0,,1340.0,12.6,6.2,,18.92,,4.7,,17.0,16.5,25.6,,0.0,0.0,0.0,0.0,24.1,23.8,,,,,,,,19.3,1011.4,,,,,,,2.3,3.7,,170,126.7018,34.3959
1981-09-10,20.5,17.8,23.6,1249.0,2330.0,1.8,0.9,0.4,4.57,1.5,720.0,630.0,50.0,73.5,1200.0,2521.0,2.9,8.2,5.5,290.0,290.0,230.0,501.0,510.0,12.5,5.5,,13.54,,7.8,-999.0,15.6,14.2,21.6,,23.0,23.9,24.4,24.8,25.2,25.2,,,,,,,,17.7,1010.0,1012.9,1011.8,1014.1,307.0,951.0,,,4.8,{비}0448-{비}{강도0}0600-{비}{강도0}0900-0922.,184,126.5297,33.5141
1981-09-10,19.9,17.6,24.8,1410.0,2054.0,2.0,1.0,0.5,3.75,0.0,,700.0,46.0,79.0,1318.0,1932.0,2.2,,5.0,0.0,320.0,290.0,,1530.0,12.6,7.3,,34.64,,5.3,,15.8,13.5,23.7,,0.0,0.0,0.0,0.0,25.5,25.7,,,,,,,,18.0,1013.3,,,,,,,,4.2,{비}0520-{비}{강도0}0900-0905.,188,126.8804,33.3868
1981-09-10,22.1,19.6,26.0,1450.0,810.0,1.5,1.0,0.3,4.58,0.0,750.0,710.0,48.0,70.3,1358.0,1588.0,1.8,7.5,3.7,50.0,50.0,360.0,1454.0,1450.0,12.5,3.6,,,,8.8,-999.0,16.2,17.6,26.0,24.6,26.7,26.2,26.5,26.2,25.8,25.5,,,,,,,,18.5,1006.3,1012.5,1011.2,1014.1,310.0,1000.0,,2.4,3.7,-{달무리}-0018.  {비}0535-{비}{강도0}0600-{비}{강도0}0900-1010.,189,126.5653,33.2461
1981-09-10,19.1,13.5,25.7,1300.0,30.0,,,,,,,,47.0,79.3,1300.0,168.0,0.2,,1.5,0.0,160.0,160.0,,1110.0,12.6,6.9,,22.12,,4.0,,15.2,11.9,23.4,,0.0,0.0,0.0,0.0,22.5,21.8,,,,,,,,17.3,1009.1,,,,,,4.5,2.0,2.7,{박무}0230-{시정(미만)}{1km}{안개}0250-{안개}{강도0}0300-{시정(미만)}{0.5km}{안개}0320-{시정(이상)}{0.5km}{안개}0620-{시정(이상)}{1km}{박무}0720-{박무}{강도0}0900-0930.,202,127.4945,37.4886
1981-09-10,19.1,15.1,25.4,1607.0,400.0,,,,,,,,55.0,87.0,1607.0,318.0,0.4,,2.0,0.0,70.0,70.0,,1430.0,12.6,8.4,,34.28,,5.7,,16.7,13.6,23.9,,0.0,0.0,0.0,0.0,22.3,22.0,,,,,,,,19.0,1004.2,,,,,,3.33,2.3,3.9,{박무}0410-{시정(미만)}{1km}{안개}0525-{시정(미만)}{0.5km}{안개}0535-{시정(미만)}{0.2km}{안개}0555-{시정(이상)}{0.2km}{안개}0650-{시정(이상)}{0.5km}{안개}0740-{시정(이상)}{1km}{박무}0845-{박무}{강도1}0900-1010.,203,127.4842,37.264
1981-09-10,18.9,11.8,24.8,1510.0,410.0,,,,,,,,56.0,75.3,1330.0,1098.0,1.3,,3.5,0.0,160.0,290.0,,1400.0,12.6,9.4,,23.38,,3.7,,14.4,10.4,23.1,,0.0,0.0,0.0,0.0,21.2,21.2,,,,,,,,16.5,989.5,,,,,,,3.4,3.6,,211,128.1671,38.0599
1981-09-10,18.6,14.0,26.4,1534.0,634.0,,,,,,,,49.0,80.5,1629.0,552.0,0.6,,2.0,,270.0,70.0,,1700.0,12.6,9.6,,43.57,,8.7,,15.1,12.8,22.6,,0.0,0.0,0.0,0.0,20.5,20.2,,,,,,,,17.1,997.1,,,,,,,2.3,4.1,,212,127.8804,37.6836
1981-09-10,17.2,13.8,23.7,1400.0,530.0,,,,,,,,37.0,80.5,1620.0,699.0,0.8,,2.5,0.0,200.0,250.0,,1620.0,12.5,5.6,,13.95,,7.0,,12.8,11.3,21.0,,0.0,0.0,0.0,0.0,21.4,20.4,,,,,,,,14.9,984.5,,,,,,,1.3,2.0,{박무}0530-0720.,221,128.1943,37.1593
1981-09-10,18.3,14.0,24.3,1455.0,50.0,,,,,,,,47.0,77.8,1500.0,963.0,1.1,,4.0,0.0,70.0,70.0,,1400.0,12.6,8.5,,25.66,,8.3,,14.1,13.3,25.8,,0.0,0.0,0.0,0.0,22.1,22.0,,,,,,,,16.2,992.1,,,,,,,,4.0,,226,127.7342,36.4876
1981-09-10,19.4,13.9,26.5,1410.0,400.0,,,,,,,,48.0,78.5,1410.0,1035.0,1.2,,3.5,0.0,320.0,110.0,,1630.0,12.6,9.6,,42.77,,6.3,,16.0,13.0,25.2,,0.0,0.0,0.0,0.0,22.6,22.2,,,,,,,,18.2,1010.9,,,,,,,2.7,3.9,{박무}2339-,232,127.1213,36.7796
1981-09-10,19.9,16.2,24.9,1510.0,2400.0,,,,,,,,54.0,78.5,1000.0,987.0,1.1,,4.0,0.0,290.0,270.0,,1300.0,12.6,10.8,,31.8,,1.7,,15.5,13.0,24.4,,0.0,0.0,0.0,0.0,23.0,21.5,,,,,,,,17.7,1010.8,,,,,,,,4.2,,235,126.5574,36.3272
1981-09-10,20.4,16.0,27.4,1510.0,400.0,,,,,,,,55.0,81.0,1350.0,699.0,0.8,,4.5,0.0,290.0,230.0,,1720.0,12.6,11.1,,25.12,,3.3,,17.2,15.4,27.9,,0.0,0.0,0.0,0.0,23.3,23.2,,,,,,,,19.7,1011.7,,,,,,,3.3,4.8,,236,126.9208,36.2724
1981-09-10,19.8,16.5,24.7,1400.0,510.0,,,,,,,,60.0,78.8,1530.0,522.0,0.6,,2.5,0.0,90.0,90.0,,1530.0,12.6,6.4,,25.37,,7.0,,16.1,13.6,23.7,,0.0,0.0,0.0,0.0,23.0,23.1,,,,,,,,18.3,1000.7,,,,,,,,2.8,,238,127.4818,36.1056
1981-09-10,20.3,17.5,25.2,1507.0,524.0,,,,,,,,56.0,78.5,1503.0,765.0,0.9,,3.0,0.0,340.0,340.0,,1600.0,12.6,7.5,,,,5.3,,16.2,15.9,26.0,,0.0,0.0,0.0,0.0,23.8,23.3,,,,,,,,18.4,1012.2,,,,,,,2.9,3.9,,243,126.7166,35.7296
1981-09-10,19.3,14.2,25.4,1430.0,150.0,0.9,0.9,0.5,0.62,0.9,,1945.0,52.0,80.8,1500.0,555.0,0.6,,2.0,0.0,200.0,200.0,,1200.0,12.6,7.0,,35.88,,7.7,,15.6,12.8,25.4,,0.0,0.0,0.0,0.0,22.6,22.3,,,,,,,,17.8,985.8,1011.9,,,,,3.7,1.5,2.7,{박무}0120-{박무}{강도0}0300-{시정(미만)}{1km}{안개}0332-{시정(미만)}{0.5km}{안개}0450-{시정(이상)}{0.5km}{안개}0635-{시정(이상)}{1km}{박무}0714-0752. {소나기}1945-2022.,244,127.2856,35.612
1981-09-10,20.3,17.3,25.5,1507.0,100.0,,,,,,,,57.0,77.3,1500.0,885.0,1.0,,3.5,0.0,360.0,140.0,,1610.0,12.6,6.4,,26.77,,9.3,,16.1,15.1,25.5,,0.0,0.0,0.0,0.0,24.8,24.0,,,,,,,,18.3,1007.7,1011.3,,,,,,1.5,2.5,,245,126.8661,35.5632
1981-09-10,19.9,16.2,26.8,1350.0,500.0,,,,,1.8,,,40.0,70.5,1430.0,243.0,0.3,,2.5,0.0,270.0,90.0,,1220.0,12.6,6.1,,27.27,,8.0,,14.3,14.4,23.3,,0.0,0.0,0.0,0.0,24.8,23.7,,,,,,,,16.3,1001.6,1015.2,,,,,,2.6,3.8,,247,127.333,35.4054
1981-09-10,20.1,16.4,25.6,1540.0,440.0,,,,,,,,53.0,79.8,1500.0,528.0,0.6,,2.5,0.0,110.0,180.0,,1430.0,12.6,4.1,,33.43,,7.0,,16.2,14.7,24.7,,0.0,0.0,0.0,0.0,23.4,23.8,,,,,,,,18.4,1005.3,,,,,,,1.9,3.1,{박무}0315-{박무}{강도0}0900-1005. {박무}2210-,256,127.2391,35.075
1981-09-10,19.6,16.5,27.3,1402.0,637.0,,,,,,,,48.0,79.8,1250.0,969.0,1.1,,3.0,0.0,140.0,270.0,,1600.0,12.6,5.9,,28.51,,5.3,,15.7,16.1,27.1,,0.0,0.0,0.0,0.0,24.2,24.3,,,,,,,,17.9,1009.2,,,,,,,2.6,3.8,,260,126.9195,34.6889
1981-09-10,20.8,17.3,26.0,1505.0,640.0,,,,,,,,54.0,80.0,1430.0,639.0,0.7,,3.5,0.0,270.0,270.0,,1430.0,12.6,7.6,,33.32,,5.3,,16.9,16.7,24.2,,0.0,0.0,0.0,0.0,23.6,23.7,,,,,,,,19.2,1007.5,,,,,,,2.6,4.0,,261,126.5691,34.5538
1981-09-10,20.1,17.2,25.9,1516.0,2400.0,,,,,0.0,,,57.0,81.8,1532.0,423.0,0.5,,2.5,0.0,90.0,180.0,,1220.0,12.6,6.8,,24.74,,6.7,,16.7,16.3,23.3,,0.0,0.0,0.0,0.0,23.7,23.8,,,,,,,,19.0,1016.5,,,,,,,2.4,3.2,{박무}0604-0816.,262,127.2757,34.6182
1981-09-10,19.9,17.6,24.8,1410.0,2054.0,2.0,1.0,,3.75,0.0,,700.0,46.0,79.0,1318.0,,2.2,,5.0,0.0,320.0,290.0,,1530.0,12.6,7.3,,34.64,,5.3,,15.8,13.5,23.7,,0.0,0.0,0.0,0.0,25.5,25.7,,,,,,,,18.0,1013.3,,,,,,,,4.2,,265,126.8804,33.3868
1981-09-10,19.8,15.9,24.2,1555.0,2400.0,,,,,,,,36.0,68.8,1420.0,447.0,0.5,,1.5,0.0,140.0,140.0,,1400.0,12.6,8.0,,,,8.0,,13.2,14.2,25.3,,0.0,0.0,0.0,0.0,23.5,23.2,,,,,,,,15.4,1001.6,,,,,,,2.3,3.5,,272,128.5169,36.8718
1981-09-10,19.9,17.2,23.4,1450.0,2400.0,,,,,,,,46.0,65.5,1450.0,1086.0,1.3,,4.5,0.0,50.0,50.0,,1020.0,12.6,8.4,,,,10.0,,12.9,15.8,23.2,,0.0,0.0,0.0,0.0,21.9,22.8,,,,,,,,14.9,1003.4,,,,,,,,3.5,-{박무}{강도0}0900-{연무}0924-{연무}{강도0}1500-{연무}{강도0}2100-.,273,128.1488,36.6273
1981-09-10,18.6,13.4,22.3,1410.0,2400.0,,,,,,,,66.0,79.0,1401.0,698.0,0.8,,2.0,0.0,70.0,20.0,,1100.0,12.6,7.1,,29.28,,5.7,,14.7,12.2,24.1,,0.0,0.0,0.0,0.0,22.4,21.6,,,,,,,,16.8,1017.8,,,,,,,2.0,2.6,,277,129.4093,36.5334
1981-09-10,18.5,13.9,24.0,1558.0,2400.0,,,,,,,,45.0,70.0,1325.0,291.0,0.3,,2.5,0.0,180.0,50.0,,1210.0,12.6,5.7,,,,6.7,,11.6,11.7,23.1,,0.0,0.0,0.0,0.0,23.0,23.9,,,,,,,,13.7,1005.7,,,,,,,2.1,3.1,,278,128.6886,36.3561
1981-09-10,19.6,15.4,24.9,1533.0,2400.0,,,,,,,,44.0,76.0,1425.0,627.0,0.7,,2.0,0.0,320.0,70.0,,2320.0,12.6,5.6,,,,8.0,,14.2,13.7,24.8,,0.0,0.0,0.0,0.0,23.2,22.7,,,,,,,,16.2,1009.1,,,,,,,,2.5,,279,128.3206,36.1306
1981-09-10,19.1,13.0,24.1,1404.0,2400.0,,,,,,,,47.0,72.8,1346.0,726.0,0.8,,2.5,0.0,70.0,70.0,,1140.0,12.6,5.1,,23.96,,6.0,,13.6,11.4,22.5,,0.0,0.0,0.0,0.0,22.7,22.6,,,,,,,,15.6,1005.0,,,,,,,,2.5,,281,128.9514,35.9774
1981-09-10,18.7,16.0,23.3,1530.0,300.0,,,,,,,,61.0,79.8,1330.0,726.0,0.8,,4.5,0.0,140.0,140.0,,1610.0,12.6,7.6,,21.93,,6.7,,15.3,14.8,23.7,,0.0,0.0,0.0,0.0,22.0,21.1,,,,,,,,17.4,988.1,,,,,,,,3.2,{박무}0405-{박무}{강도0}0900-1035.,284,127.911,35.6712
1981-09-10,20.8,17.9,26.7,1328.0,43.0,,,,,,,,48.0,72.3,1543.0,795.0,0.9,,3.5,0.0,50.0,50.0,,1130.0,12.6,7.8,,27.96,,7.0,,15.1,17.6,23.6,,0.0,0.0,0.0,0.0,23.1,22.7,,,,,,,,17.2,1011.3,,,,,,,,3.7,-{박무}{강도0}-{박무}{강도0}0900-1248.  {박무}1651-{박무}{강도0}2100-,285,128.1699,35.5651
1981-09-10,17.6,14.2,21.5,1400.0,625.0,,,,,,,,54.0,73.5,1429.0,1744.0,2.0,9.0,6.7,50.0,50.0,50.0,500.0,455.0,12.6,10.8,,,,3.0,-999.0,12.6,10.6,21.7,,21.1,21.0,21.0,21.2,21.5,21.2,,,,,,,,14.6,988.9,1015.0,1013.9,1016.0,500.0,2125.0,,2.3,4.3,,115,130.8986,37.4813
1981-09-10,20.6,18.1,25.0,1538.0,2400.0,,,,,,,,56.0,80.5,1346.0,1170.0,1.4,,4.0,0.0,0.0,360.0,,1250.0,12.6,6.3,,17.65,,9.8,-999.0,16.8,17.6,22.9,23.1,23.3,23.4,24.0,24.1,24.2,23.8,14.4,18.6,,,,,,19.2,1010.3,1013.0,1009.8,1014.4,300.0,2400.0,,1.9,3.7,,192,128.1191,35.2084
1981-09-10,17.6,12.7,24.3,1510.0,705.0,,,,,,,,52.0,83.3,1600.0,699.0,0.8,,3.0,0.0,270.0,270.0,,1520.0,12.7,10.6,,47.62,,0.7,,14.7,9.8,23.2,,0.0,0.0,0.0,0.0,21.1,20.7,,,,,,,,16.8,1011.0,,,,,,,,3.2,,201,126.4463,37.7074
1981-09-10,20.0,15.9,25.8,1458.0,2400.0,,,,,,,,37.0,62.5,1457.0,864.0,1.0,,3.0,0.0,70.0,20.0,,1630.0,12.6,6.0,,24.26,,7.0,,12.0,14.6,24.3,,0.0,0.0,0.0,0.0,23.3,22.7,,,,,,,,14.1,1008.5,,,,,,,1.9,3.0,{달무리}2030-2320.,288,128.7441,35.4915
1981-09-10,20.3,17.0,26.2,1530.0,250.0,,,,,,,,51.0,77.0,1335.0,417.0,0.5,,4.0,0.0,90.0,90.0,,2130.0,12.6,5.3,,,,9.3,,15.9,16.9,23.9,,0.0,0.0,0.0,0.0,23.4,23.0,,,,,,,,18.1,1001.3,,,,,,,,3.3,,289,127.8791,35.413
1981-09-10,18.8,14.0,22.4,1200.0,2400.0,,,,,,,,52.0,77.8,1120.0,1650.0,1.9,,5.5,0.0,110.0,140.0,,1400.0,12.8,10.7,,39.73,,4.7,,14.0,10.7,25.6,,0.0,0.0,0.0,0.0,21.7,21.7,,,,,,,,16.0,1013.8,,,,,,,,4.8,,214,129.2167,37.3667
1981-09-10,21.5,18.7,24.1,1510.0,545.0,0.0,0.0,0.0,0.15,0.0,,,57.0,69.0,1740.0,630.0,0.7,,3.0,0.0,90.0,140.0,,1300.0,12.6,5.4,,18.6,,9.0,,15.9,18.1,26.9,,0.0,0.0,0.0,0.0,23.5,22.8,,,,,,,,18.1,1010.2,,,,,,,,2.8,{비}1443-1452.,294,128.6046,34.8882
1981-09-10,20.9,18.2,25.6,1540.0,2330.0,,,,,,,,57.0,71.8,1515.0,627.0,0.7,,2.5,0.0,230.0,270.0,,1300.0,12.6,6.0,,,,5.3,,16.1,17.5,25.8,,0.0,0.0,0.0,0.0,23.6,23.1,,,,,,,,18.3,1013.6,,,,,,,,3.2,,295,127.9264,34.8166
