dt,ta,tn,tn_at,tx,tx_at,rn,rx_1hr,rx_1hr_at,wx,wx_at,wa,wd_wx,nmin,code,x,y
2012-07-14,21.7,19.0,2012-07-14 14:37:00+00:00,24.2,2012-07-14 02:54:00+00:00,0.0,,,4.3,2012-07-14 01:27:00+00:00,0.6,11.3,1440,675,127.5277,37.7898
2012-07-14,22.9,19.8,2012-07-14 14:52:00+00:00,25.5,2012-07-14 04:16:00+00:00,7.5,4.0,2012-07-14 15:00:00+00:00,4.2,2012-07-14 10:55:00+00:00,0.9,0.0,1440,601,128.3669,36.9855
2012-07-14,24.0,21.4,2012-07-14 14:26:00+00:00,27.2,2012-07-14 05:23:00+00:00,20.5,7.5,2012-07-14 13:00:00+00:00,5.4,2012-07-14 14:57:00+00:00,1.0,50.6,1440,605,127.7598,36.1631
2012-07-14,23.4,22.1,2012-07-14 11:42:00+00:00,26.1,2012-07-14 04:16:00+00:00,9.5,3.5,2012-07-14 12:00:00+00:00,6.8,2012-07-14 11:44:00+00:00,2.0,137.8,1440,609,126.3518,36.3435
2012-07-14,23.0,20.5,2012-07-14 14:49:00+00:00,25.1,2012-07-14 06:24:00+00:00,8.0,3.5,2012-07-14 15:00:00+00:00,4.8,2012-07-14 14:35:00+00:00,0.7,47.8,1440,639,128.1457,36.9041
2012-07-14,25.2,22.6,2012-07-14 11:26:00+00:00,29.1,2012-07-14 04:41:00+00:00,46.0,12.0,2012-07-14 07:00:00+00:00,5.1,2012-07-14 10:42:00+00:00,0.7,78.8,1440,642,127.4061,36.3105
2012-07-14,25.1,22.4,2012-07-14 12:01:00+00:00,29.1,2012-07-14 03:13:00+00:00,23.0,8.0,2012-07-14 10:00:00+00:00,4.0,2012-07-14 09:41:00+00:00,0.7,67.5,1440,644,127.2327,36.1385
2012-07-14,23.3,21.4,2012-07-14 14:51:00+00:00,24.5,2012-07-14 03:05:00+00:00,0.0,0.0,,4.3,2012-07-14 13:21:00+00:00,1.4,68.3,1440,654,126.3072,37.2546
2012-07-14,23.2,22.2,2012-07-14 12:07:00+00:00,25.5,2012-07-14 00:22:00+00:00,11.5,6.5,2012-07-14 12:00:00+00:00,5.9,2012-07-14 14:29:00+00:00,1.7,50.6,1440,657,126.5038,36.3239
2012-07-14,24.2,21.7,2012-07-14 14:50:00+00:00,27.2,2012-07-14 02:56:00+00:00,1.0,0.5,2012-07-14 12:00:00+00:00,5.8,2012-07-14 11:08:00+00:00,1.7,77.2,1440,664,126.484,37.2556
2012-07-14,23.4,21.3,2012-07-14 14:42:00+00:00,26.2,2012-07-14 00:55:00+00:00,38.5,11.5,2012-07-14 10:00:00+00:00,7.0,2012-07-14 13:04:00+00:00,2.2,95.6,1440,673,128.7175,35.2822
2012-07-14,17.8,15.9,2012-07-14 14:59:00+00:00,19.8,2012-07-14 00:57:00+00:00,4.0,1.5,2012-07-14 09:00:00+00:00,4.7,2012-07-14 03:38:00+00:00,1.5,278.3,1440,674,128.8214,37.2197
2012-07-14,20.0,18.0,2012-07-14 13:28:00+00:00,23.7,2012-07-14 02:47:00+00:00,4.5,1.5,2012-07-14 15:00:00+00:00,3.0,2012-07-14 06:14:00+00:00,0.5,216.6,1440,680,127.8441,38.2127
2012-07-14,20.0,18.1,2012-07-14 14:33:00+00:00,22.7,2012-07-14 02:48:00+00:00,3.0,1.5,2012-07-14 09:00:00+00:00,3.3,2012-07-14 00:08:00+00:00,0.6,332.9,1440,681,127.8117,38.2438
2012-07-14,14.0,12.6,2012-07-14 10:58:00+00:00,16.7,2012-07-14 02:21:00+00:00,6.5,4.0,2012-07-14 15:00:00+00:00,5.5,2012-07-14 11:36:00+00:00,1.8,110.6,1440,682,127.8647,38.2806
2012-07-14,23.8,22.8,2012-07-14 12:32:00+00:00,25.8,2012-07-14 01:53:00+00:00,28.0,6.0,2012-07-14 09:00:00+00:00,5.7,2012-07-14 14:38:00+00:00,0.9,53.4,1440,690,127.14,35.34
2012-07-14,24.8,22.0,2012-07-14 12:17:00+00:00,28.0,2012-07-14 04:26:00+00:00,16.5,7.0,2012-07-14 12:00:00+00:00,5.9,2012-07-14 11:37:00+00:00,1.2,146.3,1440,691,126.9586,36.3824
2012-07-14,20.4,18.8,2012-07-14 14:05:00+00:00,22.1,2012-07-14 03:58:00+00:00,34.5,15.5,2012-07-14 14:00:00+00:00,4.7,2012-07-14 02:14:00+00:00,1.2,50.6,1440,692,126.9178,38.0264
2012-07-14,24.3,21.7,2012-07-14 14:56:00+00:00,26.7,2012-07-14 03:20:00+00:00,11.5,6.0,2012-07-14 14:00:00+00:00,6.3,2012-07-14 07:23:00+00:00,1.3,52.6,1440,693,127.4401,36.7232
2012-07-14,20.8,18.8,2012-07-14 13:20:00+00:00,23.0,2012-07-14 05:32:00+00:00,7.0,4.0,2012-07-14 14:00:00+00:00,15.5,2012-07-14 13:01:00+00:00,5.0,80.0,1440,694,126.6094,36.7044
2012-07-14,15.4,13.9,2012-07-14 14:33:00+00:00,17.2,2012-07-13 15:01:00+00:00,16.0,9.5,2012-07-14 14:00:00+00:00,10.9,2012-07-14 08:00:00+00:00,5.6,143.7,1439,695,127.432,38.1162
2012-07-14,21.0,19.2,2012-07-14 14:29:00+00:00,23.8,2012-07-14 03:25:00+00:00,1.0,0.5,2012-07-14 13:00:00+00:00,6.6,2012-07-14 06:07:00+00:00,1.3,5.6,1440,696,129.0861,37.3466
2012-07-14,22.6,19.6,2012-07-13 20:29:00+00:00,23.9,2012-07-14 11:44:00+00:00,70.0,25.5,2012-07-14 09:00:00+00:00,11.6,2012-07-14 09:02:00+00:00,2.1,73.0,1440,697,125.9183,34.2511
2012-07-14,23.7,22.5,2012-07-13 21:47:00+00:00,24.9,2012-07-14 03:26:00+00:00,46.0,12.5,2012-07-14 10:00:00+00:00,7.5,2012-07-14 11:47:00+00:00,2.0,90.0,1440,698,126.2851,35.0938
2012-07-14,23.6,22.6,2012-07-13 22:30:00+00:00,24.7,2012-07-14 02:47:00+00:00,67.5,19.5,2012-07-14 14:00:00+00:00,0.9,2012-07-14 08:56:00+00:00,0.2,115.3,1440,699,126.4611,34.9838
2012-07-14,22.9,21.3,2012-07-14 11:16:00+00:00,24.0,2012-07-14 03:45:00+00:00,26.5,9.5,2012-07-14 15:00:00+00:00,6.2,2012-07-14 13:17:00+00:00,2.5,241.6,1440,700,125.9682,36.1251
2012-07-14,23.8,21.4,2012-07-14 14:53:00+00:00,27.5,2012-07-14 02:36:00+00:00,21.0,7.0,2012-07-14 12:00:00+00:00,3.2,2012-07-14 14:33:00+00:00,0.5,61.9,1440,701,127.6719,36.004
2012-07-14,25.1,23.1,2012-07-14 12:25:00+00:00,27.9,2012-07-14 04:10:00+00:00,30.5,7.5,2012-07-14 09:00:00+00:00,5.3,2012-07-14 10:56:00+00:00,0.8,92.8,1440,702,126.9944,35.9451
2012-07-14,23.1,21.3,2012-07-14 12:02:00+00:00,25.4,2012-07-14 05:09:00+00:00,23.5,5.5,2012-07-14 11:00:00+00:00,6.6,2012-07-14 09:21:00+00:00,1.2,8.4,1440,703,127.4374,35.7603
2012-07-14,23.8,22.3,2012-07-14 09:44:00+00:00,25.1,2012-07-14 14:42:00+00:00,35.1,10.1,2012-07-14 10:00:00+00:00,7.0,2012-07-14 13:10:00+00:00,2.1,151.9,1440,704,126.463,35.6351
2012-07-14,24.0,23.0,2012-07-13 20:13:00+00:00,26.0,2012-07-14 04:45:00+00:00,47.0,17.0,2012-07-14 15:00:00+00:00,5.9,2012-07-14 14:45:00+00:00,1.3,348.8,1440,706,126.9727,35.3102
2012-07-14,23.4,22.0,2012-07-13 21:08:00+00:00,24.4,2012-07-14 02:21:00+00:00,52.0,13.0,2012-07-14 09:00:00+00:00,8.9,2012-07-14 06:27:00+00:00,2.4,149.1,1440,707,126.2084,35.058
2012-07-14,24.4,23.4,2012-07-13 19:23:00+00:00,26.3,2012-07-14 01:25:00+00:00,102.5,59.5,2012-07-14 15:00:00+00:00,9.5,2012-07-14 12:56:00+00:00,1.6,33.8,1440,708,126.7453,35.1289
2012-07-14,24.8,23.4,2012-07-14 14:04:00+00:00,27.1,2012-07-14 01:50:00+00:00,44.0,16.0,2012-07-14 12:00:00+00:00,6.8,2012-07-14 11:12:00+00:00,1.2,78.8,1440,709,127.461,35.1973
2012-07-14,24.5,23.6,2012-07-14 10:46:00+00:00,26.3,2012-07-14 00:48:00+00:00,88.0,31.5,2012-07-14 15:00:00+00:00,8.1,2012-07-14 14:48:00+00:00,1.1,306.6,1440,710,126.7514,35.0358
2012-07-14,24.2,23.4,2012-07-13 20:52:00+00:00,25.0,2012-07-14 01:44:00+00:00,68.0,33.0,2012-07-14 11:00:00+00:00,8.4,2012-07-14 10:45:00+00:00,1.6,253.1,1440,711,126.9886,34.8879
2012-07-14,23.9,22.8,2012-07-14 14:55:00+00:00,26.0,2012-07-14 01:38:00+00:00,81.0,28.5,2012-07-14 14:00:00+00:00,8.3,2012-07-14 11:58:00+00:00,1.3,236.3,1440,712,127.4875,34.9506
2012-07-14,23.3,22.0,2012-07-14 14:50:00+00:00,25.7,2012-07-14 01:55:00+00:00,105.0,39.5,2012-07-14 14:00:00+00:00,8.8,2012-07-14 12:03:00+00:00,0.8,92.8,1440,713,127.5826,34.9751
2012-07-14,23.7,22.2,2012-07-13 21:52:00+00:00,25.0,2012-07-14 13:24:00+00:00,44.5,11.5,2012-07-14 08:00:00+00:00,9.1,2012-07-14 11:23:00+00:00,2.4,93.5,1440,714,126.0474,34.8845
2012-07-14,23.8,22.4,2012-07-13 20:21:00+00:00,25.5,2012-07-14 14:59:00+00:00,74.0,27.5,2012-07-14 09:00:00+00:00,8.5,2012-07-14 05:11:00+00:00,1.7,106.9,1440,715,126.2585,34.4731
2012-07-14,23.4,21.2,2012-07-13 19:10:00+00:00,25.2,2012-07-14 14:54:00+00:00,46.5,10.5,2012-07-14 06:00:00+00:00,4.2,2012-07-14 14:20:00+00:00,1.1,190.7,1440,716,126.0366,34.6069
2012-07-14,23.6,22.0,2012-07-13 20:54:00+00:00,25.2,2012-07-14 14:37:00+00:00,57.5,26.5,2012-07-14 09:00:00+00:00,8.9,2012-07-14 14:58:00+00:00,1.9,216.6,1440,717,126.1902,34.4064
2012-07-14,23.1,21.3,2012-07-13 20:04:00+00:00,25.1,2012-07-14 14:52:00+00:00,57.0,27.0,2012-07-14 09:00:00+00:00,16.4,2012-07-14 14:35:00+00:00,2.6,157.5,1440,718,126.0473,34.2966
2012-07-14,24.2,22.6,2012-07-14 09:13:00+00:00,26.6,2012-07-14 04:08:00+00:00,24.5,10.5,2012-07-14 11:00:00+00:00,9.7,2012-07-14 09:08:00+00:00,1.8,75.6,1440,719,126.3977,35.8118
2012-07-14,24.4,23.3,2012-07-14 10:47:00+00:00,25.8,2012-07-14 01:17:00+00:00,50.5,18.5,2012-07-14 11:00:00+00:00,6.9,2012-07-14 14:36:00+00:00,1.4,213.8,1440,722,126.9288,35.1368
2012-07-14,24.4,23.1,2012-07-13 20:23:00+00:00,25.9,2012-07-14 11:56:00+00:00,25.0,11.5,2012-07-14 06:00:00+00:00,11.9,2012-07-14 12:32:00+00:00,2.3,226.0,1440,725,126.9534,33.5065
2012-07-14,25.1,23.0,2012-07-14 10:07:00+00:00,27.8,2012-07-14 04:37:00+00:00,24.5,7.0,2012-07-14 10:00:00+00:00,4.1,2012-07-14 06:16:00+00:00,1.4,182.8,1440,738,126.7108,35.6094
2012-07-14,24.8,23.0,2012-07-14 09:47:00+00:00,26.5,2012-07-14 03:55:00+00:00,28.5,10.5,2012-07-14 10:00:00+00:00,7.2,2012-07-14 12:30:00+00:00,1.5,104.1,1439,739,126.5467,35.5225
2012-07-14,24.2,22.9,2012-07-13 21:21:00+00:00,25.7,2012-07-14 02:16:00+00:00,69.0,32.0,2012-07-14 14:00:00+00:00,6.9,2012-07-14 11:47:00+00:00,1.9,101.3,1440,742,126.3432,34.9626
2012-07-14,22.6,21.1,2012-07-13 20:36:00+00:00,25.1,2012-07-14 01:41:00+00:00,54.0,25.5,2012-07-14 15:00:00+00:00,4.5,2012-07-14 11:12:00+00:00,1.2,219.4,1440,760,126.9327,35.4274
2012-07-14,23.5,22.4,2012-07-14 14:48:00+00:00,25.4,2012-07-13 23:38:00+00:00,58.5,19.5,2012-07-14 14:00:00+00:00,10.3,2012-07-14 06:54:00+00:00,3.4,149.1,1440,766,127.715,34.8495
2012-07-14,25.0,23.9,2012-07-13 22:33:00+00:00,26.2,2012-07-14 03:25:00+00:00,48.0,15.5,2012-07-14 09:00:00+00:00,7.2,2012-07-14 12:45:00+00:00,1.9,109.7,1440,769,126.3718,35.2179
2012-07-14,24.7,23.1,2012-07-13 20:25:00+00:00,26.7,2012-07-13 23:51:00+00:00,58.0,25.0,2012-07-14 11:00:00+00:00,7.2,2012-07-14 14:49:00+00:00,1.5,157.5,1440,770,126.8275,34.9473
2012-07-14,23.5,21.8,2012-07-13 20:04:00+00:00,24.7,2012-07-14 14:21:00+00:00,42.5,7.0,2012-07-14 07:00:00+00:00,7.0,2012-07-14 05:54:00+00:00,1.9,138.1,1440,771,126.1246,34.7561
2012-07-14,24.1,23.3,2012-07-14 09:15:00+00:00,25.7,2012-07-14 14:46:00+00:00,66.5,20.5,2012-07-14 10:00:00+00:00,9.6,2012-07-14 14:48:00+00:00,1.7,219.4,1440,772,126.343,34.4906
2012-07-14,24.6,23.4,2012-07-13 20:38:00+00:00,26.0,2012-07-14 14:52:00+00:00,59.0,29.0,2012-07-14 10:00:00+00:00,11.7,2012-07-14 14:30:00+00:00,1.7,205.3,1440,773,126.5718,34.6993
2012-07-14,24.3,23.6,2012-07-14 13:55:00+00:00,25.5,2012-07-14 02:21:00+00:00,69.5,18.5,2012-07-14 15:00:00+00:00,4.5,2012-07-14 13:33:00+00:00,1.0,312.2,1440,774,126.5021,34.9308
2012-07-14,23.9,22.8,2012-07-14 10:42:00+00:00,25.3,2012-07-14 03:03:00+00:00,84.0,31.0,2012-07-14 15:00:00+00:00,6.5,2012-07-14 07:09:00+00:00,1.5,151.9,1440,775,126.6322,35.1801
2012-07-14,24.1,22.9,2012-07-13 19:51:00+00:00,25.9,2012-07-14 14:52:00+00:00,26.0,5.5,2012-07-14 04:00:00+00:00,9.4,2012-07-14 14:46:00+00:00,1.8,191.3,1440,776,126.5534,34.4602
2012-07-14,23.7,22.8,2012-07-13 20:33:00+00:00,25.1,2012-07-14 14:57:00+00:00,47.5,15.5,2012-07-14 13:00:00+00:00,6.4,2012-07-14 09:49:00+00:00,1.2,123.8,1440,777,126.8883,34.4994
2012-07-14,23.9,23.1,2012-07-13 15:38:00+00:00,25.4,2012-07-14 14:51:00+00:00,68.0,23.5,2012-07-14 11:00:00+00:00,5.0,2012-07-14 10:01:00+00:00,0.7,337.5,1440,778,126.8218,34.796
2012-07-14,25.2,23.3,2012-07-13 17:47:00+00:00,28.3,2012-07-14 03:34:00+00:00,3.5,2.0,2012-07-14 02:00:00+00:00,12.9,2012-07-14 14:34:00+00:00,3.6,195.6,1440,779,126.2673,33.4105
2012-07-14,24.8,23.6,2012-07-13 15:01:00+00:00,26.6,2012-07-14 03:26:00+00:00,9.0,5.0,2012-07-14 02:00:00+00:00,8.0,2012-07-14 12:32:00+00:00,2.2,216.6,1440,780,126.7208,33.28
2012-07-14,25.1,23.2,2012-07-13 19:48:00+00:00,26.9,2012-07-14 14:51:00+00:00,24.0,13.0,2012-07-14 06:00:00+00:00,9.0,2012-07-14 12:56:00+00:00,2.4,217.1,1440,781,126.8519,33.5226
2012-07-14,21.8,19.9,2012-07-13 17:01:00+00:00,22.7,2012-07-14 00:44:00+00:00,46.5,10.0,2012-07-14 06:00:00+00:00,10.2,2012-07-14 13:46:00+00:00,2.3,175.7,1440,782,126.6194,33.3845
2012-07-14,24.4,23.4,2012-07-14 09:01:00+00:00,26.3,2012-07-14 04:31:00+00:00,82.5,51.5,2012-07-14 15:00:00+00:00,5.3,2012-07-14 14:33:00+00:00,1.0,42.2,1439,783,126.8408,35.2303
2012-07-14,24.6,23.9,2012-07-14 10:04:00+00:00,25.8,2012-07-14 00:50:00+00:00,65.5,23.5,2012-07-14 10:00:00+00:00,8.9,2012-07-14 03:24:00+00:00,1.5,182.8,1440,784,126.6071,34.8686
2012-07-14,23.8,23.0,2012-07-13 15:01:00+00:00,25.7,2012-07-14 14:58:00+00:00,40.0,11.5,2012-07-14 04:00:00+00:00,6.8,2012-07-14 14:57:00+00:00,1.1,185.6,1440,785,126.6761,34.4642
2012-07-14,23.8,22.6,2012-07-13 15:51:00+00:00,26.1,2012-07-14 14:19:00+00:00,20.0,4.0,2012-07-14 05:00:00+00:00,12.0,2012-07-14 14:15:00+00:00,2.8,202.5,1440,786,127.72,34.62
2012-07-14,22.6,21.7,2012-07-13 17:46:00+00:00,24.4,2012-07-14 14:30:00+00:00,25.5,6.0,2012-07-14 04:00:00+00:00,12.1,2012-07-14 13:19:00+00:00,3.6,208.1,1440,787,127.3325,34.4522
2012-07-14,25.1,23.9,2012-07-14 10:57:00+00:00,26.6,2012-07-14 00:42:00+00:00,68.0,21.5,2012-07-14 11:00:00+00:00,4.3,2012-07-14 14:58:00+00:00,0.9,320.6,1439,788,126.8771,35.1343
2012-07-14,23.8,22.2,2012-07-13 20:33:00+00:00,24.7,2012-07-14 04:07:00+00:00,57.0,20.5,2012-07-14 14:00:00+00:00,6.9,2012-07-14 11:49:00+00:00,1.8,109.7,1440,789,126.2933,34.8764
2012-07-14,22.8,21.8,2012-07-13 15:43:00+00:00,24.3,2012-07-14 11:52:00+00:00,22.5,5.5,2012-07-14 09:00:00+00:00,12.6,2012-07-14 13:34:00+00:00,3.9,160.3,1440,790,127.49,34.4143
2012-07-14,21.9,20.3,2012-07-13 20:39:00+00:00,23.8,2012-07-14 00:35:00+00:00,74.0,30.0,2012-07-14 13:00:00+00:00,3.1,2012-07-14 00:54:00+00:00,0.3,219.4,1440,791,127.5838,35.2662
2012-07-14,25.0,23.9,2012-07-13 20:57:00+00:00,25.8,2012-07-14 09:40:00+00:00,10.0,4.0,2012-07-14 06:00:00+00:00,8.8,2012-07-14 10:55:00+00:00,3.1,180.0,1440,792,126.8168,33.3536
2012-07-14,25.1,24.0,2012-07-13 19:12:00+00:00,26.1,2012-07-14 02:52:00+00:00,6.5,2.5,2012-07-14 05:00:00+00:00,5.2,2012-07-14 04:19:00+00:00,1.8,111.6,1440,793,126.25,33.2167
2012-07-14,23.7,22.6,2012-07-14 14:37:00+00:00,25.8,2012-07-14 01:20:00+00:00,57.0,23.5,2012-07-14 12:00:00+00:00,7.1,2012-07-14 11:41:00+00:00,0.7,284.1,1440,794,127.4271,35.1014
2012-07-14,24.2,23.1,2012-07-14 11:48:00+00:00,26.8,2012-07-14 01:58:00+00:00,44.5,19.0,2012-07-14 12:00:00+00:00,4.3,2012-07-14 13:19:00+00:00,1.0,67.5,1440,795,127.139,35.2753
2012-07-14,23.4,22.1,2012-07-13 20:53:00+00:00,25.5,2012-07-14 13:43:00+00:00,14.5,5.0,2012-07-14 04:00:00+00:00,11.3,2012-07-14 13:14:00+00:00,1.9,262.6,1440,796,127.2448,34.2378
2012-07-14,,22.0,2012-07-13 20:06:00+00:00,23.8,2012-07-14 12:13:00+00:00,45.0,4.5,2012-07-14 02:00:00+00:00,10.9,2012-07-14 14:55:00+00:00,,192.8,1215,797,125.2995,34.395
2012-07-14,23.6,22.8,2012-07-14 01:57:00+00:00,24.3,2012-07-14 14:49:00+00:00,31.0,9.5,2012-07-14 07:00:00+00:00,12.5,2012-07-14 09:38:00+00:00,5.3,143.1,1440,798,125.1833,34.6667
2012-07-14,23.6,22.4,2012-07-13 18:56:00+00:00,24.5,2012-07-14 03:02:00+00:00,39.0,16.0,2012-07-14 07:00:00+00:00,7.5,2012-07-14 11:11:00+00:00,2.5,114.3,1440,799,126.1376,35.2022
2012-07-14,21.9,19.6,2012-07-14 14:12:00+00:00,25.0,2012-07-14 01:25:00+00:00,5.0,2.5,2012-07-14 15:00:00+00:00,4.9,2012-07-14 13:44:00+00:00,1.8,303.8,1440,800,129.431,36.6667
2012-07-14,22.1,19.3,2012-07-14 14:06:00+00:00,25.1,2012-07-14 06:53:00+00:00,6.5,3.0,2012-07-14 14:00:00+00:00,4.4,2012-07-14 14:32:00+00:00,0.9,348.7,1440,801,129.1121,36.667
2012-07-14,21.7,19.0,2012-07-14 14:36:00+00:00,25.5,2012-07-14 03:34:00+00:00,11.0,7.0,2012-07-14 15:00:00+00:00,4.7,2012-07-13 17:37:00+00:00,0.9,5.6,1440,802,129.3455,36.7241
2012-07-14,23.0,20.4,2012-07-14 14:58:00+00:00,24.8,2012-07-14 02:41:00+00:00,32.0,10.5,2012-07-14 12:00:00+00:00,7.0,2012-07-14 12:26:00+00:00,1.5,351.6,1440,809,127.9689,35.9179
2012-07-14,22.6,19.7,2012-07-14 14:52:00+00:00,25.2,2012-07-14 04:37:00+00:00,9.5,3.0,2012-07-14 15:00:00+00:00,3.8,2012-07-13 19:42:00+00:00,0.7,264.4,1440,814,128.6541,36.9789
2012-07-14,22.5,20.0,2012-07-14 14:34:00+00:00,25.6,2012-07-14 04:41:00+00:00,26.0,13.0,2012-07-14 15:00:00+00:00,5.8,2012-07-14 12:22:00+00:00,1.5,165.9,1440,826,128.7923,36.0441
2012-07-14,22.8,19.9,2012-07-14 14:52:00+00:00,26.5,2012-07-14 05:28:00+00:00,6.5,2.0,2012-07-14 13:00:00+00:00,4.5,2012-07-14 07:36:00+00:00,0.8,154.7,1440,839,128.8954,36.4583
2012-07-14,23.2,19.6,2012-07-14 14:19:00+00:00,25.9,2012-07-14 04:06:00+00:00,29.5,12.0,2012-07-14 15:00:00+00:00,8.5,2012-07-14 13:19:00+00:00,2.9,90.0,1440,846,128.531,35.865
2012-07-14,17.8,15.9,2012-07-13 17:58:00+00:00,19.1,2012-07-14 09:49:00+00:00,52.5,9.0,2012-07-14 09:00:00+00:00,17.8,2012-07-14 14:02:00+00:00,6.1,285.0,1440,871,126.518,33.3624
2012-07-14,20.3,19.0,2012-07-14 12:18:00+00:00,21.7,2012-07-14 02:46:00+00:00,5.0,1.0,2012-07-14 10:00:00+00:00,10.3,2012-07-14 04:13:00+00:00,2.8,337.5,1440,876,129.1682,37.4534
2012-07-14,23.2,21.0,2012-07-14 10:16:00+00:00,26.1,2012-07-14 02:39:00+00:00,28.5,9.5,2012-07-14 13:00:00+00:00,7.0,2012-07-14 03:13:00+00:00,1.4,81.5,1440,914,127.6955,35.6477
2012-07-14,23.3,21.8,2012-07-14 14:32:00+00:00,24.9,2012-07-13 23:42:00+00:00,86.0,40.5,2012-07-14 15:00:00+00:00,7.7,2012-07-14 11:24:00+00:00,1.7,56.3,1440,918,128.3309,34.9905
2012-07-14,23.9,21.7,2012-07-14 14:46:00+00:00,27.8,2012-07-14 01:54:00+00:00,35.5,13.0,2012-07-14 15:00:00+00:00,5.9,2012-07-14 03:02:00+00:00,0.9,160.3,1440,920,128.3992,35.2934
2012-07-14,21.5,19.9,2012-07-14 13:54:00+00:00,22.7,2012-07-14 02:50:00+00:00,31.5,9.5,2012-07-14 14:00:00+00:00,5.5,2012-07-14 13:52:00+00:00,1.6,45.0,1440,923,129.2511,35.275
2012-07-14,23.3,20.7,2012-07-14 14:53:00+00:00,26.0,2012-07-14 04:12:00+00:00,29.0,11.5,2012-07-14 15:00:00+00:00,8.0,2012-07-14 03:11:00+00:00,1.1,8.4,1440,927,128.8809,35.5842
2012-07-14,22.8,21.6,2012-07-14 14:34:00+00:00,24.7,2012-07-13 23:37:00+00:00,41.5,9.5,2012-07-14 09:00:00+00:00,7.7,2012-07-14 13:30:00+00:00,1.8,118.1,1440,929,128.2586,35.0989
2012-07-14,23.1,20.4,2012-07-14 14:43:00+00:00,25.6,2012-07-14 01:26:00+00:00,31.0,12.5,2012-07-14 15:00:00+00:00,4.6,2012-07-14 07:47:00+00:00,1.3,30.8,1440,928,129.1731,35.4162
2012-07-14,23.6,21.3,2012-07-14 14:58:00+00:00,27.0,2012-07-14 00:34:00+00:00,59.0,28.0,2012-07-14 14:00:00+00:00,11.4,2012-07-14 12:36:00+00:00,2.0,81.6,1440,936,128.2023,35.3326
2012-07-14,20.9,19.5,2012-07-14 13:26:00+00:00,22.7,2012-07-13 22:28:00+00:00,23.0,13.0,2012-07-14 15:00:00+00:00,6.3,2012-07-14 14:38:00+00:00,1.9,11.3,1440,949,129.4496,35.6144
2012-07-14,24.2,22.7,2012-07-13 20:54:00+00:00,26.8,2012-07-14 01:59:00+00:00,55.5,18.0,2012-07-14 15:00:00+00:00,6.0,2012-07-14 13:06:00+00:00,1.6,125.8,1440,951,126.9073,35.5087
2012-07-14,19.3,17.1,2012-07-14 14:45:00+00:00,21.6,2012-07-13 16:20:00+00:00,16.0,6.0,2012-07-14 08:00:00+00:00,9.6,2012-07-14 11:38:00+00:00,3.1,123.8,1440,116,126.964,37.4453
2012-07-14,21.3,20.2,2012-07-14 13:20:00+00:00,22.2,2012-07-14 02:06:00+00:00,51.0,17.5,2012-07-14 14:00:00+00:00,15.8,2012-07-14 14:23:00+00:00,3.9,92.0,1440,160,129.0,35.1188
2012-07-14,23.7,21.0,2012-07-14 12:41:00+00:00,27.2,2012-07-14 02:58:00+00:00,9.5,5.0,2012-07-14 13:00:00+00:00,11.2,2012-07-14 12:41:00+00:00,2.9,117.1,1440,229,125.5595,36.6254
2012-07-14,23.0,21.5,2012-07-14 10:01:00+00:00,24.1,2012-07-14 03:23:00+00:00,20.0,10.5,2012-07-14 11:00:00+00:00,9.4,2012-07-14 09:05:00+00:00,2.8,136.3,1440,300,126.3153,35.8584
2012-07-14,23.5,21.9,2012-07-13 18:39:00+00:00,24.5,2012-07-14 02:59:00+00:00,46.0,17.0,2012-07-14 09:00:00+00:00,8.0,2012-07-14 11:48:00+00:00,2.7,81.6,1440,301,126.118,35.0859
2012-07-14,22.7,21.3,2012-07-13 19:06:00+00:00,23.9,2012-07-14 13:39:00+00:00,63.0,20.0,2012-07-14 09:00:00+00:00,7.2,2012-07-14 11:33:00+00:00,1.3,132.2,1440,302,126.1592,34.6647
2012-07-14,23.8,22.4,2012-07-14 01:11:00+00:00,24.5,2012-07-14 14:21:00+00:00,44.0,8.0,2012-07-14 00:00:00+00:00,8.5,2012-07-14 14:59:00+00:00,1.1,211.3,1440,303,125.1264,34.0522
2012-07-14,24.0,22.5,2012-07-13 18:57:00+00:00,26.4,2012-07-14 13:23:00+00:00,19.0,15.0,2012-07-14 03:00:00+00:00,8.2,2012-07-14 13:23:00+00:00,1.4,202.9,1440,305,126.9201,33.9862
2012-07-14,,22.7,2012-07-14 03:30:00+00:00,25.4,2012-07-14 14:39:00+00:00,19.5,4.5,2012-07-14 09:00:00+00:00,12.0,2012-07-14 13:49:00+00:00,,213.8,907,306,127.8008,34.9525
2012-07-14,22.3,21.2,2012-07-13 21:39:00+00:00,23.8,2012-07-14 11:04:00+00:00,16.5,5.5,2012-07-14 04:00:00+00:00,11.2,2012-07-14 12:45:00+00:00,2.0,115.3,1440,307,127.4496,34.2437
2012-07-14,20.5,19.1,2012-07-14 13:32:00+00:00,22.4,2012-07-14 03:55:00+00:00,4.0,1.0,2012-07-14 12:00:00+00:00,15.1,2012-07-14 14:29:00+00:00,2.4,312.2,1440,310,129.265,37.3246
2012-07-14,20.3,19.0,2012-07-13 18:04:00+00:00,21.7,2012-07-13 22:55:00+00:00,40.5,11.5,2012-07-14 14:00:00+00:00,4.5,2012-07-14 12:37:00+00:00,0.6,56.3,1440,311,128.0867,35.7892
2012-07-14,22.3,19.9,2012-07-14 13:48:00+00:00,25.3,2012-07-14 05:38:00+00:00,8.5,3.5,2012-07-14 15:00:00+00:00,8.7,2012-07-14 12:26:00+00:00,1.5,27.8,1440,312,129.1413,36.3931
2012-07-14,21.2,20.1,2012-07-14 13:38:00+00:00,22.0,2012-07-13 21:59:00+00:00,47.5,12.0,2012-07-14 13:00:00+00:00,19.4,2012-07-14 14:28:00+00:00,4.7,62.7,1440,313,128.7514,34.8934
2012-07-14,17.2,15.2,2012-07-14 09:18:00+00:00,22.0,2012-07-14 02:09:00+00:00,24.5,6.0,2012-07-14 10:00:00+00:00,14.4,2012-07-14 10:34:00+00:00,3.5,135.8,1440,314,127.7431,35.8662
2012-07-14,19.1,17.9,2012-07-13 21:04:00+00:00,20.5,2012-07-13 23:29:00+00:00,47.5,21.0,2012-07-14 12:00:00+00:00,14.0,2012-07-14 10:53:00+00:00,2.0,120.9,1440,315,127.5108,35.3067
2012-07-14,24.6,22.5,2012-07-14 12:15:00+00:00,27.2,2012-07-14 06:01:00+00:00,28.5,10.5,2012-07-14 11:00:00+00:00,5.9,2012-07-14 04:57:00+00:00,1.3,219.3,1440,317,127.1142,35.7295
2012-07-14,17.5,15.9,2012-07-14 10:06:00+00:00,19.7,2012-07-14 02:01:00+00:00,2.5,1.0,2012-07-14 09:00:00+00:00,5.6,2012-07-14 04:14:00+00:00,1.8,51.0,1440,318,128.6704,37.6434
2012-07-14,22.2,20.9,2012-07-14 14:40:00+00:00,23.8,2012-07-13 23:46:00+00:00,1.5,1.0,2012-07-14 07:00:00+00:00,3.0,2012-07-14 03:53:00+00:00,0.6,314.9,1439,319,130.8746,37.5408
2012-07-14,13.3,12.4,2012-07-14 07:58:00+00:00,14.8,2012-07-13 15:02:00+00:00,27.5,5.0,2012-07-13 16:00:00+00:00,8.7,2012-07-14 02:38:00+00:00,4.1,116.2,1440,320,128.3137,38.331
2012-07-14,20.2,18.1,2012-07-14 11:53:00+00:00,24.1,2012-07-14 01:58:00+00:00,11.0,5.5,2012-07-13 17:00:00+00:00,7.7,2012-07-14 01:47:00+00:00,2.4,95.6,1439,321,128.1963,38.1147
2012-07-14,19.6,17.2,2012-07-14 14:56:00+00:00,21.7,2012-07-14 02:21:00+00:00,22.0,15.5,2012-07-14 15:00:00+00:00,5.5,2012-07-14 02:13:00+00:00,1.2,11.3,1440,322,127.6698,38.2155
2012-07-14,19.1,16.9,2012-07-14 14:13:00+00:00,20.8,2012-07-14 03:04:00+00:00,9.5,5.5,2012-07-14 15:00:00+00:00,4.7,2012-07-14 11:27:00+00:00,1.2,340.3,1440,323,127.553,38.2747
2012-07-14,21.8,18.8,2012-07-14 14:55:00+00:00,24.0,2012-07-14 00:13:00+00:00,5.5,2.0,2012-07-14 15:00:00+00:00,5.9,2012-07-14 02:17:00+00:00,0.7,101.9,1440,325,128.0253,37.1445
2012-07-14,22.0,20.0,2012-07-14 12:15:00+00:00,23.6,2012-07-14 04:23:00+00:00,10.5,7.5,2012-07-14 12:00:00+00:00,5.5,2012-07-14 14:33:00+00:00,1.0,47.5,1440,326,127.6112,37.5455
2012-07-14,24.2,21.4,2012-07-14 14:47:00+00:00,27.4,2012-07-14 05:45:00+00:00,11.5,6.0,2012-07-14 14:00:00+00:00,4.3,2012-07-14 12:54:00+00:00,0.4,50.3,1440,327,127.512,36.6503
2012-07-14,25.0,23.9,2012-07-14 01:45:00+00:00,26.9,2012-07-14 03:14:00+00:00,4.5,1.0,2012-07-14 02:00:00+00:00,2.6,2012-07-14 07:48:00+00:00,0.7,152.4,1440,328,126.4061,33.2495
2012-07-14,23.4,21.1,2012-07-13 16:32:00+00:00,25.5,2012-07-14 14:15:00+00:00,5.5,2.0,2012-07-14 06:00:00+00:00,3.0,2012-07-14 14:14:00+00:00,0.5,249.1,1440,329,126.5652,33.4471
2012-07-14,24.5,23.4,2012-07-13 18:28:00+00:00,25.9,2012-07-14 03:41:00+00:00,8.5,2.0,2012-07-14 06:00:00+00:00,5.9,2012-07-14 14:05:00+00:00,1.6,160.3,1440,330,126.4501,33.2727
2012-07-14,23.1,20.7,2012-07-14 12:19:00+00:00,26.3,2012-07-14 04:01:00+00:00,22.0,11.5,2012-07-14 09:00:00+00:00,9.0,2012-07-13 15:01:00+00:00,2.4,244.0,1440,400,127.0467,37.5134
2012-07-14,23.4,20.8,2012-07-14 12:37:00+00:00,26.9,2012-07-14 05:06:00+00:00,21.0,11.5,2012-07-14 09:00:00+00:00,4.5,2012-07-14 06:15:00+00:00,1.4,73.1,1440,401,127.0156,37.4889
2012-07-14,22.0,19.8,2012-07-14 14:55:00+00:00,25.1,2012-07-14 04:26:00+00:00,31.0,19.5,2012-07-14 09:00:00+00:00,9.0,2012-07-14 09:28:00+00:00,2.0,53.4,1440,402,127.145,37.5555
2012-07-14,23.3,20.7,2012-07-14 12:32:00+00:00,26.3,2012-07-14 04:07:00+00:00,17.5,7.5,2012-07-14 09:00:00+00:00,5.6,2012-07-14 05:52:00+00:00,1.7,53.4,1440,403,127.0967,37.5115
2012-07-14,22.8,20.6,2012-07-14 12:36:00+00:00,25.0,2012-07-14 05:02:00+00:00,5.0,2.5,2012-07-14 11:00:00+00:00,8.3,2012-07-14 10:30:00+00:00,2.3,101.3,1440,404,126.8295,37.5739
2012-07-14,23.8,21.4,2012-07-14 12:30:00+00:00,26.3,2012-07-14 03:14:00+00:00,4.0,1.0,2012-07-14 12:00:00+00:00,5.6,2012-07-14 03:46:00+00:00,1.7,90.0,1440,405,126.8782,37.5296
2012-07-14,22.0,19.8,2012-07-14 14:48:00+00:00,24.9,2012-07-14 04:17:00+00:00,8.0,5.0,2012-07-14 13:00:00+00:00,4.8,2012-07-14 08:39:00+00:00,0.6,194.1,1440,406,127.0295,37.6661
2012-07-14,21.9,19.8,2012-07-14 12:15:00+00:00,24.5,2012-07-14 03:56:00+00:00,11.0,3.5,2012-07-14 09:00:00+00:00,7.2,2012-07-14 05:47:00+00:00,1.5,67.5,1440,407,127.0919,37.6219
2012-07-14,22.5,20.3,2012-07-14 12:07:00+00:00,25.3,2012-07-14 04:15:00+00:00,14.5,6.5,2012-07-14 09:00:00+00:00,6.3,2012-07-14 14:47:00+00:00,2.0,351.6,1440,408,127.0604,37.5846
2012-07-14,23.7,21.7,2012-07-14 12:10:00+00:00,26.1,2012-07-14 04:18:00+00:00,15.0,6.5,2012-07-14 09:00:00+00:00,8.4,2012-07-14 07:42:00+00:00,2.7,30.9,1440,409,127.0868,37.5855
2012-07-14,23.1,20.5,2012-07-14 12:04:00+00:00,26.3,2012-07-14 04:38:00+00:00,8.5,5.0,2012-07-14 09:00:00+00:00,7.2,2012-07-14 06:08:00+00:00,2.1,59.1,1440,410,126.9181,37.4937
2012-07-14,22.6,20.1,2012-07-14 12:37:00+00:00,25.5,2012-07-14 03:40:00+00:00,6.0,1.5,2012-07-14 09:00:00+00:00,10.1,2012-07-14 09:41:00+00:00,3.6,67.5,1412,411,126.9292,37.5517
2012-07-14,22.7,20.3,2012-07-14 12:22:00+00:00,26.0,2012-07-14 03:48:00+00:00,7.5,2.0,2012-07-14 09:00:00+00:00,8.8,2012-07-14 12:52:00+00:00,2.3,56.3,1440,412,126.9408,37.5705
2012-07-14,22.9,20.7,2012-07-14 12:03:00+00:00,25.8,2012-07-14 04:05:00+00:00,14.0,9.5,2012-07-14 09:00:00+00:00,7.6,2012-07-13 18:50:00+00:00,2.4,67.5,1440,413,127.0857,37.5338
2012-07-14,22.3,20.3,2012-07-14 12:19:00+00:00,24.9,2012-07-14 04:11:00+00:00,10.0,3.5,2012-07-14 13:00:00+00:00,6.3,2012-07-14 05:56:00+00:00,1.8,47.8,1440,414,126.9994,37.6117
2012-07-14,23.0,20.3,2012-07-14 13:29:00+00:00,26.2,2012-07-14 03:50:00+00:00,7.5,4.0,2012-07-13 19:00:00+00:00,6.2,2012-07-14 12:05:00+00:00,1.2,115.3,1440,416,126.9453,37.6444
2012-07-14,23.9,21.4,2012-07-14 12:57:00+00:00,26.6,2012-07-14 04:54:00+00:00,9.0,3.5,2012-07-14 08:00:00+00:00,7.9,2012-07-14 14:50:00+00:00,2.8,84.4,1440,417,126.9002,37.4655
2012-07-14,23.9,21.7,2012-07-14 12:17:00+00:00,26.3,2012-07-14 03:58:00+00:00,7.0,3.5,2012-07-14 09:00:00+00:00,7.3,2012-07-14 05:32:00+00:00,2.9,57.3,1440,418,126.939,37.5249
2012-07-14,21.1,18.8,2012-07-14 12:24:00+00:00,23.9,2012-07-14 03:58:00+00:00,8.0,3.5,2012-07-14 09:00:00+00:00,9.2,2012-07-14 14:59:00+00:00,4.2,90.5,1440,419,126.9874,37.5524
2012-07-14,22.7,20.7,2012-07-14 12:08:00+00:00,25.1,2012-07-14 04:09:00+00:00,20.5,8.0,2012-07-14 09:00:00+00:00,8.1,2012-07-14 05:49:00+00:00,2.2,81.6,1440,421,127.0389,37.5472
2012-07-14,20.2,18.2,2012-07-14 14:50:00+00:00,22.8,2012-07-14 04:15:00+00:00,7.0,2.5,2012-07-14 09:00:00+00:00,9.8,2012-07-14 12:42:00+00:00,3.7,56.3,1440,422,126.9844,37.6034
2012-07-14,22.8,20.6,2012-07-14 12:56:00+00:00,25.0,2012-07-13 15:01:00+00:00,7.5,3.5,2012-07-14 11:00:00+00:00,9.3,2012-07-14 08:25:00+00:00,3.5,90.0,1440,423,126.827,37.494
2012-07-14,22.8,20.7,2012-07-14 14:47:00+00:00,25.4,2012-07-14 04:29:00+00:00,13.0,6.0,2012-07-14 13:00:00+00:00,5.5,2012-07-13 18:15:00+00:00,1.8,56.3,1440,424,127.0258,37.6397
2012-07-14,22.3,19.8,2012-07-14 14:21:00+00:00,25.2,2012-07-14 05:04:00+00:00,17.5,5.5,2012-07-14 09:00:00+00:00,7.2,2012-07-14 14:57:00+00:00,1.0,70.3,1440,425,126.9855,37.4634
2012-07-14,24.8,23.2,2012-07-14 13:16:00+00:00,27.1,2012-07-14 04:17:00+00:00,5.5,,,8.5,,1.8,72.0,1440,450,126.8334,37.6555
2012-07-14,24.2,21.7,2012-07-14 14:58:00+00:00,26.9,2012-07-14 02:53:00+00:00,24.5,14.0,2012-07-14 09:00:00+00:00,7.9,2012-07-14 14:42:00+00:00,2.4,75.9,1439,495,127.1887,36.9613
2012-07-14,17.0,15.8,2012-07-14 14:27:00+00:00,18.2,2012-07-14 01:53:00+00:00,6.0,1.0,2012-07-14 11:00:00+00:00,5.4,2012-07-14 05:39:00+00:00,1.4,300.5,1440,497,128.8515,37.5752
2012-07-14,14.9,13.9,2012-07-14 11:24:00+00:00,16.8,2012-07-14 01:56:00+00:00,29.5,4.5,2012-07-13 21:00:00+00:00,5.2,2012-07-13 15:48:00+00:00,1.3,349.7,1440,498,128.5145,37.8793
2012-07-14,20.4,18.4,2012-07-14 14:31:00+00:00,22.2,2012-07-14 07:31:00+00:00,23.0,5.0,2012-07-13 18:00:00+00:00,5.4,2012-07-14 12:42:00+00:00,1.8,22.5,1440,499,127.0191,38.1359
2012-07-14,22.4,21.5,2012-07-14 00:41:00+00:00,23.6,2012-07-13 15:05:00+00:00,2.0,1.5,2012-07-14 01:00:00+00:00,6.8,2012-07-14 13:07:00+00:00,1.7,74.2,1440,501,125.7023,37.6644
2012-07-14,21.5,20.3,2012-07-14 14:44:00+00:00,23.0,2012-07-14 06:09:00+00:00,2.0,0.5,2012-07-13 18:00:00+00:00,10.6,2012-07-13 22:41:00+00:00,4.6,48.6,1440,502,126.2829,37.7844
2012-07-14,20.7,19.1,2012-07-14 14:35:00+00:00,21.9,2012-07-13 15:38:00+00:00,14.5,4.5,2012-07-13 18:00:00+00:00,6.7,2012-07-14 02:02:00+00:00,2.7,36.6,1440,503,126.7116,37.912
2012-07-14,21.7,19.0,2012-07-14 14:07:00+00:00,23.9,2012-07-14 05:51:00+00:00,17.0,12.0,2012-07-14 13:00:00+00:00,6.4,2012-07-14 00:31:00+00:00,3.9,36.6,1439,504,127.1764,37.8657
2012-07-14,21.6,20.6,2012-07-13 22:59:00+00:00,23.4,2012-07-13 15:01:00+00:00,2.0,1.0,2012-07-14 02:00:00+00:00,7.5,2012-07-14 04:53:00+00:00,2.2,348.8,1440,543,126.5496,37.499
2012-07-14,24.7,22.5,2012-07-14 14:52:00+00:00,28.1,2012-07-14 03:41:00+00:00,4.5,4.0,2012-07-14 11:00:00+00:00,10.1,2012-07-14 14:48:00+00:00,2.9,73.1,1440,544,126.6544,37.1857
2012-07-14,23.8,20.8,2012-07-14 14:56:00+00:00,27.4,2012-07-14 02:41:00+00:00,14.5,5.0,2012-07-14 11:00:00+00:00,6.3,2012-07-14 07:54:00+00:00,1.0,96.3,1440,545,126.8387,37.2804
2012-07-14,21.3,19.3,2012-07-14 13:54:00+00:00,24.5,2012-07-13 15:06:00+00:00,34.5,12.5,2012-07-13 21:00:00+00:00,6.9,2012-07-14 05:19:00+00:00,2.8,45.0,1440,546,127.2614,37.4325
2012-07-14,22.6,20.1,2012-07-14 13:50:00+00:00,24.3,2012-07-14 04:21:00+00:00,3.0,0.5,2012-07-13 21:00:00+00:00,4.5,2012-07-13 17:10:00+00:00,1.6,340.3,1440,547,127.7549,37.4159
2012-07-14,,20.1,2012-07-14 14:39:00+00:00,23.5,2012-07-14 09:01:00+00:00,8.5,3.0,2012-07-13 23:00:00+00:00,3.5,2012-07-14 02:16:00+00:00,0.7,47.8,1381,548,127.6396,37.2688
2012-07-14,23.1,20.5,2012-07-14 14:24:00+00:00,26.1,2012-07-14 03:11:00+00:00,6.8,3.2,2012-07-14 10:00:00+00:00,5.6,2012-07-14 07:57:00+00:00,1.4,70.3,1440,549,127.2249,37.2716
2012-07-14,24.2,21.7,2012-07-14 14:45:00+00:00,28.4,2012-07-14 03:50:00+00:00,27.0,24.0,2012-07-14 10:00:00+00:00,6.0,2012-07-14 05:39:00+00:00,1.6,61.9,1440,550,127.0487,37.1879
2012-07-14,24.7,21.7,2012-07-14 14:30:00+00:00,28.4,2012-07-14 02:52:00+00:00,27.0,11.0,2012-07-14 08:00:00+00:00,8.3,2012-07-14 05:41:00+00:00,1.6,117.4,1440,551,127.1088,36.9877
2012-07-14,19.0,18.1,2012-07-14 06:28:00+00:00,20.2,2012-07-13 15:06:00+00:00,12.0,1.5,2012-07-14 00:00:00+00:00,8.1,2012-07-13 16:43:00+00:00,3.3,22.5,1440,553,128.4287,38.5038
2012-07-14,15.4,14.5,2012-07-14 09:44:00+00:00,16.9,2012-07-13 15:01:00+00:00,38.0,4.5,2012-07-13 19:00:00+00:00,7.8,2012-07-14 03:45:00+00:00,3.2,92.5,1440,554,128.4371,38.2144
2012-07-14,21.0,18.7,2012-07-14 14:56:00+00:00,23.5,2012-07-14 02:05:00+00:00,5.5,3.5,2012-07-14 15:00:00+00:00,8.2,2012-07-14 14:02:00+00:00,1.0,0.0,1440,555,127.7026,38.0964
2012-07-14,21.1,19.0,2012-07-14 14:45:00+00:00,24.4,2012-07-14 02:03:00+00:00,4.0,1.0,2012-07-13 19:00:00+00:00,9.4,2012-07-13 21:24:00+00:00,1.1,326.3,1440,556,127.9853,38.098
2012-07-14,20.2,18.8,2012-07-14 11:39:00+00:00,22.5,2012-07-14 01:20:00+00:00,22.5,9.5,2012-07-13 18:00:00+00:00,6.9,2012-07-14 01:07:00+00:00,1.5,39.4,1440,557,128.3186,37.9526
2012-07-14,21.7,19.5,2012-07-14 14:44:00+00:00,24.1,2012-07-14 05:03:00+00:00,41.0,21.5,2012-07-13 16:00:00+00:00,4.6,2012-07-13 16:20:00+00:00,0.7,264.4,1440,558,127.7007,37.6861
2012-07-14,18.7,17.6,2012-07-14 11:17:00+00:00,21.0,2012-07-14 05:38:00+00:00,15.5,5.5,2012-07-13 20:00:00+00:00,8.1,2012-07-14 14:05:00+00:00,2.1,2.8,1440,559,128.3898,37.7739
2012-07-14,18.9,16.9,2012-07-14 14:15:00+00:00,21.6,2012-07-14 02:51:00+00:00,4.5,3.5,2012-07-14 09:00:00+00:00,10.8,2012-07-13 17:12:00+00:00,2.4,16.9,1440,560,128.5645,37.6479
2012-07-14,21.5,19.1,2012-07-14 14:36:00+00:00,24.8,2012-07-14 04:40:00+00:00,5.0,2.0,2012-07-13 22:00:00+00:00,7.4,2012-07-14 04:02:00+00:00,2.2,0.0,1440,561,128.1528,37.5822
2012-07-14,21.5,18.7,2012-07-14 13:33:00+00:00,24.6,2012-07-14 03:56:00+00:00,1.5,1.0,2012-07-14 10:00:00+00:00,10.9,2012-07-14 07:12:00+00:00,4.4,101.3,1440,563,128.6829,37.4634
2012-07-14,24.5,21.9,2012-07-14 14:36:00+00:00,26.5,2012-07-14 03:57:00+00:00,11.0,4.0,2012-07-14 11:00:00+00:00,5.2,2012-07-14 07:29:00+00:00,1.2,112.5,1440,565,126.785,37.34
2012-07-14,19.4,18.4,2012-07-14 10:48:00+00:00,20.7,2012-07-13 15:02:00+00:00,9.9,1.9,2012-07-13 22:00:00+00:00,6.7,2012-07-14 01:30:00+00:00,1.8,337.5,1439,566,128.8192,37.8516
2012-07-14,21.6,19.0,2012-07-14 13:49:00+00:00,24.9,2012-07-14 05:23:00+00:00,13.5,4.0,2012-07-14 12:00:00+00:00,7.1,2012-07-14 11:22:00+00:00,1.6,351.6,1440,568,127.3172,37.9613
2012-07-14,22.3,20.0,2012-07-14 11:54:00+00:00,25.7,2012-07-14 04:51:00+00:00,25.0,11.0,2012-07-14 09:00:00+00:00,6.0,2012-07-14 08:54:00+00:00,2.5,73.1,1440,569,127.1569,37.5823
2012-07-14,21.3,20.5,2012-07-13 23:14:00+00:00,22.7,2012-07-14 06:12:00+00:00,2.5,1.0,2012-07-14 03:00:00+00:00,5.4,2012-07-13 22:11:00+00:00,0.9,36.6,1440,570,126.6423,37.6232
2012-07-14,24.4,22.3,2012-07-14 13:03:00+00:00,27.5,2012-07-14 04:00:00+00:00,24.0,14.5,2012-07-14 11:00:00+00:00,6.6,2012-07-14 14:27:00+00:00,1.3,70.3,1440,571,126.8209,37.1953
2012-07-14,23.4,20.8,2012-07-14 14:51:00+00:00,27.0,2012-07-14 05:01:00+00:00,23.0,8.5,2012-07-14 09:00:00+00:00,4.3,2012-07-14 07:31:00+00:00,0.9,106.9,1440,572,127.1248,37.4209
2012-07-14,22.1,19.4,2012-07-14 14:51:00+00:00,24.2,2012-07-14 04:35:00+00:00,2.5,0.5,2012-07-14 02:00:00+00:00,6.5,2012-07-14 01:58:00+00:00,1.9,47.8,1440,573,127.7106,37.5563
2012-07-14,22.8,20.3,2012-07-14 14:30:00+00:00,25.0,2012-07-13 15:01:00+00:00,7.0,5.0,2012-07-14 11:00:00+00:00,4.4,2012-07-13 22:21:00+00:00,1.4,67.5,1440,574,127.5865,37.3751
2012-07-14,24.4,22.2,2012-07-14 14:45:00+00:00,27.7,2012-07-14 02:53:00+00:00,26.0,11.5,2012-07-14 09:00:00+00:00,5.9,2012-07-14 07:59:00+00:00,1.6,348.8,1440,575,127.198,37.1399
2012-07-14,22.9,20.3,2012-07-14 15:00:00+00:00,24.8,2012-07-13 15:16:00+00:00,14.0,11.0,2012-07-14 11:00:00+00:00,5.7,2012-07-14 14:12:00+00:00,1.8,59.1,1440,576,127.3755,37.1634
2012-07-14,22.9,22.0,2012-07-14 00:22:00+00:00,25.0,2012-07-13 16:26:00+00:00,0.0,0.0,,8.8,2012-07-14 13:33:00+00:00,4.8,56.3,1440,578,126.42,37.45
2012-07-14,21.2,19.6,2012-07-14 11:13:00+00:00,23.2,2012-07-14 03:11:00+00:00,2.5,0.5,2012-07-14 08:00:00+00:00,6.8,2012-07-14 03:12:00+00:00,1.6,331.9,1440,580,129.0378,37.6126
2012-07-14,21.2,18.4,2012-07-14 14:53:00+00:00,25.8,2012-07-14 03:43:00+00:00,6.5,1.5,2012-07-14 08:00:00+00:00,3.9,2012-07-14 03:04:00+00:00,0.7,255.9,1440,581,128.7742,37.1164
2012-07-14,21.6,18.9,2012-07-14 14:55:00+00:00,24.6,2012-07-14 01:30:00+00:00,0.5,0.5,2012-07-14 15:00:00+00:00,5.6,2012-07-13 22:54:00+00:00,0.8,70.3,1440,582,128.0799,37.2314
2012-07-14,20.5,19.5,2012-07-14 11:43:00+00:00,23.3,2012-07-14 02:18:00+00:00,41.0,31.0,2012-07-13 17:00:00+00:00,6.7,2012-07-14 02:48:00+00:00,2.4,340.2,1440,585,128.0834,37.966
2012-07-14,20.8,18.4,2012-07-14 14:16:00+00:00,24.1,2012-07-14 02:11:00+00:00,17.0,14.0,2012-07-13 16:00:00+00:00,4.5,2012-07-14 13:36:00+00:00,0.4,180.0,1440,586,127.8858,37.9876
2012-07-14,20.6,18.2,2012-07-14 15:00:00+00:00,25.0,2012-07-14 02:57:00+00:00,4.5,2.5,2012-07-14 15:00:00+00:00,5.7,2012-07-14 00:06:00+00:00,1.0,84.4,1440,587,127.9495,38.2091
2012-07-14,21.7,19.0,2012-07-14 12:55:00+00:00,24.8,2012-07-14 00:50:00+00:00,12.0,8.0,2012-07-14 13:00:00+00:00,7.7,2012-07-13 15:05:00+00:00,1.5,19.7,1440,588,127.6429,37.7907
2012-07-14,22.7,20.9,2012-07-14 14:45:00+00:00,25.7,2012-07-14 05:01:00+00:00,12.5,4.5,2012-07-14 07:00:00+00:00,3.7,2012-07-14 07:42:00+00:00,1.3,30.9,1440,589,126.7943,37.6205
2012-07-14,23.3,20.5,2012-07-14 14:52:00+00:00,26.6,2012-07-14 04:17:00+00:00,21.5,10.0,2012-07-14 08:00:00+00:00,5.0,2012-07-14 04:58:00+00:00,2.2,104.1,1440,590,127.0025,37.4403
2012-07-14,22.2,19.7,2012-07-14 14:51:00+00:00,25.8,2012-07-14 03:23:00+00:00,2.5,1.5,2012-07-14 06:00:00+00:00,4.1,2012-07-14 13:17:00+00:00,0.6,357.2,1440,591,128.0505,37.4155
2012-07-14,23.0,20.2,2012-07-14 14:57:00+00:00,25.0,2012-07-14 05:18:00+00:00,10.0,6.5,2012-07-14 00:00:00+00:00,6.4,2012-07-14 10:03:00+00:00,2.0,8.3,1440,592,127.7487,37.2316
2012-07-14,19.0,18.1,2012-07-14 10:22:00+00:00,20.6,2012-07-13 15:01:00+00:00,24.5,5.0,2012-07-13 19:00:00+00:00,6.5,2012-07-14 02:21:00+00:00,2.7,11.3,1440,593,128.5407,38.0074
2012-07-14,20.0,18.3,2012-07-14 12:56:00+00:00,22.3,2012-07-14 03:40:00+00:00,4.0,3.0,2012-07-13 16:00:00+00:00,5.4,2012-07-14 07:29:00+00:00,2.3,343.1,1440,594,128.2085,38.2183
2012-07-14,16.8,15.6,2012-07-14 10:36:00+00:00,18.1,2012-07-14 01:14:00+00:00,18.5,3.0,2012-07-13 16:00:00+00:00,6.3,2012-07-14 02:29:00+00:00,2.4,14.1,1440,595,128.374,38.2664
2012-07-14,19.0,17.9,2012-07-14 13:07:00+00:00,20.4,2012-07-14 01:07:00+00:00,15.0,8.5,2012-07-13 18:00:00+00:00,6.0,2012-07-14 03:25:00+00:00,1.5,75.9,1440,596,128.451,38.0775
2012-07-14,21.1,17.4,2012-07-14 14:51:00+00:00,25.1,2012-07-14 02:28:00+00:00,3.0,1.5,2012-07-14 08:00:00+00:00,6.3,2012-07-14 02:00:00+00:00,1.2,334.7,1431,597,128.4585,37.5009
2012-07-14,21.8,19.4,2012-07-14 14:47:00+00:00,24.1,2012-07-14 04:27:00+00:00,6.0,2.5,2012-07-14 13:00:00+00:00,6.4,2012-07-14 10:53:00+00:00,2.1,56.3,1440,598,126.9905,37.8312
2012-07-14,22.1,19.5,2012-07-14 13:45:00+00:00,25.3,2012-07-14 03:55:00+00:00,15.0,6.5,2012-07-14 10:00:00+00:00,5.1,2012-07-14 04:11:00+00:00,0.8,5.6,1439,599,127.1698,37.7617
2012-07-14,23.4,21.0,2012-07-14 14:58:00+00:00,24.9,2012-07-13 23:18:00+00:00,10.5,3.0,2012-07-14 15:00:00+00:00,7.4,2012-07-13 23:47:00+00:00,1.3,331.9,1440,600,127.5897,36.9737
2012-07-14,24.0,21.9,2012-07-14 15:00:00+00:00,25.8,2012-07-14 00:21:00+00:00,9.0,3.5,2012-07-14 15:00:00+00:00,5.3,2012-07-14 06:30:00+00:00,0.8,329.1,1440,602,127.4297,36.8539
2012-07-14,24.2,21.9,2012-07-14 14:36:00+00:00,26.5,2012-07-14 00:47:00+00:00,12.5,3.5,2012-07-14 04:00:00+00:00,3.9,2012-07-14 02:28:00+00:00,0.9,135.0,1440,603,127.8,36.8
2012-07-14,24.1,21.7,2012-07-14 14:51:00+00:00,27.6,2012-07-14 03:30:00+00:00,26.5,11.0,2012-07-14 13:00:00+00:00,5.2,2012-07-14 14:53:00+00:00,1.0,135.0,1440,604,127.5965,36.3
2012-07-14,23.4,21.0,2012-07-13 16:14:00+00:00,25.2,2012-07-13 23:56:00+00:00,5.0,3.5,2012-07-14 11:00:00+00:00,7.5,2012-07-14 14:16:00+00:00,2.5,81.6,1422,606,126.388,37.011
2012-07-14,23.5,22.0,2012-07-13 21:40:00+00:00,24.6,2012-07-14 05:55:00+00:00,2.0,0.5,2012-07-14 11:00:00+00:00,4.9,2012-07-14 14:03:00+00:00,1.8,177.2,1440,607,126.15,36.6667
2012-07-14,24.9,22.3,2012-07-14 13:54:00+00:00,28.7,2012-07-14 05:31:00+00:00,8.5,5.0,2012-07-14 14:00:00+00:00,5.9,2012-07-14 14:53:00+00:00,1.2,47.8,1440,608,126.6816,36.7487
2012-07-14,25.0,22.4,2012-07-14 14:27:00+00:00,28.5,2012-07-14 01:58:00+00:00,11.0,8.0,2012-07-14 13:00:00+00:00,6.7,2012-07-14 12:40:00+00:00,1.2,87.2,1440,610,126.6444,36.5926
2012-07-14,24.5,21.7,2012-07-14 14:27:00+00:00,28.5,2012-07-14 05:30:00+00:00,29.0,16.5,2012-07-14 08:00:00+00:00,6.3,2012-07-14 07:22:00+00:00,0.6,174.4,1440,611,127.2797,36.5665
2012-07-14,25.3,22.0,2012-07-14 12:35:00+00:00,29.1,2012-07-14 04:33:00+00:00,12.0,6.5,2012-07-14 13:00:00+00:00,5.2,2012-07-14 14:57:00+00:00,0.6,50.6,1440,612,127.1114,36.4609
2012-07-14,24.6,22.1,2012-07-14 10:36:00+00:00,27.8,2012-07-14 05:10:00+00:00,20.0,6.5,2012-07-14 11:00:00+00:00,5.9,2012-07-14 13:46:00+00:00,1.2,78.8,1440,614,126.7043,36.0622
2012-07-14,25.1,22.6,2012-07-14 12:02:00+00:00,28.1,2012-07-14 04:50:00+00:00,16.0,6.0,2012-07-14 12:00:00+00:00,8.2,2012-07-13 21:51:00+00:00,1.5,272.8,1440,615,127.0853,36.2276
2012-07-14,24.7,22.1,2012-07-14 14:50:00+00:00,28.3,2012-07-14 04:09:00+00:00,4.0,2.0,2012-07-14 10:00:00+00:00,6.3,2012-07-14 14:51:00+00:00,1.1,135.0,1440,616,126.6174,36.8894
2012-07-14,24.8,22.4,2012-07-14 14:14:00+00:00,28.6,2012-07-14 02:34:00+00:00,26.0,7.5,2012-07-14 08:00:00+00:00,3.3,2012-07-14 05:43:00+00:00,0.6,90.0,1440,617,127.1561,36.8782
2012-07-14,24.7,21.9,2012-07-14 13:14:00+00:00,28.7,2012-07-14 05:24:00+00:00,10.5,6.5,2012-07-14 13:00:00+00:00,4.1,2012-07-14 07:47:00+00:00,0.6,146.3,1440,618,126.7791,36.4237
2012-07-14,22.5,19.8,2012-07-14 14:57:00+00:00,24.6,2012-07-14 00:40:00+00:00,28.0,9.0,2012-07-14 03:00:00+00:00,6.0,2012-07-14 06:12:00+00:00,1.8,87.2,1440,619,127.6845,36.9444
2012-07-14,23.5,20.3,2012-07-14 14:58:00+00:00,25.3,2012-07-14 01:41:00+00:00,10.5,3.0,2012-07-14 05:00:00+00:00,6.2,2012-07-14 12:57:00+00:00,1.6,59.1,1440,620,127.9035,37.0737
2012-07-14,22.3,18.8,2012-07-14 14:54:00+00:00,24.5,2012-07-14 05:44:00+00:00,9.0,4.0,2012-07-14 15:00:00+00:00,5.6,2012-07-14 13:55:00+00:00,1.1,47.8,1440,621,128.1678,37.0003
2012-07-14,23.5,21.3,2012-07-14 15:00:00+00:00,25.7,2012-07-14 02:47:00+00:00,11.5,6.5,2012-07-14 14:00:00+00:00,6.2,2012-07-14 02:02:00+00:00,1.5,90.0,1440,622,128.0079,36.8391
2012-07-14,24.7,22.2,2012-07-14 14:28:00+00:00,27.4,2012-07-14 02:23:00+00:00,8.0,2.5,2012-07-14 14:00:00+00:00,6.3,2012-07-14 14:03:00+00:00,1.2,90.0,1440,623,127.562,36.7956
2012-07-14,23.9,21.1,2012-07-14 14:23:00+00:00,26.4,2012-07-14 05:12:00+00:00,11.5,6.5,2012-07-14 14:00:00+00:00,5.6,2012-07-14 08:37:00+00:00,1.3,112.5,1440,624,127.6588,36.6294
2012-07-14,22.9,20.4,2012-07-14 14:45:00+00:00,25.7,2012-07-14 05:55:00+00:00,20.0,9.0,2012-07-14 13:00:00+00:00,6.0,2012-07-14 12:59:00+00:00,1.2,129.3,1440,625,127.8167,36.5172
2012-07-14,24.0,21.4,2012-07-14 14:57:00+00:00,27.0,2012-07-14 04:48:00+00:00,20.5,7.5,2012-07-14 13:00:00+00:00,4.4,2012-07-14 05:51:00+00:00,0.7,14.1,1440,626,127.8156,36.3709
2012-07-14,25.0,23.4,2012-07-14 14:53:00+00:00,27.5,2012-07-14 05:27:00+00:00,1.0,1.0,2012-07-14 14:00:00+00:00,7.5,2012-07-14 14:42:00+00:00,1.6,112.5,1440,627,126.2964,36.7585
2012-07-14,25.5,22.5,2012-07-14 14:10:00+00:00,29.5,2012-07-14 03:35:00+00:00,9.5,7.0,2012-07-14 14:00:00+00:00,8.5,2012-07-14 14:41:00+00:00,1.7,115.3,1440,628,126.8144,36.7422
2012-07-14,24.8,21.8,2012-07-14 14:29:00+00:00,29.1,2012-07-14 05:01:00+00:00,44.0,25.5,2012-07-14 08:00:00+00:00,6.0,2012-07-14 06:14:00+00:00,1.3,50.6,1440,629,127.1959,36.6814
2012-07-14,22.6,20.0,2012-07-14 14:36:00+00:00,24.2,2012-07-13 22:49:00+00:00,27.5,13.0,2012-07-14 04:00:00+00:00,5.4,2012-07-14 13:02:00+00:00,1.5,59.1,1440,630,127.787,37.042
2012-07-14,24.0,21.6,2012-07-14 14:58:00+00:00,27.5,2012-07-14 03:07:00+00:00,3.0,1.0,2012-07-14 01:00:00+00:00,7.5,2012-07-14 14:05:00+00:00,2.4,60.6,1440,631,126.6154,37.3478
2012-07-14,25.9,22.3,2012-07-14 13:32:00+00:00,29.5,2012-07-14 05:11:00+00:00,12.0,6.0,2012-07-14 13:00:00+00:00,9.2,2012-07-14 12:11:00+00:00,1.2,137.8,1440,632,126.9503,36.5528
2012-07-14,25.2,22.2,2012-07-14 13:14:00+00:00,29.3,2012-07-14 04:56:00+00:00,18.0,7.5,2012-07-14 13:00:00+00:00,4.1,2012-07-14 04:32:00+00:00,0.6,216.6,1440,633,127.0939,36.5511
2012-07-14,25.1,22.6,2012-07-14 14:50:00+00:00,28.7,2012-07-14 03:52:00+00:00,25.5,17.0,2012-07-14 09:00:00+00:00,7.2,2012-07-14 13:44:00+00:00,2.0,95.6,1440,634,126.8654,36.8458
2012-07-14,25.1,22.4,2012-07-14 11:50:00+00:00,28.9,2012-07-14 04:36:00+00:00,17.5,8.0,2012-07-14 11:00:00+00:00,5.0,2012-07-14 11:10:00+00:00,0.9,101.3,1440,635,126.8603,36.1319
2012-07-14,24.5,21.8,2012-07-14 11:35:00+00:00,28.7,2012-07-14 05:10:00+00:00,17.5,6.5,2012-07-14 12:00:00+00:00,6.4,2012-07-14 14:20:00+00:00,0.8,70.3,1440,636,127.2407,36.3132
2012-07-14,24.6,23.1,2012-07-14 14:59:00+00:00,28.2,2012-07-14 03:39:00+00:00,0.0,0.0,,8.5,2012-07-14 14:57:00+00:00,1.7,50.5,1440,637,126.2807,36.8699
2012-07-14,23.1,20.1,2012-07-14 14:30:00+00:00,26.6,2012-07-14 03:17:00+00:00,9.5,2.5,2012-07-14 15:00:00+00:00,5.4,2012-07-14 09:55:00+00:00,1.0,78.8,1440,638,128.4874,37.0787
2012-07-14,23.2,21.1,2012-07-14 14:29:00+00:00,25.1,2012-07-14 05:20:00+00:00,11.5,5.0,2012-07-14 13:00:00+00:00,8.5,2012-07-14 13:19:00+00:00,1.9,112.5,1440,640,127.8617,36.6711
2012-07-14,24.5,21.7,2012-07-14 13:57:00+00:00,27.8,2012-07-14 04:22:00+00:00,15.0,8.5,2012-07-14 13:00:00+00:00,4.1,2012-07-14 14:27:00+00:00,0.9,149.1,1440,641,127.48,36.47
2012-07-14,23.9,20.9,2012-07-14 12:06:00+00:00,28.1,2012-07-14 03:39:00+00:00,30.0,9.5,2012-07-14 12:00:00+00:00,5.4,2012-07-14 13:38:00+00:00,0.9,194.1,1440,643,127.4938,36.3402
2012-07-14,25.1,22.4,2012-07-14 14:55:00+00:00,27.9,2012-07-14 05:14:00+00:00,12.5,9.0,2012-07-14 13:00:00+00:00,4.4,2012-07-14 13:34:00+00:00,1.1,50.6,1407,645,126.5173,36.5804
2012-07-14,24.5,22.5,2012-07-14 11:40:00+00:00,27.7,2012-07-14 04:07:00+00:00,19.0,10.5,2012-07-14 12:00:00+00:00,6.8,2012-07-14 13:50:00+00:00,2.0,101.3,1440,646,126.5496,36.153
2012-07-14,24.7,21.8,2012-07-14 14:37:00+00:00,28.5,2012-07-14 05:32:00+00:00,23.0,9.5,2012-07-14 13:00:00+00:00,4.3,2012-07-14 04:16:00+00:00,0.7,30.8,1440,647,127.6924,36.125
2012-07-14,24.5,22.0,2012-07-14 15:00:00+00:00,28.7,2012-07-14 03:35:00+00:00,33.0,11.0,2012-07-14 08:00:00+00:00,7.6,2012-07-14 14:57:00+00:00,1.4,132.2,1440,648,127.4382,36.4135
2012-07-14,24.0,21.9,2012-07-14 14:55:00+00:00,27.1,2012-07-14 04:34:00+00:00,5.0,1.5,2012-07-14 01:00:00+00:00,5.0,2012-07-14 08:53:00+00:00,1.3,41.8,1440,649,126.7507,37.4722
2012-07-14,19.5,17.5,2012-07-14 14:04:00+00:00,20.9,2012-07-14 06:58:00+00:00,30.0,8.5,2012-07-14 15:00:00+00:00,4.2,2012-07-14 07:03:00+00:00,1.2,340.3,1440,650,127.2772,38.2726
2012-07-14,19.2,17.5,2012-07-14 14:43:00+00:00,21.1,2012-07-14 06:54:00+00:00,39.0,9.5,2012-07-14 15:00:00+00:00,4.3,2012-07-14 05:04:00+00:00,0.9,61.9,1440,651,127.2058,38.2772
2012-07-14,21.6,18.9,2012-07-14 15:00:00+00:00,24.1,2012-07-14 05:35:00+00:00,23.5,11.0,2012-07-14 13:00:00+00:00,4.7,2012-07-14 03:24:00+00:00,1.7,30.9,1440,652,127.0781,38.0265
2012-07-14,21.1,20.0,2012-07-13 15:01:00+00:00,22.8,2012-07-13 17:25:00+00:00,0.0,0.0,,7.4,2012-07-14 13:30:00+00:00,2.4,62.3,1440,655,124.7291,37.7602
2012-07-14,22.0,20.7,2012-07-14 14:42:00+00:00,24.2,2012-07-14 05:18:00+00:00,1.5,1.0,2012-07-14 02:00:00+00:00,2.5,2012-07-14 05:39:00+00:00,0.3,91.7,1440,656,126.1922,37.6709
2012-07-14,23.9,22.7,2012-07-13 21:59:00+00:00,26.4,2012-07-14 04:49:00+00:00,0.5,0.5,2012-07-14 15:00:00+00:00,6.4,2012-07-14 14:25:00+00:00,1.9,95.6,1440,658,126.1214,36.7683
2012-07-14,20.4,18.0,2012-07-14 10:51:00+00:00,24.1,2012-07-14 04:37:00+00:00,14.5,5.0,2012-07-14 12:00:00+00:00,11.9,2012-07-14 11:53:00+00:00,2.7,120.0,1440,659,127.2057,36.343
2012-07-14,19.7,17.0,2012-07-14 14:12:00+00:00,23.8,2012-07-14 03:49:00+00:00,5.5,2.0,2012-07-14 08:00:00+00:00,4.4,2012-07-14 00:29:00+00:00,1.0,106.9,1440,660,128.35,37.55
2012-07-14,19.5,18.7,2012-07-14 06:20:00+00:00,20.5,2012-07-13 15:04:00+00:00,23.0,2.5,2012-07-13 20:00:00+00:00,5.6,2012-07-13 20:44:00+00:00,1.9,75.9,1440,661,128.4027,38.5441
2012-07-14,22.6,21.1,2012-07-13 18:44:00+00:00,24.3,2012-07-14 00:40:00+00:00,1.0,0.5,2012-07-14 12:00:00+00:00,6.2,2012-07-14 10:03:00+00:00,1.8,99.8,1440,662,126.297,37.1707
2012-07-14,21.8,20.1,2012-07-14 10:10:00+00:00,25.2,2012-07-14 03:32:00+00:00,1.0,0.5,2012-07-13 17:00:00+00:00,6.2,2012-07-14 11:37:00+00:00,2.8,56.5,1439,663,125.7869,36.9286
2012-07-14,23.3,22.2,2012-07-14 14:33:00+00:00,25.6,2012-07-14 05:22:00+00:00,0.5,0.5,2012-07-14 15:00:00+00:00,7.0,2012-07-14 14:01:00+00:00,1.8,66.8,1439,665,126.4252,37.3904
2012-07-14,22.2,19.4,2012-07-14 13:14:00+00:00,27.3,2012-07-14 02:13:00+00:00,0.0,0.0,,8.1,2012-07-14 14:45:00+00:00,2.1,65.3,1440,666,126.1683,36.9587
2012-07-14,23.2,20.8,2012-07-14 11:27:00+00:00,26.9,2012-07-14 01:39:00+00:00,5.5,4.0,2012-07-14 13:00:00+00:00,10.2,2012-07-14 14:41:00+00:00,3.1,69.8,1440,667,126.0093,36.6476
2012-07-14,24.2,22.1,2012-07-14 11:33:00+00:00,26.6,2012-07-13 23:47:00+00:00,23.5,15.5,2012-07-14 15:00:00+00:00,11.0,2012-07-14 11:37:00+00:00,2.6,100.6,1440,669,126.0817,36.2289
2012-07-14,19.5,18.8,2012-07-14 10:01:00+00:00,21.0,2012-07-13 15:01:00+00:00,35.0,8.0,2012-07-13 19:00:00+00:00,7.6,2012-07-14 02:47:00+00:00,2.9,11.3,1440,670,128.6297,38.0873
2012-07-14,19.6,18.9,2012-07-14 11:26:00+00:00,20.9,2012-07-13 15:01:00+00:00,35.0,9.5,2012-07-13 19:00:00+00:00,6.7,2012-07-14 04:00:00+00:00,2.5,106.3,1440,671,128.5936,38.1909
2012-07-14,24.5,23.1,2012-07-14 10:42:00+00:00,26.5,2012-07-14 03:44:00+00:00,26.5,9.0,2012-07-14 10:00:00+00:00,6.7,2012-07-14 12:31:00+00:00,1.7,106.9,1440,672,126.4883,35.4424
2012-07-14,23.5,22.3,2012-07-13 15:04:00+00:00,26.8,2012-07-14 14:58:00+00:00,42.5,18.5,2012-07-14 04:00:00+00:00,5.4,2012-07-14 08:34:00+00:00,1.1,71.7,1440,720,126.5676,34.1691
2012-07-14,23.2,22.4,2012-07-13 22:17:00+00:00,24.7,2012-07-14 11:18:00+00:00,41.5,16.5,2012-07-14 05:00:00+00:00,7.8,2012-07-14 12:03:00+00:00,2.4,157.8,1440,721,127.0282,34.3391
2012-07-14,23.6,21.7,2012-07-14 08:21:00+00:00,25.6,2012-07-14 14:58:00+00:00,25.5,10.0,2012-07-14 02:00:00+00:00,16.2,2012-07-14 14:17:00+00:00,3.5,160.3,1440,724,126.2978,33.959
2012-07-14,24.5,23.5,2012-07-14 01:01:00+00:00,25.2,2012-07-14 14:11:00+00:00,6.5,4.5,2012-07-14 01:00:00+00:00,9.9,2012-07-14 14:01:00+00:00,3.8,183.4,1440,726,126.2673,33.1171
2012-07-14,24.3,22.4,2012-07-13 15:01:00+00:00,27.1,2012-07-14 03:40:00+00:00,8.0,1.5,2012-07-14 02:00:00+00:00,14.9,2012-07-14 12:43:00+00:00,4.7,202.0,1440,727,126.3929,33.4099
2012-07-14,23.6,22.2,2012-07-14 10:47:00+00:00,25.4,2012-07-14 01:10:00+00:00,80.7,47.0,2012-07-14 15:00:00+00:00,8.3,2012-07-14 08:43:00+00:00,1.1,112.5,1440,730,126.761,35.2794
2012-07-14,24.4,23.5,2012-07-13 19:30:00+00:00,26.2,2012-07-14 14:46:00+00:00,53.5,17.0,2012-07-14 11:00:00+00:00,9.1,2012-07-14 12:06:00+00:00,2.5,137.8,1440,731,126.7013,34.7998
2012-07-14,23.3,22.3,2012-07-13 20:31:00+00:00,24.0,2012-07-14 03:34:00+00:00,60.5,13.0,2012-07-14 13:00:00+00:00,11.8,2012-07-14 10:32:00+00:00,1.5,104.1,1440,732,127.0922,34.762
2012-07-14,25.0,22.4,2012-07-14 12:28:00+00:00,28.8,2012-07-14 03:49:00+00:00,17.5,6.5,2012-07-14 12:00:00+00:00,4.8,2012-07-14 08:26:00+00:00,1.2,129.3,1440,733,126.959,36.0412
2012-07-14,24.9,22.4,2012-07-14 12:19:00+00:00,28.1,2012-07-14 02:27:00+00:00,23.5,6.5,2012-07-14 12:00:00+00:00,7.4,2012-07-14 13:01:00+00:00,1.7,11.3,1440,734,127.205,35.9765
2012-07-14,21.6,19.6,2012-07-13 19:49:00+00:00,25.1,2012-07-14 02:08:00+00:00,22.5,5.5,2012-07-14 11:00:00+00:00,5.2,2012-07-14 02:09:00+00:00,0.7,180.0,1440,735,127.7755,35.9008
2012-07-14,25.1,23.0,2012-07-14 14:01:00+00:00,27.7,2012-07-14 05:09:00+00:00,29.0,14.0,2012-07-14 11:00:00+00:00,6.5,2012-07-14 13:54:00+00:00,1.8,78.8,1440,736,126.784,35.8468
2012-07-14,24.3,22.4,2012-07-14 12:51:00+00:00,27.0,2012-07-14 01:34:00+00:00,23.5,6.5,2012-07-14 11:00:00+00:00,6.3,2012-07-14 09:54:00+00:00,1.8,59.1,1440,737,126.8778,35.8092
2012-07-14,24.3,23.3,2012-07-14 11:33:00+00:00,25.5,2012-07-13 15:01:00+00:00,48.0,18.0,2012-07-14 11:00:00+00:00,3.3,2012-07-14 07:25:00+00:00,0.5,0.0,1440,741,126.9841,35.0592
2012-07-14,23.4,22.0,2012-07-13 18:39:00+00:00,25.0,2012-07-14 14:02:00+00:00,42.5,10.0,2012-07-14 07:00:00+00:00,9.3,2012-07-14 14:43:00+00:00,2.6,182.3,1440,743,125.9464,34.7741
2012-07-14,23.4,21.8,2012-07-13 19:56:00+00:00,24.7,2012-07-14 14:46:00+00:00,65.5,22.5,2012-07-14 10:00:00+00:00,9.4,2012-07-14 13:03:00+00:00,1.5,157.5,1440,744,126.3276,34.6709
2012-07-14,24.1,23.1,2012-07-13 15:16:00+00:00,25.3,2012-07-14 14:53:00+00:00,44.5,10.0,2012-07-14 10:00:00+00:00,8.2,2012-07-14 10:21:00+00:00,1.8,261.6,1440,745,126.7728,34.6352
2012-07-14,24.1,22.6,2012-07-13 19:15:00+00:00,25.6,2012-07-14 01:48:00+00:00,25.5,8.0,2012-07-14 03:00:00+00:00,12.2,2012-07-14 09:18:00+00:00,2.9,132.2,1440,746,126.5169,34.3695
2012-07-14,23.7,22.0,2012-07-13 20:44:00+00:00,25.1,2012-07-14 10:37:00+00:00,14.5,6.0,2012-07-14 12:00:00+00:00,7.9,2012-07-14 07:43:00+00:00,1.5,58.4,1440,747,126.8585,34.1834
2012-07-14,23.8,22.9,2012-07-13 17:00:00+00:00,25.5,2012-07-14 00:53:00+00:00,61.5,22.0,2012-07-14 13:00:00+00:00,10.2,2012-07-14 11:37:00+00:00,2.1,160.3,1440,748,127.3631,34.8369
2012-07-14,23.5,22.5,2012-07-13 18:53:00+00:00,25.0,2012-07-14 12:33:00+00:00,30.0,9.0,2012-07-14 05:00:00+00:00,7.0,2012-07-14 09:28:00+00:00,2.3,129.4,1440,749,127.1272,34.5348
2012-07-14,23.3,22.2,2012-07-13 15:19:00+00:00,25.4,2012-07-14 13:18:00+00:00,30.0,12.5,2012-07-14 06:00:00+00:00,10.0,2012-07-14 13:19:00+00:00,3.0,157.5,1440,750,127.6256,34.6308
2012-07-14,23.7,21.8,2012-07-13 15:24:00+00:00,25.3,2012-07-14 04:02:00+00:00,19.0,9.5,2012-07-14 06:00:00+00:00,13.6,2012-07-14 11:09:00+00:00,2.8,201.1,1440,751,126.7119,33.4585
2012-07-14,24.6,23.1,2012-07-13 18:07:00+00:00,26.0,2012-07-14 03:27:00+00:00,9.5,2.5,2012-07-14 02:00:00+00:00,10.0,2012-07-14 09:47:00+00:00,2.3,169.8,1440,752,126.3022,33.285
2012-07-14,21.8,20.7,2012-07-13 15:17:00+00:00,23.5,2012-07-14 03:47:00+00:00,27.5,4.5,2012-07-14 06:00:00+00:00,11.1,2012-07-14 14:06:00+00:00,3.6,238.3,1440,753,126.4941,33.3921
2012-07-14,24.7,24.1,2012-07-14 10:20:00+00:00,26.2,2012-07-14 02:28:00+00:00,83.0,21.0,2012-07-14 15:00:00+00:00,5.8,2012-07-14 12:05:00+00:00,1.6,87.1,1440,754,126.5264,35.0602
2012-07-14,23.4,22.4,2012-07-14 12:46:00+00:00,25.1,2012-07-14 01:02:00+00:00,51.0,13.5,2012-07-14 12:00:00+00:00,4.5,2012-07-14 11:23:00+00:00,0.8,126.6,1440,755,127.0853,35.1594
2012-07-14,23.8,22.8,2012-07-14 09:22:00+00:00,25.2,2012-07-14 04:35:00+00:00,33.5,12.0,2012-07-14 10:00:00+00:00,5.7,2012-07-14 08:44:00+00:00,1.3,14.5,1440,756,126.2931,35.6028
2012-07-14,23.4,21.0,2012-07-14 12:36:00+00:00,27.2,2012-07-14 02:17:00+00:00,34.0,13.5,2012-07-14 12:00:00+00:00,5.2,2012-07-14 07:22:00+00:00,0.7,334.7,1440,757,127.436,35.9744
2012-07-14,22.8,20.6,2012-07-14 14:22:00+00:00,26.8,2012-07-14 02:40:00+00:00,19.0,4.0,2012-07-14 11:00:00+00:00,3.9,2012-07-14 07:00:00+00:00,0.8,275.6,1440,758,127.5712,35.8352
2012-07-14,22.2,20.0,2012-07-13 18:39:00+00:00,25.1,2012-07-14 00:02:00+00:00,40.0,11.0,2012-07-14 12:00:00+00:00,4.3,2012-07-14 14:36:00+00:00,1.1,59.1,1440,759,127.5783,35.3716
2012-07-14,25.4,23.2,2012-07-14 11:33:00+00:00,28.1,2012-07-14 04:42:00+00:00,41.0,17.5,2012-07-14 12:00:00+00:00,5.7,2012-07-14 13:27:00+00:00,1.6,129.4,1439,761,126.9346,35.6508
2012-07-14,23.4,21.4,2012-07-13 19:47:00+00:00,26.3,2012-07-14 02:27:00+00:00,32.5,9.0,2012-07-14 11:00:00+00:00,8.7,2012-07-14 09:13:00+00:00,1.2,42.2,1440,762,127.1261,35.5198
2012-07-14,25.0,22.2,2012-07-14 12:54:00+00:00,28.9,2012-07-14 04:13:00+00:00,18.5,5.5,2012-07-14 12:00:00+00:00,3.6,2012-07-14 08:35:00+00:00,0.4,163.1,1440,763,127.062,36.0592
2012-07-14,23.3,21.6,2012-07-13 20:02:00+00:00,26.0,2012-07-14 02:23:00+00:00,31.5,13.5,2012-07-14 11:00:00+00:00,6.6,2012-07-14 13:18:00+00:00,0.9,70.3,1440,764,127.1783,35.684
2012-07-14,24.0,22.7,2012-07-13 21:03:00+00:00,25.3,2012-07-14 01:59:00+00:00,70.5,33.0,2012-07-14 12:00:00+00:00,5.4,2012-07-14 11:09:00+00:00,0.7,264.4,1440,765,127.1724,34.9293
2012-07-14,24.1,22.9,2012-07-13 18:24:00+00:00,25.9,2012-07-14 15:00:00+00:00,27.5,9.5,2012-07-14 06:00:00+00:00,6.2,2012-07-14 14:26:00+00:00,1.2,163.1,1440,767,127.4559,34.602
2012-07-14,24.0,22.7,2012-07-14 13:20:00+00:00,26.7,2012-07-14 02:01:00+00:00,42.0,16.5,2012-07-14 12:00:00+00:00,4.3,2012-07-14 03:39:00+00:00,0.9,191.3,1440,768,127.289,35.289
2012-07-14,22.8,19.7,2012-07-14 14:53:00+00:00,27.1,2012-07-14 02:22:00+00:00,9.0,3.5,2012-07-14 15:00:00+00:00,4.4,2012-07-14 05:33:00+00:00,0.8,123.8,1440,803,129.0795,36.3914
2012-07-14,20.4,18.8,2012-07-14 13:49:00+00:00,22.4,2012-07-14 02:13:00+00:00,10.0,4.0,2012-07-14 15:00:00+00:00,6.3,2012-07-13 17:15:00+00:00,2.2,50.6,1440,804,129.338,36.1996
2012-07-14,21.8,19.7,2012-07-14 12:43:00+00:00,24.4,2012-07-14 03:05:00+00:00,15.5,7.5,2012-07-14 15:00:00+00:00,4.0,2012-07-14 03:30:00+00:00,0.7,120.9,1440,805,129.0958,36.1602
2012-07-14,23.6,20.8,2012-07-14 14:24:00+00:00,26.5,2012-07-14 05:40:00+00:00,19.0,5.5,2012-07-14 15:00:00+00:00,4.2,2012-07-14 12:02:00+00:00,0.9,70.3,1440,806,128.2903,36.2334
2012-07-14,22.3,19.5,2012-07-14 14:49:00+00:00,25.0,2012-07-14 05:34:00+00:00,21.0,8.0,2012-07-14 13:00:00+00:00,6.1,2012-07-14 07:31:00+00:00,1.4,118.1,1440,807,128.7151,36.1759
2012-07-14,20.8,19.7,2012-07-13 20:01:00+00:00,22.2,2012-07-14 05:05:00+00:00,12.0,3.5,2012-07-14 12:00:00+00:00,7.1,2012-07-14 15:00:00+00:00,2.8,11.3,1440,808,129.5694,36.0774
2012-07-14,23.3,20.1,2012-07-14 14:27:00+00:00,25.8,2012-07-14 04:08:00+00:00,35.5,13.5,2012-07-14 14:00:00+00:00,7.6,2012-07-14 02:18:00+00:00,1.5,118.1,1440,810,128.2537,35.9151
2012-07-14,21.4,19.3,2012-07-14 14:44:00+00:00,24.7,2012-07-14 04:39:00+00:00,15.2,5.4,2012-07-14 15:00:00+00:00,6.2,2012-07-13 17:33:00+00:00,1.9,28.1,1440,811,129.2093,35.863
2012-07-14,23.7,20.8,2012-07-14 14:58:00+00:00,25.9,2012-07-14 04:20:00+00:00,41.5,22.0,2012-07-14 14:00:00+00:00,5.3,2012-07-14 11:46:00+00:00,0.6,90.0,1440,812,128.2821,35.696
2012-07-14,23.3,20.2,2012-07-14 14:39:00+00:00,26.2,2012-07-14 03:27:00+00:00,30.0,17.5,2012-07-14 15:00:00+00:00,6.0,2012-07-14 14:27:00+00:00,1.8,281.3,1440,813,128.7318,35.654
2012-07-14,22.5,21.0,2012-07-14 14:48:00+00:00,24.1,2012-07-14 06:04:00+00:00,11.3,3.7,2012-07-14 15:00:00+00:00,2.7,2012-07-14 14:35:00+00:00,0.6,42.2,1440,815,128.4644,36.66
2012-07-14,20.5,19.4,2012-07-14 11:54:00+00:00,22.2,2012-07-14 04:25:00+00:00,9.5,3.5,2012-07-14 15:00:00+00:00,10.1,2012-07-14 02:04:00+00:00,3.2,337.5,1440,816,129.5475,35.9831
2012-07-14,20.7,17.9,2012-07-14 14:41:00+00:00,23.8,2012-07-14 04:42:00+00:00,6.0,2.5,2012-07-14 14:00:00+00:00,7.4,2012-07-14 14:51:00+00:00,1.9,53.4,1440,817,129.21,36.7655
2012-07-14,22.5,20.8,2012-07-14 14:48:00+00:00,24.0,2012-07-14 06:18:00+00:00,12.0,4.5,2012-07-14 13:00:00+00:00,7.8,2012-07-14 14:27:00+00:00,1.1,267.2,1440,818,128.1476,36.7074
2012-07-14,22.9,20.4,2012-07-14 14:36:00+00:00,26.3,2012-07-14 06:18:00+00:00,75.0,29.0,2012-07-13 22:00:00+00:00,4.4,2012-07-14 08:40:00+00:00,0.9,165.9,1440,819,128.8864,36.6588
2012-07-14,23.6,21.3,2012-07-14 14:50:00+00:00,26.4,2012-07-14 06:21:00+00:00,10.5,3.5,2012-07-14 13:00:00+00:00,5.5,2012-07-14 13:53:00+00:00,1.7,61.9,1440,820,128.5065,36.5562
2012-07-14,23.2,20.9,2012-07-14 14:37:00+00:00,25.4,2012-07-14 05:45:00+00:00,26.5,9.0,2012-07-14 14:00:00+00:00,6.6,2012-07-14 12:10:00+00:00,1.1,75.9,1440,821,128.0739,36.2819
2012-07-14,23.7,20.8,2012-07-14 14:53:00+00:00,27.0,2012-07-14 02:56:00+00:00,27.5,8.5,2012-07-14 12:00:00+00:00,3.1,2012-07-14 14:15:00+00:00,0.3,236.3,1422,822,128.1016,36.0813
2012-07-14,22.5,19.9,2012-07-14 14:50:00+00:00,25.7,2012-07-14 05:09:00+00:00,13.5,6.5,2012-07-14 15:00:00+00:00,5.9,2012-07-14 11:27:00+00:00,1.7,163.1,1440,823,128.5558,36.2493
2012-07-14,23.7,20.6,2012-07-14 14:54:00+00:00,27.7,2012-07-14 01:57:00+00:00,21.0,12.5,2012-07-14 15:00:00+00:00,6.1,2012-07-14 02:56:00+00:00,1.7,174.3,1440,824,128.539,36.086
2012-07-14,24.2,20.8,2012-07-14 14:42:00+00:00,27.3,2012-07-14 01:47:00+00:00,28.5,14.5,2012-07-14 15:00:00+00:00,5.4,2012-07-14 01:17:00+00:00,2.0,171.6,1440,825,128.3835,36.0368
2012-07-14,24.4,20.9,2012-07-14 14:51:00+00:00,27.9,2012-07-14 03:54:00+00:00,33.5,17.0,2012-07-14 14:00:00+00:00,8.0,2012-07-14 13:39:00+00:00,1.9,326.3,1440,828,128.4233,35.6906
2012-07-14,21.9,19.7,2012-07-14 12:16:00+00:00,24.8,2012-07-14 03:48:00+00:00,15.5,6.5,2012-07-14 15:00:00+00:00,6.1,2012-07-14 14:41:00+00:00,2.2,337.5,1440,829,129.3182,35.7121
2012-07-14,22.3,20.1,2012-07-14 14:55:00+00:00,25.5,2012-07-14 01:51:00+00:00,13.5,5.5,2012-07-14 15:00:00+00:00,4.4,2012-07-14 04:35:00+00:00,1.4,104.1,1440,830,129.2064,36.0706
2012-07-14,18.9,16.6,2012-07-14 14:51:00+00:00,21.6,2012-07-14 04:27:00+00:00,5.0,2.5,2012-07-14 15:00:00+00:00,3.5,2012-07-14 06:10:00+00:00,0.7,33.8,1440,831,128.9976,37.0401
2012-07-14,23.0,20.8,2012-07-14 14:39:00+00:00,26.1,2012-07-14 05:11:00+00:00,16.5,5.5,2012-07-14 15:00:00+00:00,4.3,2012-07-14 10:47:00+00:00,1.1,135.0,1440,832,128.4397,36.3869
2012-07-14,22.7,21.2,2012-07-14 13:51:00+00:00,23.7,2012-07-13 15:01:00+00:00,17.0,6.0,2012-07-14 13:00:00+00:00,6.6,2012-07-14 11:45:00+00:00,0.9,149.1,1440,833,128.0037,36.6008
2012-07-14,22.2,20.4,2012-07-14 14:47:00+00:00,23.2,2012-07-14 00:40:00+00:00,22.5,8.0,2012-07-14 13:00:00+00:00,7.5,2012-07-14 12:51:00+00:00,2.0,73.1,1440,834,127.9344,36.4412
2012-07-14,22.3,19.1,2012-07-14 14:57:00+00:00,25.4,2012-07-14 04:17:00+00:00,6.0,3.5,2012-07-14 15:00:00+00:00,4.5,2012-07-14 14:04:00+00:00,0.9,56.3,1440,835,128.7535,36.8701
2012-07-14,21.5,19.0,2012-07-14 14:40:00+00:00,23.9,2012-07-14 01:52:00+00:00,12.5,5.0,2012-07-14 15:00:00+00:00,5.6,2012-07-14 14:29:00+00:00,1.5,25.3,1440,836,128.8988,36.2803
2012-07-14,22.3,19.2,2012-07-14 14:53:00+00:00,24.6,2012-07-14 02:16:00+00:00,19.5,8.0,2012-07-14 11:00:00+00:00,3.4,2012-07-14 13:20:00+00:00,0.4,19.7,1440,837,128.6429,36.8268
2012-07-14,21.6,20.1,2012-07-14 14:49:00+00:00,22.3,2012-07-14 02:12:00+00:00,11.5,4.0,2012-07-14 14:00:00+00:00,5.0,2012-07-14 11:09:00+00:00,1.3,73.1,1440,838,128.2707,36.7905
2012-07-14,22.7,21.3,2012-07-14 14:56:00+00:00,24.5,2012-07-13 15:23:00+00:00,0.0,0.0,,8.7,2012-07-14 14:16:00+00:00,4.0,64.7,1440,577,126.3365,37.5341
2012-07-14,18.7,16.8,2012-07-14 11:11:00+00:00,21.1,2012-07-14 03:39:00+00:00,2.5,0.5,2012-07-14 00:00:00+00:00,4.7,2012-07-14 07:17:00+00:00,1.7,143.4,1440,579,128.9431,37.3495
2012-07-14,23.3,20.1,2012-07-14 14:56:00+00:00,26.4,2012-07-14 03:40:00+00:00,26.0,13.5,2012-07-14 15:00:00+00:00,4.5,2012-07-14 12:36:00+00:00,1.1,73.1,1440,840,128.8194,35.9133
2012-07-14,21.3,19.1,2012-07-14 12:58:00+00:00,23.7,2012-07-14 04:41:00+00:00,20.5,12.5,2012-07-14 15:00:00+00:00,4.2,2012-07-14 06:11:00+00:00,1.4,160.3,1440,841,128.9111,36.0849
2012-07-14,21.3,19.2,2012-07-14 14:30:00+00:00,23.3,2012-07-13 15:01:00+00:00,19.0,6.5,2012-07-14 15:00:00+00:00,6.9,2012-07-14 13:14:00+00:00,2.4,129.4,1440,842,129.0473,35.7576
2012-07-14,21.4,18.7,2012-07-14 14:43:00+00:00,25.1,2012-07-14 02:37:00+00:00,1.5,1.0,2012-07-14 15:00:00+00:00,4.0,2012-07-14 05:33:00+00:00,1.3,90.0,1440,843,129.2501,36.9359
2012-07-14,22.4,19.6,2012-07-14 14:19:00+00:00,26.2,2012-07-14 04:13:00+00:00,6.5,3.0,2012-07-14 15:00:00+00:00,9.1,2012-07-13 16:34:00+00:00,1.6,357.2,1440,844,129.3585,36.4354
2012-07-14,23.1,19.8,2012-07-14 14:21:00+00:00,25.8,2012-07-14 04:12:00+00:00,26.0,12.0,2012-07-14 15:00:00+00:00,8.5,2012-07-14 14:28:00+00:00,3.6,118.1,1438,845,128.6551,35.868
2012-07-14,23.3,21.0,2012-07-14 13:56:00+00:00,26.3,2012-07-14 05:24:00+00:00,13.0,5.5,2012-07-14 15:00:00+00:00,3.7,2012-07-14 11:00:00+00:00,0.6,132.2,1440,847,128.4665,36.2763
2012-07-14,22.7,19.6,2012-07-14 14:53:00+00:00,24.7,2012-07-14 00:19:00+00:00,18.5,9.5,2012-07-14 15:00:00+00:00,5.0,2012-07-14 00:40:00+00:00,1.6,28.1,1440,848,128.8953,35.6791
2012-07-14,23.1,21.2,2012-07-14 14:53:00+00:00,24.7,2012-07-14 06:06:00+00:00,14.0,4.5,2012-07-14 13:00:00+00:00,4.3,2012-07-14 13:39:00+00:00,1.4,45.0,1440,849,128.299,36.5106
2012-07-14,21.6,20.4,2012-07-13 17:55:00+00:00,23.3,2012-07-14 04:00:00+00:00,12.0,4.5,2012-07-14 15:00:00+00:00,5.9,2012-07-14 01:10:00+00:00,1.3,315.0,1440,850,129.4906,35.7847
2012-07-14,21.4,19.1,2012-07-14 13:36:00+00:00,24.9,2012-07-14 03:54:00+00:00,0.5,0.5,2012-07-14 14:00:00+00:00,5.4,2012-07-14 04:41:00+00:00,0.9,47.8,1440,851,129.3521,37.0514
2012-07-14,19.2,18.5,2012-07-13 19:46:00+00:00,20.3,2012-07-14 03:52:00+00:00,1.0,0.5,2012-07-14 13:00:00+00:00,14.5,2012-07-14 05:35:00+00:00,8.1,8.4,1440,852,129.4258,37.0606
2012-07-14,20.8,17.9,2012-07-14 14:56:00+00:00,23.5,2012-07-14 04:34:00+00:00,23.0,10.0,2012-07-14 15:00:00+00:00,3.3,2012-07-14 12:07:00+00:00,0.5,34.0,1440,853,128.6213,36.0183
2012-07-14,22.5,19.9,2012-07-14 14:32:00+00:00,24.6,2012-07-14 03:22:00+00:00,26.5,9.5,2012-07-14 15:00:00+00:00,4.2,2012-07-14 01:56:00+00:00,0.7,112.5,1440,854,129.1596,35.5239
2012-07-14,24.1,23.3,2012-07-13 20:32:00+00:00,25.0,2012-07-14 07:34:00+00:00,1.5,1.0,2012-07-14 02:00:00+00:00,9.3,2012-07-14 13:36:00+00:00,3.7,179.7,1440,855,126.2735,33.1664
2012-07-14,21.6,20.5,2012-07-13 21:03:00+00:00,23.6,2012-07-14 01:04:00+00:00,0.5,0.5,2012-07-14 06:00:00+00:00,8.2,2012-07-14 12:06:00+00:00,0.8,312.2,1440,856,127.6294,35.0836
2012-07-14,22.6,21.4,2012-07-13 20:41:00+00:00,24.1,2012-07-14 13:42:00+00:00,25.0,12.0,2012-07-14 04:00:00+00:00,8.8,2012-07-14 09:44:00+00:00,1.4,92.8,1440,857,126.7173,34.3
2012-07-14,23.3,21.7,2012-07-13 20:25:00+00:00,25.0,2012-07-14 14:58:00+00:00,68.5,43.0,2012-07-14 09:00:00+00:00,13.0,2012-07-14 15:00:00+00:00,2.0,225.0,1440,858,126.17,34.4296
2012-07-14,19.4,18.0,2012-07-14 11:42:00+00:00,22.0,2012-07-13 15:07:00+00:00,20.0,7.5,2012-07-14 15:00:00+00:00,5.8,2012-07-14 00:33:00+00:00,1.1,341.4,1440,859,129.3658,35.7613
2012-07-14,19.1,18.0,2012-07-14 01:03:00+00:00,19.7,2012-07-14 09:40:00+00:00,50.5,8.0,2012-07-14 09:00:00+00:00,15.3,2012-07-14 13:29:00+00:00,4.6,205.0,1440,870,126.5557,33.3698
2012-07-14,19.4,18.4,2012-07-14 14:46:00+00:00,21.0,2012-07-13 22:53:00+00:00,78.0,32.0,2012-07-14 13:00:00+00:00,4.3,2012-07-14 12:12:00+00:00,0.6,0.0,1440,872,127.7563,35.3191
2012-07-14,19.2,17.0,2012-07-14 14:58:00+00:00,21.1,2012-07-13 15:35:00+00:00,23.5,13.5,2012-07-14 05:00:00+00:00,12.7,2012-07-14 12:45:00+00:00,5.0,130.8,1440,873,127.9702,37.2557
2012-07-14,19.3,17.4,2012-07-14 14:15:00+00:00,21.1,2012-07-14 06:54:00+00:00,35.0,15.0,2012-07-14 14:00:00+00:00,4.1,2012-07-14 10:18:00+00:00,0.8,60.2,1440,874,127.2053,38.221
2012-07-14,12.4,11.4,2012-07-14 12:58:00+00:00,13.8,2012-07-13 15:01:00+00:00,26.0,8.0,2012-07-13 19:00:00+00:00,8.8,2012-07-14 02:16:00+00:00,4.6,45.1,1440,875,128.4606,38.1211
2012-07-14,23.0,20.4,2012-07-14 14:51:00+00:00,25.0,2012-07-14 03:07:00+00:00,3.0,1.0,2012-07-14 14:00:00+00:00,6.5,2012-07-14 09:45:00+00:00,2.4,42.2,1440,877,127.8048,37.3134
2012-07-14,17.0,15.2,2012-07-14 14:28:00+00:00,19.9,2012-07-14 03:11:00+00:00,2.0,0.5,2012-07-13 22:00:00+00:00,5.5,2012-07-13 20:55:00+00:00,1.6,208.1,1440,878,129.0961,37.2238
2012-07-14,16.0,14.7,2012-07-14 11:12:00+00:00,17.8,2012-07-14 02:12:00+00:00,3.0,1.0,2012-07-14 11:00:00+00:00,7.8,2012-07-14 04:34:00+00:00,3.3,81.6,1440,879,128.6794,37.661
2012-07-14,23.8,23.0,2012-07-14 08:34:00+00:00,25.6,2012-07-14 01:21:00+00:00,28.5,10.5,2012-07-14 11:00:00+00:00,9.7,2012-07-14 12:51:00+00:00,3.0,78.8,1440,881,126.5295,35.7302
2012-07-14,23.7,22.7,2012-07-14 10:02:00+00:00,25.2,2012-07-14 03:04:00+00:00,78.0,25.0,2012-07-14 15:00:00+00:00,5.5,2012-07-14 10:00:00+00:00,1.2,81.6,1440,882,126.6042,35.2518
2012-07-14,24.0,22.3,2012-07-13 16:23:00+00:00,26.2,2012-07-14 03:26:00+00:00,33.5,13.0,2012-07-14 06:00:00+00:00,12.8,2012-07-14 14:55:00+00:00,3.5,191.3,1440,885,126.6784,33.3315
2012-07-14,24.8,22.0,2012-07-14 12:34:00+00:00,29.0,2012-07-14 05:21:00+00:00,34.5,13.5,2012-07-14 08:00:00+00:00,4.6,2012-07-14 06:27:00+00:00,1.1,84.4,1440,887,127.2912,36.5033
2012-07-14,24.3,22.6,2012-07-14 09:54:00+00:00,27.3,2012-07-14 03:56:00+00:00,22.5,8.5,2012-07-14 10:00:00+00:00,8.0,2012-07-14 08:43:00+00:00,2.0,132.2,1440,886,126.5911,35.9504
2012-07-14,22.8,20.0,2012-07-14 14:57:00+00:00,24.6,2012-07-14 02:57:00+00:00,32.0,10.0,2012-07-14 15:00:00+00:00,4.3,2012-07-14 02:02:00+00:00,1.0,90.0,1440,900,129.0998,35.5824
2012-07-14,21.0,19.5,2012-07-14 13:37:00+00:00,22.6,2012-07-14 04:58:00+00:00,24.5,13.5,2012-07-14 15:00:00+00:00,10.2,2012-07-14 13:27:00+00:00,3.6,42.2,1440,901,129.4356,35.4865
2012-07-14,24.1,22.5,2012-07-13 20:47:00+00:00,26.0,2012-07-14 13:22:00+00:00,29.0,11.5,2012-07-14 08:00:00+00:00,12.4,2012-07-14 14:20:00+00:00,2.3,134.8,1440,723,127.309,34.0279
2012-07-14,22.2,20.5,2012-07-14 13:54:00+00:00,24.2,2012-07-14 02:10:00+00:00,85.5,35.5,2012-07-14 13:00:00+00:00,3.5,2012-07-14 13:18:00+00:00,0.5,140.6,1440,902,127.7644,35.2843
2012-07-14,24.4,21.8,2012-07-14 14:25:00+00:00,27.8,2012-07-14 02:23:00+00:00,31.0,15.0,2012-07-14 15:00:00+00:00,6.9,2012-07-14 13:45:00+00:00,1.6,140.6,1440,903,128.5149,35.4039
2012-07-14,23.1,20.4,2012-07-14 14:59:00+00:00,26.2,2012-07-14 03:06:00+00:00,36.0,11.5,2012-07-14 15:00:00+00:00,6.8,2012-07-14 09:40:00+00:00,2.3,185.6,1440,905,129.0379,35.335
2012-07-14,23.7,21.8,2012-07-14 14:53:00+00:00,26.6,2012-07-14 01:50:00+00:00,70.0,32.5,2012-07-14 13:00:00+00:00,2.8,2012-07-14 14:22:00+00:00,0.5,188.4,1440,906,127.6428,35.2322
2012-07-14,23.0,22.3,2012-07-13 16:41:00+00:00,23.9,2012-07-13 23:13:00+00:00,55.5,12.5,2012-07-13 16:00:00+00:00,7.9,2012-07-14 12:35:00+00:00,1.7,70.3,1440,907,128.0597,34.929
2012-07-14,22.8,21.6,2012-07-14 13:25:00+00:00,24.5,2012-07-14 02:02:00+00:00,35.5,12.0,2012-07-14 15:00:00+00:00,7.2,2012-07-14 14:56:00+00:00,1.3,81.6,1440,908,128.75,35.12
2012-07-14,22.4,21.4,2012-07-14 13:18:00+00:00,22.9,2012-07-13 16:02:00+00:00,105.5,29.5,2012-07-14 13:00:00+00:00,11.1,2012-07-14 11:50:00+00:00,2.6,30.9,1440,909,128.7382,34.7877
2012-07-14,21.0,19.7,2012-07-14 13:18:00+00:00,23.0,2012-07-14 02:28:00+00:00,66.0,24.5,2012-07-14 15:00:00+00:00,9.5,2012-07-14 12:24:00+00:00,3.4,70.3,1440,910,129.0742,35.0661
2012-07-14,22.7,21.5,2012-07-14 13:50:00+00:00,25.1,2012-07-14 14:59:00+00:00,67.0,23.0,2012-07-14 12:00:00+00:00,19.5,2012-07-14 13:11:00+00:00,6.5,64.6,1440,911,128.5778,34.6477
2012-07-14,24.3,22.3,2012-07-14 14:50:00+00:00,27.1,2012-07-14 03:06:00+00:00,43.5,21.5,2012-07-14 13:00:00+00:00,4.6,2012-07-14 05:59:00+00:00,1.2,143.3,1440,912,127.7783,35.5263
2012-07-14,23.3,22.3,2012-07-13 18:19:00+00:00,24.5,2012-07-14 14:55:00+00:00,55.0,15.0,2012-07-14 12:00:00+00:00,7.8,2012-07-14 12:17:00+00:00,1.8,61.9,1440,913,127.9854,34.7238
2012-07-14,24.2,22.2,2012-07-14 14:48:00+00:00,27.3,2012-07-14 02:31:00+00:00,58.0,23.5,2012-07-14 14:00:00+00:00,7.6,2012-07-14 13:04:00+00:00,1.1,284.1,1440,915,128.102,35.4137
2012-07-14,24.1,22.2,2012-07-14 14:36:00+00:00,27.8,2012-07-14 01:44:00+00:00,74.5,26.0,2012-07-14 13:00:00+00:00,6.2,2012-07-14 12:44:00+00:00,1.1,278.4,1440,916,127.9669,35.3111
2012-07-14,24.0,22.6,2012-07-14 14:24:00+00:00,26.1,2012-07-13 23:16:00+00:00,46.0,12.0,2012-07-14 15:00:00+00:00,5.4,2012-07-14 11:46:00+00:00,0.6,90.0,1440,917,128.0677,35.037
2012-07-14,24.5,21.4,2012-07-14 14:51:00+00:00,27.3,2012-07-14 03:24:00+00:00,39.0,14.5,2012-07-14 14:00:00+00:00,8.4,2012-07-14 13:35:00+00:00,2.0,39.4,1440,919,128.4767,35.5514
2012-07-14,22.0,21.0,2012-07-14 13:12:00+00:00,22.6,2012-07-13 21:20:00+00:00,58.0,16.5,2012-07-14 13:00:00+00:00,12.7,2012-07-14 08:57:00+00:00,4.7,140.6,1440,921,128.8314,34.9931
2012-07-14,23.5,21.1,2012-07-14 14:55:00+00:00,26.8,2012-07-14 02:01:00+00:00,21.5,9.0,2012-07-14 10:00:00+00:00,5.9,2012-07-14 13:13:00+00:00,1.7,219.4,1440,922,128.9189,35.3647
2012-07-14,21.1,19.7,2012-07-14 14:09:00+00:00,22.6,2012-07-13 17:02:00+00:00,29.5,12.0,2012-07-14 15:00:00+00:00,10.4,2012-07-14 14:09:00+00:00,3.8,0.0,1440,924,129.3603,35.3587
2012-07-14,23.7,21.4,2012-07-14 14:53:00+00:00,26.9,2012-07-14 00:41:00+00:00,25.0,10.5,2012-07-14 10:00:00+00:00,12.2,2012-07-14 14:12:00+00:00,1.8,160.3,1440,925,128.8491,35.3282
2012-07-14,22.6,21.4,2012-07-14 14:35:00+00:00,24.4,2012-07-13 23:45:00+00:00,64.5,32.5,2012-07-14 15:00:00+00:00,5.8,2012-07-14 08:10:00+00:00,1.1,90.0,1440,926,128.4618,35.1149
2012-07-14,23.0,21.9,2012-07-14 14:06:00+00:00,23.9,2012-07-14 01:29:00+00:00,68.0,26.0,2012-07-14 15:00:00+00:00,9.3,2012-07-14 14:47:00+00:00,2.2,284.1,1440,930,128.2251,34.8436
2012-07-14,22.3,21.4,2012-07-14 13:08:00+00:00,23.9,2012-07-14 14:55:00+00:00,77.5,38.0,2012-07-14 12:00:00+00:00,12.8,2012-07-14 13:06:00+00:00,3.7,75.9,1439,931,128.2759,34.6192
2012-07-14,23.8,22.1,2012-07-14 14:37:00+00:00,26.6,2012-07-14 00:35:00+00:00,105.5,36.0,2012-07-14 13:00:00+00:00,7.8,2012-07-14 12:36:00+00:00,1.0,275.6,1440,932,127.7455,35.0721
2012-07-14,23.4,22.0,2012-07-13 20:13:00+00:00,25.4,2012-07-14 02:08:00+00:00,66.0,29.0,2012-07-14 14:00:00+00:00,8.1,2012-07-14 12:36:00+00:00,1.0,149.1,1440,933,127.8324,34.9966
2012-07-14,23.7,22.2,2012-07-14 13:20:00+00:00,26.6,2012-07-14 01:12:00+00:00,70.0,30.0,2012-07-14 14:00:00+00:00,3.9,2012-07-14 12:12:00+00:00,0.8,22.5,1440,934,127.9322,35.1986
2012-07-14,21.8,20.3,2012-07-14 13:22:00+00:00,24.2,2012-07-14 03:06:00+00:00,44.5,16.0,2012-07-14 15:00:00+00:00,11.5,2012-07-14 13:44:00+00:00,2.6,22.5,1440,937,129.1624,35.1761
2012-07-14,23.2,20.1,2012-07-14 14:45:00+00:00,26.5,2012-07-14 04:05:00+00:00,28.5,15.0,2012-07-14 15:00:00+00:00,6.5,2012-07-14 09:49:00+00:00,2.5,78.8,1440,827,128.7416,35.8251
2012-07-14,24.0,21.6,2012-07-14 14:38:00+00:00,26.4,2012-07-14 04:29:00+00:00,41.5,18.5,2012-07-14 14:00:00+00:00,6.7,2012-07-13 16:27:00+00:00,1.4,146.3,1440,935,128.3411,35.5698
2012-07-14,23.2,20.9,2012-07-14 13:38:00+00:00,25.6,2012-07-14 02:35:00+00:00,56.5,20.5,2012-07-14 14:00:00+00:00,5.3,2012-07-14 10:48:00+00:00,1.4,70.3,1440,938,129.0507,35.154
2012-07-14,22.7,20.4,2012-07-14 14:30:00+00:00,25.7,2012-07-14 03:09:00+00:00,51.0,19.0,2012-07-14 15:00:00+00:00,6.1,2012-07-14 13:52:00+00:00,1.3,33.8,1440,939,129.0846,35.2323
2012-07-14,22.3,20.3,2012-07-14 13:41:00+00:00,24.7,2012-07-14 03:04:00+00:00,50.5,19.0,2012-07-14 15:00:00+00:00,3.5,2012-07-14 13:48:00+00:00,0.8,250.3,1440,940,129.083,35.2084
2012-07-14,23.4,21.0,2012-07-14 13:37:00+00:00,25.8,2012-07-14 02:42:00+00:00,47.0,16.5,2012-07-14 14:00:00+00:00,12.7,2012-07-14 13:35:00+00:00,2.4,53.4,1440,941,128.9981,35.204
2012-07-14,22.6,20.8,2012-07-14 13:33:00+00:00,24.0,2012-07-14 02:31:00+00:00,55.0,20.0,2012-07-14 15:00:00+00:00,7.3,2012-07-14 12:14:00+00:00,1.8,75.9,1440,942,129.1045,35.135
2012-07-14,23.8,21.3,2012-07-14 14:53:00+00:00,26.4,2012-07-13 15:12:00+00:00,23.0,12.0,2012-07-14 15:00:00+00:00,8.7,2012-07-14 13:19:00+00:00,3.4,61.9,1440,943,129.3519,35.5076
2012-07-14,24.1,21.2,2012-07-14 14:43:00+00:00,27.3,2012-07-14 01:37:00+00:00,31.5,13.5,2012-07-14 15:00:00+00:00,7.7,2012-07-14 13:10:00+00:00,1.8,95.6,1440,944,128.569,35.387
2012-07-14,23.0,21.2,2012-07-14 14:37:00+00:00,25.5,2012-07-14 02:58:00+00:00,56.5,18.5,2012-07-14 13:00:00+00:00,4.9,2012-07-14 11:42:00+00:00,0.9,75.9,1440,945,127.99,35.5345
2012-07-14,22.7,21.2,2012-07-14 12:47:00+00:00,25.6,2012-07-14 01:57:00+00:00,46.5,10.5,2012-07-14 13:00:00+00:00,3.8,2012-07-14 03:18:00+00:00,0.8,185.6,1440,946,127.8183,35.7798
2012-07-14,22.7,21.2,2012-07-14 13:17:00+00:00,24.8,2012-07-14 14:56:00+00:00,97.0,36.5,2012-07-14 12:00:00+00:00,13.6,2012-07-14 14:39:00+00:00,3.9,59.1,1440,947,128.5908,34.722
2012-07-14,23.7,21.7,2012-07-14 14:39:00+00:00,27.2,2012-07-14 01:43:00+00:00,77.0,31.0,2012-07-14 13:00:00+00:00,5.4,2012-07-14 12:26:00+00:00,1.0,292.5,1440,948,127.8319,35.2984
2012-07-14,22.2,20.6,2012-07-14 13:22:00+00:00,24.0,2012-07-14 02:56:00+00:00,56.0,17.5,2012-07-14 14:00:00+00:00,15.9,2012-07-14 14:27:00+00:00,4.0,95.6,1440,950,128.9839,35.09
2012-07-14,21.7,21.1,2012-07-14 08:43:00+00:00,22.3,2012-07-13 21:59:00+00:00,54.5,13.5,2012-07-14 15:00:00+00:00,11.7,2012-07-14 13:40:00+00:00,2.9,112.5,1440,953,128.6796,34.9985
2012-07-14,21.2,19.5,2012-07-14 12:51:00+00:00,22.6,2012-07-14 02:06:00+00:00,34.0,16.5,2012-07-14 15:00:00+00:00,9.0,2012-07-14 13:28:00+00:00,3.3,45.0,1440,954,129.3601,35.431
2012-07-14,22.5,22.0,2012-07-13 15:01:00+00:00,24.6,2012-07-14 03:26:00+00:00,4.0,2.0,2012-07-13 22:00:00+00:00,5.4,2012-07-13 15:34:00+00:00,1.1,150.0,1440,96,131.8698,37.2395
2012-07-14,22.2,20.5,2012-07-14 13:28:00+00:00,24.5,2012-07-14 02:35:00+00:00,58.0,20.5,2012-07-14 15:00:00+00:00,14.2,2012-07-14 13:23:00+00:00,4.0,141.4,1440,968,129.045,35.081
2012-07-14,21.5,20.1,2012-07-14 13:20:00+00:00,22.5,2012-07-13 17:13:00+00:00,60.5,27.0,2012-07-14 15:00:00+00:00,13.0,2012-07-14 14:51:00+00:00,3.5,57.6,1440,969,129.127,35.091
2012-07-14,22.8,21.6,2012-07-13 21:38:00+00:00,25.1,2012-07-14 13:33:00+00:00,34.0,18.5,2012-07-14 04:00:00+00:00,9.9,2012-07-14 09:31:00+00:00,2.1,98.4,1440,304,126.8485,34.318
2012-07-14,20.1,18.5,2012-07-14 07:28:00+00:00,21.1,2012-07-14 12:20:00+00:00,30.0,12.0,2012-07-14 11:00:00+00:00,16.2,2012-07-14 10:10:00+00:00,4.6,105.7,1440,316,126.9974,35.1144
2012-07-14,23.4,20.8,2012-07-14 14:50:00+00:00,25.7,2012-07-14 04:09:00+00:00,8.0,3.5,2012-07-14 15:00:00+00:00,4.3,2012-07-14 12:03:00+00:00,0.4,147.5,1440,324,128.0745,36.9101
2012-07-14,23.1,20.7,2012-07-14 12:03:00+00:00,26.1,2012-07-13 15:01:00+00:00,10.5,4.5,2012-07-14 09:00:00+00:00,7.6,2012-07-14 05:29:00+00:00,2.8,28.1,1440,415,126.9761,37.5204
2012-07-14,24.8,22.0,2012-07-14 12:19:00+00:00,29.5,2012-07-14 04:13:00+00:00,20.0,11.0,2012-07-14 13:00:00+00:00,4.1,2012-07-14 06:09:00+00:00,0.9,64.7,1440,496,127.2688,36.4585
2012-07-14,22.1,20.7,2012-07-14 14:50:00+00:00,23.6,2012-07-14 05:17:00+00:00,1.5,1.5,2012-07-13 17:00:00+00:00,7.5,2012-07-14 14:42:00+00:00,3.1,81.6,1440,500,126.4201,37.6317
2012-07-14,21.4,18.9,2012-07-14 13:41:00+00:00,23.8,2012-07-14 03:37:00+00:00,11.0,6.0,2012-07-14 12:00:00+00:00,3.9,2012-07-14 11:18:00+00:00,1.2,213.8,1440,505,127.3454,37.8244
2012-07-14,21.8,20.5,2012-07-14 13:12:00+00:00,24.4,2012-07-14 04:21:00+00:00,2.5,1.5,2012-07-14 13:00:00+00:00,5.8,2012-07-13 23:24:00+00:00,2.6,33.8,1440,506,126.7841,37.7657
2012-07-14,21.2,18.7,2012-07-14 14:45:00+00:00,24.5,2012-07-14 06:09:00+00:00,21.0,9.0,2012-07-14 14:00:00+00:00,4.1,2012-07-14 12:46:00+00:00,0.6,180.0,1440,507,127.1433,38.025
2012-07-14,,,,,,,,,,,,,0,508,126.3609,37.4665
2012-07-14,22.6,19.9,2012-07-14 14:59:00+00:00,25.5,2012-07-14 05:02:00+00:00,12.5,4.0,2012-07-14 08:00:00+00:00,4.7,2012-07-14 12:18:00+00:00,1.2,22.5,1440,509,126.9502,37.4528
2012-07-14,23.7,21.3,2012-07-14 12:23:00+00:00,26.2,2012-07-14 05:17:00+00:00,4.5,1.0,2012-07-14 09:00:00+00:00,6.6,2012-07-14 10:26:00+00:00,2.7,45.0,1440,510,126.9071,37.5271
2012-07-14,22.5,21.0,2012-07-14 14:55:00+00:00,25.3,2012-07-14 04:51:00+00:00,2.0,1.0,2012-07-14 03:00:00+00:00,7.4,2012-07-14 13:09:00+00:00,1.4,106.9,1440,511,126.6905,37.555
2012-07-14,23.9,21.5,2012-07-14 14:49:00+00:00,26.5,2012-07-14 03:52:00+00:00,4.0,1.5,2012-07-14 01:00:00+00:00,5.3,2012-07-14 10:14:00+00:00,1.5,106.9,1440,512,126.6621,37.3968
2012-07-14,23.1,21.3,2012-07-14 14:34:00+00:00,25.3,2012-07-14 05:51:00+00:00,6.0,6.0,2012-07-14 12:00:00+00:00,3.6,2012-07-14 13:15:00+00:00,0.7,281.8,1440,513,126.1468,37.2331
2012-07-14,24.0,22.0,2012-07-14 14:29:00+00:00,26.3,2012-07-14 03:48:00+00:00,1.5,0.5,2012-07-14 01:00:00+00:00,7.8,2012-07-14 10:23:00+00:00,1.9,309.4,1440,514,126.5806,37.2455
2012-07-14,24.5,22.3,2012-07-14 14:30:00+00:00,29.0,2012-07-14 03:21:00+00:00,46.5,23.0,2012-07-14 07:00:00+00:00,6.6,2012-07-14 10:25:00+00:00,1.4,64.6,1437,515,126.8007,37.0819
2012-07-14,24.3,21.6,2012-07-14 14:54:00+00:00,26.3,2012-07-14 01:39:00+00:00,8.0,5.0,2012-07-14 10:00:00+00:00,8.4,2012-07-14 14:30:00+00:00,1.6,75.9,1440,516,127.2651,37.013
2012-07-14,19.2,18.4,2012-07-14 10:33:00+00:00,20.3,2012-07-13 15:01:00+00:00,25.0,2.5,2012-07-14 15:00:00+00:00,6.5,2012-07-13 18:45:00+00:00,2.1,61.9,1440,517,128.4745,38.3854
2012-07-14,18.3,16.6,2012-07-14 13:12:00+00:00,21.0,2012-07-14 00:55:00+00:00,5.0,3.0,2012-07-14 06:00:00+00:00,7.0,2012-07-14 03:59:00+00:00,1.8,0.0,1440,518,128.1397,38.2847
2012-07-14,19.5,17.4,2012-07-14 13:50:00+00:00,21.7,2012-07-14 01:51:00+00:00,22.5,15.0,2012-07-14 14:00:00+00:00,4.4,2012-07-14 07:58:00+00:00,0.8,126.6,1440,519,127.5297,38.0753
2012-07-14,18.5,17.6,2012-07-14 11:30:00+00:00,19.9,2012-07-13 15:10:00+00:00,55.0,10.0,2012-07-13 19:00:00+00:00,4.1,2012-07-13 16:41:00+00:00,0.3,264.4,1440,520,128.4933,38.1721
2012-07-14,19.6,18.9,2012-07-14 13:19:00+00:00,21.0,2012-07-13 15:04:00+00:00,40.5,8.0,2012-07-13 19:00:00+00:00,6.3,2012-07-14 03:35:00+00:00,2.4,19.7,1440,521,128.6026,38.1438
2012-07-14,21.2,19.3,2012-07-14 14:56:00+00:00,23.8,2012-07-14 01:16:00+00:00,11.5,5.5,2012-07-13 18:00:00+00:00,3.1,2012-07-14 00:36:00+00:00,0.8,163.1,1440,522,128.0189,37.8687
2012-07-14,19.7,18.8,2012-07-14 13:15:00+00:00,21.0,2012-07-13 15:01:00+00:00,28.0,5.0,2012-07-13 22:00:00+00:00,8.0,2012-07-14 11:05:00+00:00,2.7,292.5,1439,523,128.8214,37.8985
2012-07-14,20.2,19.1,2012-07-14 13:47:00+00:00,21.3,2012-07-13 15:01:00+00:00,9.5,2.0,2012-07-14 12:00:00+00:00,7.8,2012-07-14 04:27:00+00:00,2.9,351.6,1439,524,128.9248,37.7858
2012-07-14,20.0,17.6,2012-07-14 14:52:00+00:00,23.1,2012-07-14 02:10:00+00:00,4.5,2.5,2012-07-14 08:00:00+00:00,6.6,2012-07-14 04:49:00+00:00,1.0,126.5,1440,525,128.3797,37.6161
2012-07-14,21.7,18.6,2012-07-14 13:19:00+00:00,25.1,2012-07-14 02:17:00+00:00,6.5,4.5,2012-07-14 13:00:00+00:00,4.1,2012-07-14 08:57:00+00:00,1.1,331.9,1440,526,128.3946,37.3779
2012-07-14,20.8,18.3,2012-07-14 14:56:00+00:00,23.2,2012-07-14 02:46:00+00:00,6.0,4.0,2012-07-13 22:00:00+00:00,5.7,2012-07-14 03:00:00+00:00,1.8,14.1,1440,527,128.6423,37.2115
2012-07-14,21.5,18.7,2012-07-13 15:52:00+00:00,24.1,2012-07-14 03:02:00+00:00,0.0,0.0,,7.6,2012-07-14 05:45:00+00:00,3.1,78.8,1440,528,124.7207,37.9788
2012-07-14,22.2,19.4,2012-07-14 14:40:00+00:00,25.9,2012-07-14 02:59:00+00:00,1.0,0.5,2012-07-14 13:00:00+00:00,7.3,2012-07-14 03:55:00+00:00,1.3,81.6,1440,529,129.2858,37.1413
2012-07-14,22.9,21.4,2012-07-14 13:47:00+00:00,25.0,2012-07-14 01:33:00+00:00,0.5,0.5,2012-07-14 15:00:00+00:00,4.3,2012-07-13 15:36:00+00:00,0.3,171.5,1439,530,130.7977,37.5184
2012-07-14,22.1,19.1,2012-07-14 13:17:00+00:00,24.0,2012-07-14 04:37:00+00:00,16.5,9.5,2012-07-14 14:00:00+00:00,7.3,2012-07-13 23:51:00+00:00,1.2,343.1,1440,531,127.5502,37.8856
2012-07-14,21.9,19.5,2012-07-14 14:49:00+00:00,24.8,2012-07-14 04:33:00+00:00,6.0,2.5,2012-07-14 12:00:00+00:00,4.4,2012-07-14 14:32:00+00:00,1.0,42.2,1440,532,127.075,37.735
2012-07-14,22.4,20.2,2012-07-14 11:50:00+00:00,24.4,2012-07-14 02:35:00+00:00,7.5,2.5,2012-07-14 10:00:00+00:00,8.9,2012-07-14 12:52:00+00:00,3.5,0.0,1440,533,127.3333,37.55
2012-07-14,23.3,20.8,2012-07-14 15:00:00+00:00,25.1,2012-07-13 15:15:00+00:00,4.5,1.5,2012-07-14 15:00:00+00:00,7.2,2012-07-14 05:18:00+00:00,1.7,98.4,1440,534,127.6106,37.121
2012-07-14,20.2,17.9,2012-07-14 14:50:00+00:00,23.3,2012-07-14 05:19:00+00:00,41.5,25.0,2012-07-13 19:00:00+00:00,4.6,2012-07-13 18:35:00+00:00,1.1,278.4,1440,535,128.1827,37.717
2012-07-14,22.0,20.2,2012-07-14 13:52:00+00:00,24.4,2012-07-14 03:38:00+00:00,11.0,2.5,2012-07-13 23:00:00+00:00,8.4,2012-07-14 00:49:00+00:00,2.4,2.8,1440,536,127.9724,37.4876
2012-07-14,19.0,17.1,2012-07-14 10:15:00+00:00,21.6,2012-07-14 02:50:00+00:00,1.5,1.0,2012-07-14 11:00:00+00:00,7.7,2012-07-14 05:48:00+00:00,2.1,33.8,1440,537,128.8459,37.4832
2012-07-14,19.8,17.8,2012-07-14 14:45:00+00:00,21.5,2012-07-14 06:11:00+00:00,42.5,9.5,2012-07-14 15:00:00+00:00,8.8,2012-07-14 04:40:00+00:00,3.8,30.9,1440,538,127.103,38.1725
2012-07-14,21.8,19.1,2012-07-14 13:10:00+00:00,24.6,2012-07-14 05:36:00+00:00,11.5,3.5,2012-07-14 13:00:00+00:00,8.4,2012-07-14 11:22:00+00:00,4.1,348.8,1440,539,127.3579,38.0237
2012-07-14,22.3,20.2,2012-07-14 14:37:00+00:00,25.0,2012-07-14 04:21:00+00:00,7.5,1.5,2012-07-14 00:00:00+00:00,5.6,2012-07-14 14:50:00+00:00,0.6,95.6,1440,540,126.8917,37.6343
2012-07-14,22.6,20.2,2012-07-14 12:06:00+00:00,25.1,2012-07-14 04:41:00+00:00,20.5,10.0,2012-07-14 10:00:00+00:00,5.9,2012-07-14 14:37:00+00:00,1.1,98.4,1440,541,127.1493,37.6528
2012-07-14,21.7,19.5,2012-07-14 13:18:00+00:00,23.7,2012-07-14 03:24:00+00:00,7.5,2.5,2012-07-14 11:00:00+00:00,7.3,2012-07-14 14:32:00+00:00,2.3,30.9,1440,542,127.3802,37.6841
2012-07-14,19.7,17.4,2012-07-14 13:49:00+00:00,21.0,2012-07-14 02:26:00+00:00,24.0,14.0,2012-07-14 14:00:00+00:00,8.3,2012-07-14 08:16:00+00:00,3.2,326.3,1440,552,127.4246,38.2723
2012-07-14,21.6,18.9,2012-07-14 14:35:00+00:00,24.0,2012-07-14 03:45:00+00:00,0.5,0.5,2012-07-14 15:00:00+00:00,4.0,2012-07-14 13:21:00+00:00,0.8,14.1,1440,562,128.2695,37.2754
2012-07-14,20.5,18.8,2012-07-14 14:34:00+00:00,23.1,2012-07-14 03:43:00+00:00,9.5,2.5,2012-07-14 14:00:00+00:00,4.5,2012-07-14 14:10:00+00:00,1.0,50.6,1439,567,126.9318,37.9533
2012-07-14,21.5,18.7,2012-07-14 14:34:00+00:00,25.8,2012-07-14 03:28:00+00:00,15.5,10.0,2012-07-14 06:00:00+00:00,5.7,2012-07-13 21:57:00+00:00,1.6,84.4,1440,583,128.1561,37.4125
