dt,ta,tn,tn_at,tx,tx_at,rn,rx_1hr,rx_1hr_at,wx,wx_at,wa,wd_wx,nmin,code,x,y
2011-11-10,14.3,11.5,2011-11-09 22:31:00+00:00,17.0,2011-11-10 04:15:00+00:00,0.0,0.0,,7.6,2011-11-10 01:45:00+00:00,2.9,120.9,1440,606,126.454,36.9984
2011-11-10,14.1,11.6,2011-11-09 22:15:00+00:00,18.5,2011-11-10 04:07:00+00:00,0.5,0.5,2011-11-10 12:00:00+00:00,5.7,2011-11-10 00:37:00+00:00,1.9,84.4,1440,614,126.7043,36.0622
2011-11-10,11.5,6.5,2011-11-09 20:34:00+00:00,16.4,2011-11-10 03:26:00+00:00,0.0,0.0,,5.7,2011-11-10 05:54:00+00:00,1.2,202.5,1440,621,128.1678,37.0003
2011-11-10,12.9,7.4,2011-11-09 19:19:00+00:00,17.6,2011-11-10 05:15:00+00:00,0.0,0.0,,5.8,2011-11-10 05:15:00+00:00,1.3,120.9,1440,626,127.8156,36.3709
2011-11-10,14.3,10.6,2011-11-09 21:16:00+00:00,17.9,2011-11-10 04:42:00+00:00,0.0,0.0,,6.5,2011-11-10 02:01:00+00:00,1.4,180.0,1440,642,127.4061,36.3105
2011-11-10,13.9,11.0,2011-11-09 21:51:00+00:00,17.5,2011-11-10 06:03:00+00:00,0.5,0.5,2011-11-10 15:00:00+00:00,5.2,2011-11-10 01:13:00+00:00,1.2,104.1,1440,645,126.5173,36.5804
2011-11-10,13.2,10.8,2011-11-09 21:15:00+00:00,16.4,2011-11-10 03:25:00+00:00,0.0,0.0,,6.5,2011-11-10 02:58:00+00:00,0.9,64.7,1440,673,128.7175,35.2822
2011-11-10,10.1,6.3,2011-11-09 22:34:00+00:00,15.9,2011-11-10 06:30:00+00:00,0.0,0.0,2011-11-09 16:00:00+00:00,2.4,2011-11-10 05:12:00+00:00,0.5,16.9,1440,675,127.5277,37.7898
2011-11-10,6.9,3.3,2011-11-09 16:36:00+00:00,10.9,2011-11-10 04:49:00+00:00,0.0,0.0,,7.7,2011-11-10 01:43:00+00:00,2.2,104.0,1440,674,128.8214,37.2197
2011-11-10,9.3,3.7,2011-11-09 22:20:00+00:00,17.1,2011-11-10 04:24:00+00:00,0.0,0.0,,4.8,2011-11-10 04:39:00+00:00,0.9,92.8,1440,680,127.8441,38.2127
2011-11-10,8.8,3.7,2011-11-09 22:04:00+00:00,15.8,2011-11-10 04:14:00+00:00,0.0,0.0,,3.0,2011-11-10 03:50:00+00:00,0.3,123.3,1440,681,127.8117,38.2438
2011-11-10,6.6,3.7,2011-11-09 19:30:00+00:00,11.6,2011-11-10 04:00:00+00:00,0.0,0.0,2011-11-09 16:00:00+00:00,6.9,2011-11-10 02:20:00+00:00,2.9,116.0,143,682,127.8647,38.2806
2011-11-10,14.2,12.2,2011-11-09 15:21:00+00:00,18.2,2011-11-10 03:12:00+00:00,0.0,0.0,,5.9,2011-11-10 05:15:00+00:00,2.1,78.8,1440,690,127.14,35.34
2011-11-10,13.0,7.4,2011-11-09 22:07:00+00:00,18.2,2011-11-10 04:44:00+00:00,0.0,0.0,,6.2,2011-11-10 04:15:00+00:00,1.5,33.8,1440,691,126.9586,36.3824
2011-11-10,11.0,4.4,2011-11-09 22:23:00+00:00,18.2,2011-11-10 04:23:00+00:00,0.0,0.0,,3.4,2011-11-10 00:40:00+00:00,0.6,59.7,1440,692,126.9178,38.0264
2011-11-10,13.2,9.2,2011-11-09 19:22:00+00:00,17.0,2011-11-10 03:35:00+00:00,0.0,0.0,2011-11-09 16:00:00+00:00,5.2,2011-11-10 02:20:00+00:00,1.1,84.2,1440,693,127.4401,36.7232
2011-11-10,9.3,7.2,2011-11-09 20:11:00+00:00,12.2,2011-11-10 02:05:00+00:00,0.0,0.0,,12.8,2011-11-09 23:32:00+00:00,6.3,114.5,1440,694,126.6094,36.7044
2011-11-10,6.9,4.3,2011-11-09 19:40:00+00:00,12.1,2011-11-10 03:57:00+00:00,0.0,0.0,,4.3,2011-11-09 23:20:00+00:00,2.2,170.3,1440,695,127.432,38.1162
2011-11-10,10.7,7.2,2011-11-10 13:17:00+00:00,14.9,2011-11-10 03:53:00+00:00,0.0,0.0,2011-11-09 16:00:00+00:00,5.4,2011-11-10 04:15:00+00:00,1.0,42.2,1440,696,129.0861,37.3466
2011-11-10,15.6,14.1,2011-11-10 14:25:00+00:00,16.7,2011-11-10 05:25:00+00:00,1.0,0.5,2011-11-09 19:00:00+00:00,13.7,2011-11-10 04:23:00+00:00,4.3,58.5,1440,697,125.9183,34.2511
2011-11-10,14.6,13.0,2011-11-09 22:01:00+00:00,17.5,2011-11-10 04:30:00+00:00,0.5,0.5,2011-11-09 21:00:00+00:00,4.9,2011-11-10 14:25:00+00:00,1.6,42.2,1440,698,126.2851,35.0938
2011-11-10,15.1,13.1,2011-11-09 22:12:00+00:00,17.2,2011-11-10 04:07:00+00:00,0.5,0.5,2011-11-09 23:00:00+00:00,7.5,2011-11-10 03:19:00+00:00,2.1,95.6,1440,699,126.4833,35.01
2011-11-10,13.8,12.7,2011-11-10 13:18:00+00:00,15.6,2011-11-10 04:21:00+00:00,4.5,1.0,2011-11-10 15:00:00+00:00,5.7,2011-11-10 14:06:00+00:00,1.5,1.9,1440,700,125.9682,36.1251
2011-11-10,12.5,7.8,2011-11-09 21:40:00+00:00,16.6,2011-11-10 04:08:00+00:00,0.0,0.0,,10.8,2011-11-09 17:22:00+00:00,1.4,64.7,1440,701,127.6719,36.004
2011-11-10,15.6,12.6,2011-11-09 20:59:00+00:00,19.3,2011-11-10 04:01:00+00:00,0.0,0.0,,5.8,2011-11-10 03:05:00+00:00,1.5,98.4,1440,702,126.9944,35.9451
2011-11-10,13.3,11.1,2011-11-09 19:36:00+00:00,17.4,2011-11-10 04:03:00+00:00,0.0,0.0,,8.4,2011-11-10 03:10:00+00:00,2.3,84.3,1440,703,127.3783,35.7702
2011-11-10,14.3,12.6,2011-11-09 18:03:00+00:00,16.7,2011-11-10 03:42:00+00:00,0.0,0.0,,8.7,2011-11-10 13:52:00+00:00,2.3,14.1,1440,704,126.463,35.6351
2011-11-10,14.3,12.5,2011-11-09 19:57:00+00:00,17.2,2011-11-10 02:59:00+00:00,0.0,0.0,,5.8,2011-11-10 01:19:00+00:00,1.7,42.1,1440,706,126.9727,35.3102
2011-11-10,14.7,13.2,2011-11-09 21:47:00+00:00,17.2,2011-11-10 04:13:00+00:00,0.5,0.5,2011-11-09 22:00:00+00:00,4.9,2011-11-09 20:23:00+00:00,0.7,90.0,1440,707,126.2076,35.0612
2011-11-10,14.9,12.8,2011-11-09 15:19:00+00:00,18.7,2011-11-10 02:30:00+00:00,0.0,0.0,,6.4,2011-11-10 01:34:00+00:00,2.4,47.8,1440,708,126.7453,35.1289
2011-11-10,15.2,12.9,2011-11-10 13:36:00+00:00,18.7,2011-11-10 02:56:00+00:00,0.0,0.0,,8.9,2011-11-10 01:54:00+00:00,2.0,95.5,1440,709,127.461,35.1973
2011-11-10,14.6,12.7,2011-11-09 21:51:00+00:00,17.9,2011-11-10 02:34:00+00:00,0.0,0.0,,7.2,2011-11-10 04:20:00+00:00,1.3,101.3,1440,710,126.7514,35.0358
2011-11-10,14.9,12.8,2011-11-10 12:54:00+00:00,16.7,2011-11-10 02:08:00+00:00,0.0,0.0,,8.5,2011-11-10 02:45:00+00:00,1.5,165.8,1440,711,126.9886,34.8879
2011-11-10,15.6,14.5,2011-11-10 11:38:00+00:00,17.2,2011-11-10 03:07:00+00:00,0.0,0.0,,6.3,2011-11-10 00:54:00+00:00,1.6,84.4,1440,712,127.4875,34.9506
2011-11-10,15.0,14.2,2011-11-09 19:47:00+00:00,16.3,2011-11-10 03:31:00+00:00,0.0,0.0,,9.2,2011-11-10 02:24:00+00:00,2.2,92.8,1440,713,127.5829,34.976
2011-11-10,15.4,13.8,2011-11-10 14:59:00+00:00,16.7,2011-11-10 04:22:00+00:00,1.5,1.0,2011-11-10 15:00:00+00:00,9.3,2011-11-10 03:39:00+00:00,3.4,89.9,1440,714,126.0474,34.8845
2011-11-10,14.8,12.4,2011-11-10 14:39:00+00:00,17.1,2011-11-10 05:44:00+00:00,0.0,0.0,,6.3,2011-11-10 09:05:00+00:00,1.6,67.5,1440,715,126.2585,34.4731
2011-11-10,15.5,13.5,2011-11-10 13:28:00+00:00,16.7,2011-11-10 04:43:00+00:00,3.0,2.0,2011-11-10 14:00:00+00:00,4.4,2011-11-10 02:34:00+00:00,1.9,103.0,1440,716,126.0366,34.6069
2011-11-10,15.0,12.3,2011-11-10 13:51:00+00:00,16.4,2011-11-10 05:17:00+00:00,0.0,0.0,,9.1,2011-11-10 03:22:00+00:00,2.8,67.5,1440,717,126.1902,34.4064
2011-11-10,15.6,14.2,2011-11-09 15:05:00+00:00,16.7,2011-11-10 04:18:00+00:00,1.0,0.5,2011-11-09 18:00:00+00:00,11.5,2011-11-10 05:11:00+00:00,3.0,149.1,1440,718,126.0473,34.2966
2011-11-10,15.1,13.9,2011-11-09 22:33:00+00:00,17.8,2011-11-10 05:15:00+00:00,2.5,1.0,2011-11-10 10:00:00+00:00,8.6,2011-11-10 14:09:00+00:00,3.2,357.7,1440,719,126.3977,35.8118
2011-11-10,17.1,16.3,2011-11-09 20:43:00+00:00,18.2,2011-11-10 00:54:00+00:00,0.0,0.0,,13.7,2011-11-09 19:27:00+00:00,4.5,53.4,1440,723,127.309,34.0279
2011-11-10,17.4,15.7,2011-11-10 01:40:00+00:00,18.6,2011-11-09 15:01:00+00:00,18.0,6.0,2011-11-10 02:00:00+00:00,17.1,2011-11-10 02:19:00+00:00,6.2,126.1,1439,725,126.9534,33.5065
2011-11-10,9.9,8.4,2011-11-09 19:57:00+00:00,12.2,2011-11-10 03:58:00+00:00,0.0,0.0,,6.0,2011-11-10 05:16:00+00:00,1.7,28.1,1440,735,127.7755,35.9008
2011-11-10,14.3,12.5,2011-11-09 15:01:00+00:00,17.2,2011-11-10 05:49:00+00:00,0.0,0.0,,5.2,2011-11-09 18:41:00+00:00,1.7,56.3,1440,739,126.5511,35.5243
2011-11-10,15.3,12.9,2011-11-10 14:42:00+00:00,17.7,2011-11-10 04:48:00+00:00,3.0,1.5,2011-11-10 15:00:00+00:00,7.6,2011-11-10 08:54:00+00:00,2.1,68.9,1440,743,125.9464,34.7741
2011-11-10,14.8,13.0,2011-11-09 17:41:00+00:00,17.0,2011-11-10 05:08:00+00:00,1.0,0.5,2011-11-10 11:00:00+00:00,7.5,2011-11-10 14:56:00+00:00,1.6,15.1,1440,756,126.2931,35.6028
2011-11-10,15.1,12.7,2011-11-09 18:41:00+00:00,18.3,2011-11-10 04:53:00+00:00,0.0,0.0,,5.1,2011-11-10 11:39:00+00:00,1.3,53.4,1440,769,126.3718,35.2179
2011-11-10,15.4,13.0,2011-11-10 13:23:00+00:00,17.4,2011-11-10 02:30:00+00:00,0.0,0.0,,9.3,2011-11-10 03:43:00+00:00,1.9,75.9,1440,770,126.8275,34.9473
2011-11-10,15.1,12.8,2011-11-10 14:54:00+00:00,16.7,2011-11-10 04:43:00+00:00,2.0,1.5,2011-11-10 15:00:00+00:00,5.8,2011-11-10 06:56:00+00:00,1.5,117.1,1437,771,126.1246,34.7561
2011-11-10,14.8,12.1,2011-11-10 13:45:00+00:00,16.6,2011-11-10 04:20:00+00:00,1.0,1.0,2011-11-10 14:00:00+00:00,6.2,2011-11-10 04:25:00+00:00,2.1,59.0,1440,772,126.343,34.4906
2011-11-10,15.3,14.0,2011-11-09 21:20:00+00:00,16.8,2011-11-10 04:10:00+00:00,0.0,0.0,,10.0,2011-11-10 04:26:00+00:00,2.8,95.6,1440,773,126.5718,34.6993
2011-11-10,15.0,12.7,2011-11-09 22:16:00+00:00,17.4,2011-11-10 04:24:00+00:00,0.0,0.0,,5.8,2011-11-10 02:45:00+00:00,1.5,115.3,1440,774,126.5021,34.9308
2011-11-10,14.4,12.5,2011-11-09 15:04:00+00:00,17.2,2011-11-10 04:28:00+00:00,0.0,0.0,,4.9,2011-11-10 02:30:00+00:00,1.4,90.0,1440,775,126.6322,35.1801
2011-11-10,15.9,14.4,2011-11-10 14:10:00+00:00,16.7,2011-11-10 03:03:00+00:00,0.0,0.0,,12.1,2011-11-10 02:05:00+00:00,3.9,126.6,1440,776,126.5534,34.4602
2011-11-10,15.5,14.7,2011-11-09 21:12:00+00:00,16.4,2011-11-10 04:25:00+00:00,0.0,0.0,,8.8,2011-11-10 10:51:00+00:00,3.9,90.0,1440,777,126.8883,34.4994
2011-11-10,14.5,12.2,2011-11-09 21:49:00+00:00,16.1,2011-11-10 04:05:00+00:00,0.5,0.5,2011-11-09 22:00:00+00:00,8.0,2011-11-10 03:40:00+00:00,1.8,70.3,1440,778,126.8218,34.796
2011-11-10,16.7,15.1,2011-11-10 14:30:00+00:00,18.4,2011-11-10 05:18:00+00:00,0.5,0.5,2011-11-10 14:00:00+00:00,12.4,2011-11-09 19:56:00+00:00,2.3,73.5,1439,779,126.2673,33.4105
2011-11-10,17.6,15.8,2011-11-09 18:10:00+00:00,18.9,2011-11-10 03:31:00+00:00,5.0,2.0,2011-11-09 18:00:00+00:00,12.0,2011-11-10 02:13:00+00:00,3.8,109.1,1439,780,126.7208,33.28
2011-11-10,17.7,15.8,2011-11-10 00:54:00+00:00,19.1,2011-11-09 15:41:00+00:00,26.0,6.0,2011-11-10 01:00:00+00:00,11.1,2011-11-10 02:38:00+00:00,4.7,29.7,1440,781,126.8519,33.5226
2011-11-10,11.1,10.4,2011-11-09 22:58:00+00:00,11.7,2011-11-09 16:24:00+00:00,19.5,2.0,2011-11-09 18:00:00+00:00,8.7,2011-11-10 03:37:00+00:00,2.1,151.2,1439,782,126.6194,33.3845
2011-11-10,15.1,13.7,2011-11-09 22:41:00+00:00,18.3,2011-11-10 04:33:00+00:00,0.0,0.0,,6.2,2011-11-10 01:25:00+00:00,2.3,78.8,1440,783,126.8408,35.2303
2011-11-10,15.4,14.0,2011-11-09 16:13:00+00:00,17.4,2011-11-10 04:28:00+00:00,0.0,0.0,,10.5,2011-11-10 11:24:00+00:00,2.5,81.6,1440,784,126.6071,34.8686
2011-11-10,15.2,13.8,2011-11-10 14:35:00+00:00,16.6,2011-11-10 04:04:00+00:00,0.5,0.5,2011-11-09 23:00:00+00:00,6.4,2011-11-10 01:47:00+00:00,2.0,87.2,1440,785,126.6761,34.4642
2011-11-10,16.0,15.2,2011-11-09 18:58:00+00:00,17.0,2011-11-10 04:42:00+00:00,0.0,0.0,,11.0,2011-11-09 20:07:00+00:00,4.8,67.5,1440,786,127.72,34.62
2011-11-10,14.4,13.6,2011-11-09 19:43:00+00:00,15.0,2011-11-10 04:58:00+00:00,0.0,0.0,,16.3,2011-11-10 04:27:00+00:00,7.8,81.6,1440,787,127.3325,34.4522
2011-11-10,15.5,13.7,2011-11-09 19:25:00+00:00,18.7,2011-11-10 02:19:00+00:00,0.0,0.0,,4.9,2011-11-10 03:49:00+00:00,0.8,129.4,1440,788,126.8771,35.1343
2011-11-10,15.1,13.5,2011-11-09 15:01:00+00:00,16.6,2011-11-10 04:20:00+00:00,0.5,0.5,2011-11-10 15:00:00+00:00,8.4,2011-11-10 02:43:00+00:00,2.9,104.3,1437,789,126.3126,34.8657
2011-11-10,14.9,14.2,2011-11-09 18:21:00+00:00,15.7,2011-11-10 04:52:00+00:00,0.0,0.0,,12.3,2011-11-10 14:39:00+00:00,5.7,28.1,1440,790,127.49,34.4143
2011-11-10,13.2,11.6,2011-11-09 15:15:00+00:00,16.5,2011-11-10 02:58:00+00:00,0.0,0.0,2011-11-09 16:00:00+00:00,8.0,2011-11-10 02:50:00+00:00,0.9,202.0,1440,791,127.5838,35.2662
2011-11-10,17.7,16.3,2011-11-09 17:01:00+00:00,18.4,2011-11-09 21:00:00+00:00,2.5,0.5,2011-11-09 18:00:00+00:00,13.3,2011-11-09 22:11:00+00:00,5.2,112.5,1440,792,126.8168,33.3536
2011-11-10,18.0,16.9,2011-11-10 06:59:00+00:00,18.8,2011-11-10 03:11:00+00:00,0.0,0.0,,14.6,2011-11-10 03:59:00+00:00,5.9,105.0,1439,793,126.25,33.2167
2011-11-10,13.2,11.3,2011-11-09 21:35:00+00:00,17.3,2011-11-10 02:25:00+00:00,0.0,0.0,,5.2,2011-11-10 03:14:00+00:00,0.8,59.1,1440,794,127.4271,35.1014
2011-11-10,13.5,11.5,2011-11-10 14:04:00+00:00,16.1,2011-11-10 03:16:00+00:00,0.0,0.0,,6.4,2011-11-10 02:34:00+00:00,1.0,45.0,1440,795,127.3625,34.9908
2011-11-10,15.9,15.2,2011-11-09 20:50:00+00:00,16.9,2011-11-10 04:01:00+00:00,0.0,0.0,,12.3,2011-11-10 04:27:00+00:00,4.4,116.5,1440,796,127.2448,34.2378
2011-11-10,14.5,13.0,2011-11-10 12:41:00+00:00,15.7,2011-11-10 08:02:00+00:00,7.0,2.0,2011-11-10 11:00:00+00:00,13.3,2011-11-10 09:57:00+00:00,7.1,83.3,1426,797,125.2995,34.395
2011-11-10,14.6,13.5,2011-11-10 12:47:00+00:00,15.3,2011-11-10 01:25:00+00:00,16.0,4.5,2011-11-10 15:00:00+00:00,8.3,2011-11-10 14:27:00+00:00,1.9,328.4,1380,798,125.1833,34.6667
2011-11-10,15.3,14.8,2011-11-09 15:38:00+00:00,16.1,2011-11-10 04:19:00+00:00,0.5,0.5,2011-11-10 11:00:00+00:00,5.9,2011-11-10 13:43:00+00:00,1.5,123.3,1440,799,126.1376,35.2022
2011-11-10,14.3,12.1,2011-11-09 18:28:00+00:00,15.8,2011-11-10 03:53:00+00:00,0.0,0.0,,7.7,2011-11-09 21:41:00+00:00,2.7,87.2,1440,800,129.4622,36.6809
2011-11-10,10.1,5.2,2011-11-09 22:10:00+00:00,15.7,2011-11-10 04:56:00+00:00,0.0,0.0,,6.5,2011-11-10 04:50:00+00:00,0.8,120.9,1440,801,129.1121,36.667
2011-11-10,11.5,7.8,2011-11-09 19:06:00+00:00,16.2,2011-11-10 05:53:00+00:00,0.0,0.0,,7.3,2011-11-10 03:13:00+00:00,1.3,56.3,1439,841,128.9194,36.1083
2011-11-10,13.0,9.7,2011-11-09 22:07:00+00:00,16.8,2011-11-10 03:54:00+00:00,0.0,0.0,,7.7,2011-11-10 03:08:00+00:00,2.3,118.1,1440,845,128.6551,35.868
2011-11-10,12.6,7.8,2011-11-09 22:17:00+00:00,16.9,2011-11-10 05:48:00+00:00,0.0,0.0,,5.6,2011-11-10 03:15:00+00:00,1.7,101.3,1440,849,128.299,36.5106
2011-11-10,15.9,15.4,2011-11-10 08:34:00+00:00,17.0,2011-11-10 04:13:00+00:00,0.0,0.0,,9.8,2011-11-09 23:08:00+00:00,3.7,56.2,1440,850,129.5012,35.8071
2011-11-10,13.8,11.9,2011-11-09 18:23:00+00:00,16.4,2011-11-10 02:51:00+00:00,0.0,0.0,,6.8,2011-11-09 21:15:00+00:00,1.6,104.1,1440,852,129.4258,37.0606
2011-11-10,11.2,10.0,2011-11-09 22:10:00+00:00,13.7,2011-11-10 04:35:00+00:00,0.5,0.5,2011-11-09 22:00:00+00:00,5.0,2011-11-10 03:49:00+00:00,0.8,93.2,1440,859,129.3658,35.7613
2011-11-10,14.7,12.2,2011-11-09 22:45:00+00:00,17.8,2011-11-10 05:58:00+00:00,0.5,0.5,2011-11-10 10:00:00+00:00,9.8,2011-11-10 13:55:00+00:00,3.8,357.2,1440,881,126.5295,35.7302
2011-11-10,14.9,13.0,2011-11-10 11:06:00+00:00,17.2,2011-11-10 02:42:00+00:00,0.0,0.0,,6.5,2011-11-10 00:19:00+00:00,1.3,225.0,1440,906,127.6254,35.1883
2011-11-10,15.7,14.6,2011-11-09 21:06:00+00:00,17.2,2011-11-10 05:11:00+00:00,1.0,0.5,2011-11-09 19:00:00+00:00,15.5,2011-11-09 21:45:00+00:00,6.3,25.2,1440,909,128.7382,34.7877
2011-11-10,13.3,10.9,2011-11-09 20:31:00+00:00,16.7,2011-11-10 04:37:00+00:00,0.0,0.0,,6.3,2011-11-10 05:17:00+00:00,1.0,50.5,1440,920,128.3992,35.2934
2011-11-10,13.6,10.8,2011-11-09 20:47:00+00:00,16.9,2011-11-10 03:11:00+00:00,0.0,0.0,,6.9,2011-11-10 02:45:00+00:00,1.0,168.8,1426,925,128.8491,35.3282
2011-11-10,16.0,14.9,2011-11-09 18:34:00+00:00,16.7,2011-11-10 09:41:00+00:00,0.5,0.5,2011-11-09 20:00:00+00:00,14.6,2011-11-09 22:04:00+00:00,5.6,64.0,1440,969,129.127,35.091
2011-11-10,9.6,7.3,2011-11-09 19:11:00+00:00,12.4,2011-11-10 05:34:00+00:00,0.0,0.0,,9.2,2011-11-09 19:05:00+00:00,2.9,132.2,1440,116,126.964,37.4453
2011-11-10,13.5,10.6,2011-11-09 22:17:00+00:00,17.7,2011-11-10 03:56:00+00:00,0.5,0.5,2011-11-10 15:00:00+00:00,6.1,2011-11-09 22:08:00+00:00,1.4,112.5,1440,144,126.7834,36.0123
2011-11-10,13.3,12.3,2011-11-09 15:01:00+00:00,14.6,2011-11-10 07:47:00+00:00,6.0,1.0,2011-11-10 10:00:00+00:00,9.3,2011-11-09 23:59:00+00:00,2.5,100.4,1412,229,125.5595,36.6254
2011-11-10,14.5,13.3,2011-11-09 22:18:00+00:00,17.2,2011-11-10 03:01:00+00:00,2.0,0.5,2011-11-10 09:00:00+00:00,8.6,2011-11-09 22:19:00+00:00,2.7,78.0,1439,300,126.3153,35.8584
2011-11-10,14.9,12.7,2011-11-10 13:57:00+00:00,16.1,2011-11-10 04:38:00+00:00,2.0,1.5,2011-11-10 14:00:00+00:00,8.3,2011-11-10 04:53:00+00:00,3.4,98.4,1440,302,126.1491,34.6432
2011-11-10,15.1,14.0,2011-11-09 18:09:00+00:00,16.4,2011-11-10 08:06:00+00:00,16.5,4.0,2011-11-10 09:00:00+00:00,12.5,2011-11-09 23:02:00+00:00,3.5,112.3,1440,303,125.1264,34.0522
2011-11-10,16.8,16.1,2011-11-09 21:18:00+00:00,17.9,2011-11-10 02:54:00+00:00,0.0,0.0,,16.7,2011-11-10 01:20:00+00:00,8.4,30.8,1440,305,126.9201,33.9862
2011-11-10,16.4,15.6,2011-11-09 19:40:00+00:00,17.4,2011-11-10 04:38:00+00:00,0.0,0.0,,14.7,2011-11-10 02:01:00+00:00,4.6,19.7,1440,306,127.8008,34.9525
2011-11-10,15.8,15.1,2011-11-09 20:33:00+00:00,16.7,2011-11-10 03:06:00+00:00,0.0,0.0,,14.0,2011-11-10 03:14:00+00:00,4.4,118.1,1440,307,127.4496,34.2437
2011-11-10,12.6,11.1,2011-11-09 18:19:00+00:00,15.1,2011-11-10 03:27:00+00:00,0.0,0.0,,8.1,2011-11-10 02:50:00+00:00,2.8,155.4,1439,310,129.1185,37.5546
2011-11-10,9.0,7.4,2011-11-10 14:05:00+00:00,10.8,2011-11-10 04:51:00+00:00,0.0,0.0,,7.5,2011-11-10 02:33:00+00:00,1.0,36.6,1440,311,128.0867,35.7892
2011-11-10,9.3,5.7,2011-11-09 20:35:00+00:00,13.8,2011-11-10 04:34:00+00:00,0.0,0.0,2011-11-09 16:00:00+00:00,7.8,2011-11-10 03:15:00+00:00,1.0,41.1,1440,312,129.1418,36.3908
2011-11-10,15.4,14.6,2011-11-09 16:57:00+00:00,16.3,2011-11-10 04:24:00+00:00,0.0,0.0,,14.4,2011-11-09 23:12:00+00:00,7.3,55.2,1440,313,128.7514,34.8934
2011-11-10,3.1,1.9,2011-11-10 09:22:00+00:00,5.4,2011-11-10 13:37:00+00:00,0.0,0.0,,14.6,2011-11-10 00:27:00+00:00,4.9,104.6,1440,314,127.7431,35.8662
2011-11-10,6.4,5.2,2011-11-10 13:36:00+00:00,9.4,2011-11-10 03:54:00+00:00,0.0,0.0,,11.7,2011-11-10 11:34:00+00:00,4.4,78.8,1440,315,127.5108,35.3067
2011-11-10,8.3,7.3,2011-11-09 18:18:00+00:00,10.2,2011-11-10 02:19:00+00:00,0.0,0.0,2011-11-09 16:00:00+00:00,14.6,2011-11-10 14:59:00+00:00,9.1,74.8,1440,316,126.9974,35.1144
2011-11-10,14.3,11.3,2011-11-09 20:02:00+00:00,18.2,2011-11-10 03:47:00+00:00,0.0,0.0,,11.7,2011-11-09 18:29:00+00:00,1.2,130.6,1440,317,127.1142,35.7295
2011-11-10,4.4,-0.2,2011-11-09 21:10:00+00:00,10.9,2011-11-10 03:48:00+00:00,0.0,0.0,,4.3,2011-11-10 03:28:00+00:00,0.6,72.4,1440,318,128.6704,37.6434
2011-11-10,11.8,9.1,2011-11-09 15:43:00+00:00,15.7,2011-11-10 04:04:00+00:00,0.0,0.0,,4.9,2011-11-09 18:22:00+00:00,1.3,151.9,1440,319,130.8746,37.5408
2011-11-10,8.3,3.3,2011-11-09 19:33:00+00:00,15.9,2011-11-10 05:10:00+00:00,0.0,0.0,,4.0,2011-11-10 07:01:00+00:00,0.8,78.8,1440,321,128.1963,38.1147
2011-11-10,8.5,1.4,2011-11-09 21:50:00+00:00,15.3,2011-11-10 03:42:00+00:00,0.0,0.0,,5.3,2011-11-10 03:47:00+00:00,0.6,180.0,1440,323,127.553,38.2747
2011-11-10,12.1,6.8,2011-11-09 21:45:00+00:00,17.8,2011-11-10 03:22:00+00:00,0.0,0.0,,6.9,2011-11-10 02:56:00+00:00,1.2,155.1,1440,324,128.0745,36.9101
2011-11-10,11.1,5.4,2011-11-09 21:45:00+00:00,15.8,2011-11-10 05:48:00+00:00,0.0,0.0,,14.8,2011-11-10 11:36:00+00:00,0.4,321.2,1440,326,127.583,37.5453
2011-11-10,13.2,7.8,2011-11-09 21:53:00+00:00,16.6,2011-11-10 02:40:00+00:00,0.0,0.0,,7.8,2011-11-10 00:47:00+00:00,0.9,198.7,1440,327,127.512,36.6503
2011-11-10,17.3,16.3,2011-11-10 07:13:00+00:00,18.0,2011-11-10 03:18:00+00:00,0.5,0.5,2011-11-10 07:00:00+00:00,10.2,2011-11-10 03:31:00+00:00,2.4,105.7,1439,328,126.4061,33.2495
2011-11-10,13.1,12.1,2011-11-09 22:41:00+00:00,13.8,2011-11-10 14:30:00+00:00,12.0,3.0,2011-11-09 19:00:00+00:00,13.0,2011-11-09 19:56:00+00:00,3.9,149.7,1440,329,126.5652,33.4471
2011-11-10,14.2,13.4,2011-11-09 22:56:00+00:00,15.3,2011-11-09 16:43:00+00:00,2.0,1.0,2011-11-10 03:00:00+00:00,13.3,2011-11-09 19:43:00+00:00,6.5,81.6,1440,330,126.4616,33.2886
2011-11-10,14.7,11.5,2011-11-09 21:58:00+00:00,17.6,2011-11-10 06:07:00+00:00,0.0,0.0,,4.3,2011-11-10 01:14:00+00:00,1.4,76.9,1440,400,127.0467,37.5134
2011-11-10,14.7,11.5,2011-11-09 20:37:00+00:00,17.8,2011-11-10 05:27:00+00:00,0.0,0.0,,4.4,2011-11-10 01:04:00+00:00,0.9,59.1,1440,401,127.0156,37.4889
2011-11-10,13.5,9.8,2011-11-09 22:26:00+00:00,16.9,2011-11-10 05:35:00+00:00,0.0,0.0,2011-11-09 16:00:00+00:00,4.8,2011-11-10 03:06:00+00:00,1.2,87.2,1440,402,127.145,37.5555
2011-11-10,14.9,11.3,2011-11-09 22:03:00+00:00,17.4,2011-11-10 05:44:00+00:00,0.0,0.0,,4.5,2011-11-10 02:39:00+00:00,1.4,75.9,1440,403,127.0967,37.5115
2011-11-10,14.6,12.1,2011-11-09 21:11:00+00:00,16.5,2011-11-10 06:09:00+00:00,0.0,0.0,,7.4,2011-11-09 22:50:00+00:00,3.0,101.3,1440,404,126.8295,37.5739
2011-11-10,14.9,12.1,2011-11-09 21:30:00+00:00,17.1,2011-11-10 05:27:00+00:00,0.0,0.0,,5.2,2011-11-10 03:11:00+00:00,1.6,132.2,1440,405,126.8782,37.5296
2011-11-10,12.5,7.7,2011-11-09 22:27:00+00:00,16.7,2011-11-10 06:17:00+00:00,0.0,0.0,,4.4,2011-11-10 01:37:00+00:00,0.5,143.4,1440,406,127.0295,37.6661
2011-11-10,12.1,7.0,2011-11-09 21:19:00+00:00,16.4,2011-11-10 05:36:00+00:00,0.0,0.0,,6.0,2011-11-10 05:59:00+00:00,1.2,160.3,1440,407,127.0919,37.6219
2011-11-10,13.9,10.9,2011-11-09 21:57:00+00:00,16.6,2011-11-10 06:58:00+00:00,0.0,0.0,,5.4,2011-11-09 23:13:00+00:00,1.1,22.5,1440,408,127.0604,37.5846
2011-11-10,15.1,12.5,2011-11-09 21:49:00+00:00,17.3,2011-11-10 06:38:00+00:00,0.0,0.0,,7.6,2011-11-09 16:04:00+00:00,2.5,72.7,1440,411,126.9292,37.5517
2011-11-10,13.8,11.2,2011-11-09 21:44:00+00:00,16.6,2011-11-10 04:35:00+00:00,0.0,0.0,,7.6,2011-11-09 19:06:00+00:00,1.6,16.9,1440,412,126.9408,37.5705
2011-11-10,14.5,11.2,2011-11-09 20:20:00+00:00,17.4,2011-11-10 06:04:00+00:00,0.0,0.0,,5.3,2011-11-09 22:51:00+00:00,1.4,50.6,1440,413,127.0857,37.5338
2011-11-10,13.0,10.0,2011-11-09 21:05:00+00:00,15.9,2011-11-10 06:35:00+00:00,0.0,0.0,,6.0,2011-11-10 02:38:00+00:00,1.5,115.3,1440,414,126.9994,37.6117
2011-11-10,13.9,11.9,2011-11-10 13:03:00+00:00,16.8,2011-11-10 04:40:00+00:00,0.0,0.0,,6.0,2011-11-10 00:40:00+00:00,1.2,160.3,1440,416,126.9453,37.6444
2011-11-10,14.8,12.0,2011-11-09 22:00:00+00:00,17.0,2011-11-10 05:35:00+00:00,0.0,0.0,,6.1,2011-11-10 01:15:00+00:00,1.8,98.4,1439,417,126.9002,37.4655
2011-11-10,15.2,12.6,2011-11-09 22:06:00+00:00,17.1,2011-11-10 06:02:00+00:00,0.0,0.0,,6.1,2011-11-10 03:10:00+00:00,2.1,137.3,1440,418,126.939,37.5249
2011-11-10,12.6,9.6,2011-11-09 21:59:00+00:00,15.1,2011-11-10 05:42:00+00:00,0.0,0.0,,7.1,2011-11-09 15:29:00+00:00,2.4,84.2,1440,419,126.9874,37.5524
2011-11-10,14.1,11.2,2011-11-09 21:57:00+00:00,16.6,2011-11-10 05:34:00+00:00,0.0,0.0,,5.8,2011-11-10 03:28:00+00:00,1.4,61.9,1440,421,127.0389,37.5472
2011-11-10,,8.9,2011-11-09 21:12:00+00:00,14.1,2011-11-10 06:09:00+00:00,0.0,0.0,2011-11-09 16:00:00+00:00,7.5,2011-11-10 02:51:00+00:00,,67.5,1037,422,126.9844,37.6034
2011-11-10,14.1,11.6,2011-11-09 20:16:00+00:00,16.7,2011-11-10 06:01:00+00:00,0.0,0.0,,7.3,2011-11-09 15:06:00+00:00,2.3,101.3,1440,423,126.827,37.494
2011-11-10,14.0,10.2,2011-11-09 22:05:00+00:00,17.0,2011-11-10 06:59:00+00:00,0.0,0.0,,4.4,2011-11-10 03:34:00+00:00,0.8,160.3,1440,424,127.0258,37.6397
2011-11-10,13.2,9.2,2011-11-09 22:27:00+00:00,16.0,2011-11-10 05:30:00+00:00,0.0,0.0,,6.8,2011-11-10 03:16:00+00:00,1.3,75.9,1440,425,126.9855,37.4634
2011-11-10,13.6,9.8,2011-11-09 20:26:00+00:00,16.5,2011-11-10 06:20:00+00:00,0.0,,,7.6,,1.2,147.0,1440,450,126.8334,37.6555
2011-11-10,13.8,9.1,2011-11-09 21:34:00+00:00,18.2,2011-11-10 04:05:00+00:00,0.0,0.0,,8.1,2011-11-10 02:36:00+00:00,2.2,112.5,1440,495,127.1887,36.9613
2011-11-10,13.8,8.1,2011-11-09 22:17:00+00:00,17.8,2011-11-10 06:26:00+00:00,0.0,0.0,,6.8,2011-11-10 02:31:00+00:00,1.1,58.7,1440,496,127.2804,36.4638
2011-11-10,4.5,0.3,2011-11-09 22:24:00+00:00,11.2,2011-11-10 02:19:00+00:00,0.0,0.0,,4.1,2011-11-10 03:59:00+00:00,0.4,155.1,1440,497,128.8515,37.5752
2011-11-10,5.7,2.1,2011-11-09 18:57:00+00:00,10.2,2011-11-10 03:46:00+00:00,0.0,0.0,,8.3,2011-11-10 00:24:00+00:00,1.6,187.3,1440,498,128.5145,37.8793
2011-11-10,10.4,3.5,2011-11-09 22:27:00+00:00,17.4,2011-11-10 04:05:00+00:00,0.0,0.0,,4.7,2011-11-10 04:54:00+00:00,0.5,140.6,1440,499,127.0191,38.1359
2011-11-10,13.1,10.1,2011-11-09 19:58:00+00:00,17.0,2011-11-10 03:19:00+00:00,0.0,0.0,,6.2,2011-11-10 02:50:00+00:00,2.2,70.3,1439,500,126.4201,37.6317
2011-11-10,13.8,10.8,2011-11-09 22:05:00+00:00,16.6,2011-11-10 04:40:00+00:00,0.0,0.0,,5.7,2011-11-09 17:58:00+00:00,2.2,68.9,1439,502,126.2829,37.7844
2011-11-10,11.3,6.9,2011-11-09 22:07:00+00:00,15.9,2011-11-10 06:28:00+00:00,0.0,0.0,,5.9,2011-11-10 00:09:00+00:00,2.0,36.6,1440,542,127.3802,37.6841
2011-11-10,14.3,11.0,2011-11-09 21:46:00+00:00,17.4,2011-11-10 04:25:00+00:00,0.0,0.0,,6.2,2011-11-10 02:38:00+00:00,0.9,128.5,1421,544,126.7827,37.4631
2011-11-10,13.4,8.7,2011-11-09 22:33:00+00:00,17.4,2011-11-10 05:07:00+00:00,0.0,0.0,,7.8,2011-11-10 01:32:00+00:00,1.1,112.6,1440,545,126.8387,37.2804
2011-11-10,12.0,7.4,2011-11-09 22:08:00+00:00,16.2,2011-11-10 05:43:00+00:00,0.0,0.0,,4.5,2011-11-09 15:14:00+00:00,1.6,357.2,1439,546,127.2614,37.4325
2011-11-10,9.5,3.1,2011-11-09 21:23:00+00:00,16.4,2011-11-10 06:06:00+00:00,0.0,0.0,,2.8,2011-11-10 03:06:00+00:00,0.5,132.2,1440,547,127.7549,37.4159
2011-11-10,11.5,6.3,2011-11-09 22:22:00+00:00,16.1,2011-11-10 06:31:00+00:00,0.0,0.0,2011-11-09 16:00:00+00:00,6.3,2011-11-10 03:10:00+00:00,0.6,146.3,1440,549,127.2249,37.2716
2011-11-10,13.4,8.1,2011-11-09 19:44:00+00:00,16.8,2011-11-10 06:21:00+00:00,0.0,0.0,,5.8,2011-11-10 02:18:00+00:00,1.2,188.4,1440,550,127.0487,37.1879
2011-11-10,14.7,10.4,2011-11-09 20:46:00+00:00,18.8,2011-11-10 04:04:00+00:00,0.0,0.0,,6.8,2011-11-10 02:34:00+00:00,1.9,64.8,1440,551,127.1088,36.9877
2011-11-10,8.2,0.5,2011-11-09 20:49:00+00:00,15.5,2011-11-10 04:47:00+00:00,0.0,0.0,,4.0,2011-11-10 03:34:00+00:00,0.8,50.6,1440,552,127.4246,38.2723
2011-11-10,13.0,9.6,2011-11-09 20:54:00+00:00,18.5,2011-11-10 01:43:00+00:00,0.0,0.0,,10.3,2011-11-10 04:58:00+00:00,2.7,159.4,1440,553,128.4287,38.5038
2011-11-10,6.0,3.1,2011-11-09 18:51:00+00:00,8.4,2011-11-10 01:05:00+00:00,0.0,0.0,,7.0,2011-11-10 02:19:00+00:00,2.1,97.2,1440,554,128.4371,38.2144
2011-11-10,9.7,4.2,2011-11-09 22:01:00+00:00,16.0,2011-11-10 05:26:00+00:00,0.0,0.0,,3.9,2011-11-09 15:41:00+00:00,0.9,28.1,1440,555,127.7026,38.0964
2011-11-10,8.7,4.2,2011-11-09 20:31:00+00:00,15.7,2011-11-10 04:58:00+00:00,0.0,0.0,,2.6,2011-11-10 02:40:00+00:00,0.7,143.4,1440,556,127.9853,38.098
2011-11-10,7.9,3.9,2011-11-09 22:23:00+00:00,14.3,2011-11-10 05:29:00+00:00,0.0,0.0,,4.5,2011-11-10 07:01:00+00:00,0.6,25.3,1440,557,128.3186,37.9526
2011-11-10,9.7,5.0,2011-11-09 22:25:00+00:00,15.7,2011-11-10 06:20:00+00:00,0.0,0.0,,1.4,2011-11-10 08:50:00+00:00,0.2,198.8,1440,558,127.7007,37.6861
2011-11-10,5.8,0.6,2011-11-09 23:07:00+00:00,12.5,2011-11-10 05:06:00+00:00,0.0,0.0,,5.5,2011-11-10 03:06:00+00:00,1.0,191.3,1440,559,128.3898,37.7739
2011-11-10,6.0,1.9,2011-11-09 22:12:00+00:00,12.7,2011-11-10 04:34:00+00:00,0.0,0.0,,5.8,2011-11-10 04:43:00+00:00,1.3,64.7,1440,560,128.5645,37.6479
2011-11-10,9.2,4.0,2011-11-09 22:18:00+00:00,16.2,2011-11-10 04:43:00+00:00,0.0,0.0,,4.1,2011-11-10 07:47:00+00:00,0.5,151.4,1440,562,128.269,37.2722
2011-11-10,9.9,6.4,2011-11-09 20:30:00+00:00,15.6,2011-11-10 05:16:00+00:00,0.0,0.0,,7.9,2011-11-10 03:32:00+00:00,2.1,132.2,1440,566,128.8192,37.8516
2011-11-10,11.0,5.0,2011-11-09 22:19:00+00:00,17.3,2011-11-10 03:51:00+00:00,0.0,0.0,,4.9,2011-11-10 03:59:00+00:00,1.0,163.1,1440,567,126.9318,37.9533
2011-11-10,10.7,3.3,2011-11-09 22:19:00+00:00,17.5,2011-11-10 02:49:00+00:00,0.0,0.0,,8.2,2011-11-10 03:07:00+00:00,1.2,216.6,1440,568,127.3172,37.9613
2011-11-10,13.4,10.6,2011-11-09 16:51:00+00:00,16.4,2011-11-10 06:24:00+00:00,0.0,0.0,,5.4,2011-11-10 02:54:00+00:00,1.3,56.3,1439,570,126.6423,37.6232
2011-11-10,14.4,11.6,2011-11-09 19:14:00+00:00,17.5,2011-11-10 05:28:00+00:00,0.0,0.0,,5.4,2011-11-10 01:54:00+00:00,1.4,163.1,1440,571,126.8209,37.1953
2011-11-10,13.5,8.0,2011-11-09 20:08:00+00:00,17.1,2011-11-10 05:45:00+00:00,0.0,0.0,,4.6,2011-11-10 01:13:00+00:00,0.9,106.9,1440,572,127.1248,37.4209
2011-11-10,10.5,4.9,2011-11-09 21:33:00+00:00,16.9,2011-11-10 06:12:00+00:00,0.0,0.0,,4.2,2011-11-10 00:55:00+00:00,1.4,59.1,1419,573,127.7106,37.5563
2011-11-10,12.1,6.5,2011-11-09 22:16:00+00:00,16.7,2011-11-10 04:58:00+00:00,0.0,0.0,,6.0,2011-11-10 03:19:00+00:00,1.3,28.1,1439,576,127.3755,37.1634
2011-11-10,14.1,12.5,2011-11-09 22:06:00+00:00,16.4,2011-11-10 06:04:00+00:00,0.0,0.0,,6.4,2011-11-09 18:22:00+00:00,2.2,78.8,1439,577,126.3365,37.5341
2011-11-10,14.5,12.9,2011-11-09 22:19:00+00:00,16.7,2011-11-10 05:41:00+00:00,0.5,0.5,2011-11-10 15:00:00+00:00,7.0,2011-11-09 18:56:00+00:00,2.5,67.5,1439,578,126.42,37.45
2011-11-10,6.4,3.5,2011-11-09 16:58:00+00:00,10.5,2011-11-10 04:25:00+00:00,0.0,0.0,,5.8,2011-11-10 02:14:00+00:00,0.9,132.1,1440,579,128.9431,37.3495
2011-11-10,10.5,7.6,2011-11-09 21:41:00+00:00,16.5,2011-11-10 01:56:00+00:00,0.0,0.0,,6.5,2011-11-10 02:58:00+00:00,2.6,149.1,1440,580,129.0378,37.6126
2011-11-10,8.5,3.3,2011-11-09 21:56:00+00:00,15.7,2011-11-10 03:03:00+00:00,0.0,0.0,,5.9,2011-11-10 01:46:00+00:00,1.0,64.7,1439,581,128.7742,37.1164
2011-11-10,8.4,2.3,2011-11-09 22:09:00+00:00,14.7,2011-11-10 04:30:00+00:00,0.0,0.0,,6.0,2011-11-10 03:17:00+00:00,0.8,146.3,1440,582,128.0799,37.2314
2011-11-10,7.8,2.3,2011-11-09 21:31:00+00:00,14.2,2011-11-10 06:40:00+00:00,0.0,0.0,,6.1,2011-11-10 03:56:00+00:00,1.3,92.8,1440,583,128.1561,37.4125
2011-11-10,9.5,2.8,2011-11-09 21:52:00+00:00,16.5,2011-11-10 04:42:00+00:00,0.0,0.0,,3.5,2011-11-10 03:15:00+00:00,0.3,205.3,1440,586,127.8858,37.9876
2011-11-10,9.2,3.7,2011-11-09 19:42:00+00:00,16.1,2011-11-10 05:05:00+00:00,0.0,0.0,,2.4,2011-11-10 06:47:00+00:00,0.2,75.9,1440,588,127.6429,37.7907
2011-11-10,13.6,9.2,2011-11-09 19:29:00+00:00,17.4,2011-11-10 03:43:00+00:00,0.0,0.0,,5.1,2011-11-10 01:43:00+00:00,1.1,118.1,1440,589,126.7943,37.6205
2011-11-10,13.9,9.6,2011-11-09 20:09:00+00:00,17.6,2011-11-10 04:46:00+00:00,0.0,0.0,,6.5,2011-11-10 00:00:00+00:00,1.5,28.1,1440,590,127.0025,37.4403
2011-11-10,10.7,3.9,2011-11-09 22:30:00+00:00,17.5,2011-11-10 05:08:00+00:00,0.0,0.0,,7.3,2011-11-10 03:34:00+00:00,1.6,146.3,1440,592,127.7487,37.2316
2011-11-10,9.7,5.6,2011-11-09 21:59:00+00:00,14.6,2011-11-10 03:07:00+00:00,0.0,0.0,,6.0,2011-11-10 04:33:00+00:00,2.5,30.9,1440,593,128.5407,38.0074
2011-11-10,8.1,2.3,2011-11-09 22:56:00+00:00,16.9,2011-11-10 03:57:00+00:00,0.0,0.0,,5.4,2011-11-10 05:17:00+00:00,1.0,208.1,1440,594,128.2085,38.2183
2011-11-10,5.8,-0.8,2011-11-09 20:58:00+00:00,12.5,2011-11-10 02:47:00+00:00,0.0,0.0,,6.0,2011-11-10 04:12:00+00:00,1.1,59.0,1440,595,128.374,38.2664
2011-11-10,10.6,4.4,2011-11-09 21:58:00+00:00,16.8,2011-11-10 03:15:00+00:00,0.0,0.0,,5.4,2011-11-10 03:27:00+00:00,1.1,165.9,1440,598,126.9905,37.8312
2011-11-10,9.9,3.6,2011-11-09 21:11:00+00:00,16.7,2011-11-10 06:17:00+00:00,0.0,0.0,,4.2,2011-11-10 02:25:00+00:00,0.6,250.3,1440,599,127.1698,37.7617
2011-11-10,12.3,6.0,2011-11-09 20:13:00+00:00,17.0,2011-11-10 04:03:00+00:00,0.0,0.0,,7.3,2011-11-10 11:29:00+00:00,1.3,171.6,1440,600,127.5897,36.9737
2011-11-10,10.8,5.5,2011-11-09 21:01:00+00:00,16.1,2011-11-10 03:30:00+00:00,0.0,0.0,,7.3,2011-11-10 09:33:00+00:00,0.9,154.7,1440,601,128.3669,36.9855
2011-11-10,11.7,6.3,2011-11-09 21:33:00+00:00,16.6,2011-11-10 04:24:00+00:00,0.0,0.0,,6.5,2011-11-10 02:54:00+00:00,1.5,101.3,1440,602,127.4297,36.8539
2011-11-10,11.0,4.5,2011-11-09 22:00:00+00:00,17.0,2011-11-10 06:40:00+00:00,0.0,0.0,,6.3,2011-11-10 03:02:00+00:00,0.8,115.3,1440,603,127.8,36.8
2011-11-10,13.0,7.8,2011-11-09 20:28:00+00:00,17.2,2011-11-10 05:22:00+00:00,0.0,0.0,2011-11-09 16:00:00+00:00,9.5,2011-11-10 01:47:00+00:00,1.8,109.7,1440,604,127.5965,36.3
2011-11-10,13.2,9.6,2011-11-09 22:03:00+00:00,17.2,2011-11-10 04:45:00+00:00,0.0,0.0,2011-11-09 17:00:00+00:00,6.4,2011-11-10 03:35:00+00:00,2.3,45.0,1440,605,127.7598,36.1631
2011-11-10,14.3,12.4,2011-11-09 21:24:00+00:00,16.7,2011-11-10 05:54:00+00:00,2.0,1.0,2011-11-10 15:00:00+00:00,5.7,2011-11-10 01:06:00+00:00,1.7,154.7,1440,607,126.15,36.6667
2011-11-10,13.2,8.1,2011-11-09 20:43:00+00:00,17.3,2011-11-10 02:23:00+00:00,0.0,0.0,,8.2,2011-11-10 01:48:00+00:00,1.0,149.1,1440,608,126.6816,36.7487
2011-11-10,13.8,11.5,2011-11-09 21:00:00+00:00,17.1,2011-11-10 04:30:00+00:00,1.0,0.5,2011-11-10 14:00:00+00:00,6.6,2011-11-10 12:45:00+00:00,2.6,320.6,1440,609,126.3518,36.3435
2011-11-10,13.2,8.1,2011-11-09 22:08:00+00:00,17.5,2011-11-10 06:06:00+00:00,0.5,0.5,2011-11-10 15:00:00+00:00,6.5,2011-11-10 01:45:00+00:00,1.3,95.6,1440,610,126.6444,36.5926
2011-11-10,13.6,8.8,2011-11-09 22:14:00+00:00,17.0,2011-11-10 06:26:00+00:00,0.0,0.0,,8.5,2011-11-10 02:05:00+00:00,2.4,137.8,1440,612,127.1114,36.4609
2011-11-10,14.8,10.5,2011-11-09 22:11:00+00:00,19.3,2011-11-10 04:21:00+00:00,0.0,0.0,,9.2,2011-11-10 02:56:00+00:00,3.6,109.7,1440,615,127.0853,36.2276
2011-11-10,13.2,9.2,2011-11-09 19:03:00+00:00,17.8,2011-11-10 04:01:00+00:00,0.0,0.0,,6.8,2011-11-10 02:58:00+00:00,1.2,101.3,1440,616,126.6174,36.8894
2011-11-10,14.5,8.6,2011-11-09 21:58:00+00:00,18.8,2011-11-10 03:06:00+00:00,0.0,0.0,,5.4,2011-11-10 01:23:00+00:00,0.8,101.3,1440,617,127.1561,36.8782
2011-11-10,12.7,7.2,2011-11-09 21:52:00+00:00,18.0,2011-11-10 05:45:00+00:00,0.0,0.0,,5.2,2011-11-10 04:21:00+00:00,0.5,33.7,1440,618,126.7791,36.4237
2011-11-10,11.5,5.8,2011-11-09 22:13:00+00:00,16.8,2011-11-10 02:45:00+00:00,0.0,0.0,,6.8,2011-11-10 02:48:00+00:00,2.2,92.8,1440,619,127.6845,36.9444
2011-11-10,11.9,5.5,2011-11-09 22:18:00+00:00,17.4,2011-11-10 06:51:00+00:00,0.0,0.0,,6.1,2011-11-10 03:01:00+00:00,1.4,78.8,1440,620,127.9152,37.0865
2011-11-10,11.1,4.3,2011-11-09 22:08:00+00:00,16.5,2011-11-10 03:07:00+00:00,0.0,0.0,,7.1,2011-11-10 02:58:00+00:00,1.7,118.1,1440,622,128.0079,36.8391
2011-11-10,13.7,9.6,2011-11-09 19:09:00+00:00,17.2,2011-11-10 06:36:00+00:00,0.0,0.0,,7.7,2011-11-10 02:09:00+00:00,2.3,106.9,1440,623,127.562,36.7956
2011-11-10,10.9,4.9,2011-11-09 21:33:00+00:00,15.3,2011-11-10 06:38:00+00:00,0.0,0.0,,9.5,2011-11-10 02:09:00+00:00,1.7,120.9,1440,624,127.6588,36.6294
2011-11-10,11.7,9.3,2011-11-09 22:16:00+00:00,15.0,2011-11-10 03:04:00+00:00,0.0,0.0,,7.7,2011-11-09 23:41:00+00:00,2.1,81.5,1440,625,127.8167,36.5172
2011-11-10,14.4,11.6,2011-11-09 22:37:00+00:00,17.5,2011-11-10 06:18:00+00:00,1.0,0.5,2011-11-10 14:00:00+00:00,6.2,2011-11-10 13:46:00+00:00,2.3,340.2,1440,627,126.2964,36.7585
2011-11-10,13.9,7.9,2011-11-09 22:16:00+00:00,18.3,2011-11-10 02:22:00+00:00,0.0,0.0,,10.3,2011-11-10 04:29:00+00:00,1.6,109.6,1440,628,126.8144,36.7422
2011-11-10,12.8,5.8,2011-11-09 21:55:00+00:00,17.0,2011-11-10 06:27:00+00:00,0.0,0.0,,16.7,2011-11-10 12:20:00+00:00,1.6,47.8,1440,629,127.1959,36.6814
2011-11-10,11.4,4.9,2011-11-09 22:15:00+00:00,16.8,2011-11-10 03:18:00+00:00,0.0,0.0,,5.2,2011-11-10 03:16:00+00:00,1.7,84.4,1440,630,127.787,37.042
2011-11-10,14.8,12.4,2011-11-09 19:17:00+00:00,17.1,2011-11-10 06:08:00+00:00,0.0,0.0,,8.9,2011-11-10 01:39:00+00:00,3.4,153.6,1370,631,126.6154,37.3478
2011-11-10,13.9,8.7,2011-11-09 20:02:00+00:00,17.5,2011-11-10 06:05:00+00:00,0.0,0.0,,8.8,2011-11-10 00:49:00+00:00,1.6,115.3,1440,632,126.9503,36.5528
2011-11-10,12.8,6.9,2011-11-09 22:12:00+00:00,17.1,2011-11-10 02:55:00+00:00,0.0,0.0,,7.4,2011-11-10 03:23:00+00:00,1.4,202.5,1440,633,127.1227,36.6094
2011-11-10,14.5,9.8,2011-11-09 21:48:00+00:00,17.7,2011-11-10 03:20:00+00:00,0.0,0.0,,9.3,2011-11-10 01:59:00+00:00,2.9,118.1,1440,634,126.8654,36.8458
2011-11-10,14.6,10.9,2011-11-09 21:00:00+00:00,19.6,2011-11-10 04:17:00+00:00,0.0,0.0,,6.2,2011-11-10 03:07:00+00:00,1.3,45.0,1440,635,126.8603,36.1319
2011-11-10,13.2,7.6,2011-11-09 18:53:00+00:00,17.7,2011-11-10 05:09:00+00:00,0.0,0.0,,6.5,2011-11-10 02:18:00+00:00,1.5,84.4,1440,636,127.2407,36.3132
2011-11-10,13.6,10.2,2011-11-09 15:41:00+00:00,17.9,2011-11-10 02:46:00+00:00,1.0,0.5,2011-11-10 13:00:00+00:00,7.0,2011-11-09 20:18:00+00:00,1.8,109.6,1440,637,126.2807,36.8699
2011-11-10,10.5,4.6,2011-11-09 21:41:00+00:00,16.5,2011-11-10 04:26:00+00:00,0.0,0.0,,6.1,2011-11-10 03:13:00+00:00,1.3,180.0,1439,638,128.4874,37.0787
2011-11-10,10.7,4.9,2011-11-09 21:47:00+00:00,15.1,2011-11-10 03:57:00+00:00,0.0,0.0,,6.8,2011-11-10 02:41:00+00:00,1.1,137.8,1440,639,128.1457,36.9041
2011-11-10,11.7,7.4,2011-11-09 21:02:00+00:00,15.0,2011-11-10 02:55:00+00:00,0.0,0.0,,10.4,2011-11-10 03:11:00+00:00,2.4,112.5,1440,640,127.86,36.76
2011-11-10,13.6,8.2,2011-11-09 20:34:00+00:00,16.9,2011-11-10 05:17:00+00:00,0.0,0.0,,7.0,2011-11-10 03:00:00+00:00,1.6,182.8,1440,641,127.48,36.47
2011-11-10,13.2,8.0,2011-11-09 22:06:00+00:00,16.7,2011-11-10 05:02:00+00:00,0.0,0.0,,6.1,2011-11-10 04:03:00+00:00,1.6,8.4,1440,643,127.4938,36.3402
2011-11-10,14.4,10.1,2011-11-09 21:53:00+00:00,18.4,2011-11-10 04:37:00+00:00,0.0,0.0,,6.8,2011-11-10 03:31:00+00:00,2.2,67.5,1440,644,127.2327,36.1385
2011-11-10,14.4,12.6,2011-11-09 21:04:00+00:00,18.9,2011-11-10 05:07:00+00:00,1.0,0.5,2011-11-10 13:00:00+00:00,6.0,2011-11-09 21:57:00+00:00,1.9,84.4,1440,646,126.5496,36.153
2011-11-10,11.9,7.0,2011-11-09 21:27:00+00:00,16.5,2011-11-10 04:33:00+00:00,0.0,0.0,,9.1,2011-11-10 02:16:00+00:00,1.1,36.5,1440,647,127.6924,36.125
2011-11-10,14.1,10.4,2011-11-09 22:50:00+00:00,17.6,2011-11-10 04:56:00+00:00,0.0,0.0,,7.5,2011-11-10 03:16:00+00:00,2.7,59.1,1440,648,127.4382,36.4135
2011-11-10,13.5,9.0,2011-11-09 17:55:00+00:00,17.7,2011-11-10 05:05:00+00:00,0.0,0.0,,5.1,2011-11-10 02:01:00+00:00,0.7,89.2,1439,649,126.7507,37.4722
2011-11-10,9.8,3.2,2011-11-09 22:31:00+00:00,16.7,2011-11-10 04:24:00+00:00,0.0,0.0,,4.7,2011-11-10 13:57:00+00:00,1.8,30.8,1440,650,127.3311,38.2867
2011-11-10,10.1,4.1,2011-11-09 22:05:00+00:00,15.5,2011-11-10 04:10:00+00:00,0.0,0.0,,4.5,2011-11-10 00:59:00+00:00,1.3,112.5,1440,651,127.1652,38.264
2011-11-10,11.5,5.3,2011-11-09 20:49:00+00:00,17.8,2011-11-10 04:25:00+00:00,0.0,0.0,,5.5,2011-11-10 02:59:00+00:00,1.1,112.5,1440,652,127.0781,38.0265
2011-11-10,14.5,12.9,2011-11-09 20:43:00+00:00,16.5,2011-11-10 07:52:00+00:00,0.5,0.5,2011-11-10 14:00:00+00:00,3.7,2011-11-09 19:07:00+00:00,1.4,53.3,1439,654,126.3072,37.2546
2011-11-10,12.5,12.0,2011-11-09 18:45:00+00:00,14.0,2011-11-10 01:11:00+00:00,4.5,2.0,2011-11-10 06:00:00+00:00,11.6,2011-11-10 13:33:00+00:00,2.3,193.1,1439,655,124.7291,37.7602
2011-11-10,14.2,11.3,2011-11-09 16:12:00+00:00,16.5,2011-11-10 05:29:00+00:00,0.0,0.0,,3.7,2011-11-10 13:20:00+00:00,0.5,284.2,1439,656,126.1922,37.6709
2011-11-10,14.2,11.7,2011-11-09 22:00:00+00:00,17.4,2011-11-10 05:23:00+00:00,0.5,0.5,2011-11-10 15:00:00+00:00,6.5,2011-11-10 13:07:00+00:00,2.2,351.6,1440,657,126.5038,36.3239
2011-11-10,13.6,10.7,2011-11-09 22:03:00+00:00,17.5,2011-11-10 01:50:00+00:00,2.0,1.0,2011-11-10 13:00:00+00:00,6.1,2011-11-10 01:47:00+00:00,2.4,149.1,1440,658,126.1214,36.7683
2011-11-10,7.8,5.2,2011-11-09 21:04:00+00:00,11.8,2011-11-10 04:45:00+00:00,0.0,0.0,,10.1,2011-11-09 21:38:00+00:00,5.0,115.2,1440,659,127.2057,36.343
2011-11-10,6.3,1.1,2011-11-09 20:04:00+00:00,13.6,2011-11-10 05:01:00+00:00,0.0,0.0,,3.5,2011-11-10 04:12:00+00:00,0.4,126.6,1440,660,128.35,37.55
2011-11-10,10.6,3.8,2011-11-09 21:35:00+00:00,15.6,2011-11-10 03:14:00+00:00,0.0,0.0,,7.5,2011-11-10 03:40:00+00:00,2.0,140.6,1440,661,128.4027,38.5441
2011-11-10,14.6,12.9,2011-11-10 14:44:00+00:00,17.2,2011-11-10 04:38:00+00:00,0.5,0.5,2011-11-10 15:00:00+00:00,9.0,2011-11-10 01:18:00+00:00,2.8,129.1,1419,662,126.297,37.1707
2011-11-10,14.0,12.7,2011-11-10 13:56:00+00:00,16.2,2011-11-10 02:45:00+00:00,4.5,1.5,2011-11-10 14:00:00+00:00,9.0,2011-11-09 21:36:00+00:00,2.9,93.7,1440,663,125.7869,36.9286
2011-11-10,14.8,12.2,2011-11-09 21:53:00+00:00,17.9,2011-11-10 05:06:00+00:00,0.0,0.0,,7.4,2011-11-10 01:41:00+00:00,1.9,132.1,1439,664,126.484,37.2556
2011-11-10,14.7,13.2,2011-11-09 21:55:00+00:00,16.5,2011-11-10 05:48:00+00:00,0.0,0.0,,6.6,2011-11-10 00:12:00+00:00,2.0,106.5,1439,665,126.4252,37.3904
2011-11-10,14.5,12.7,2011-11-09 21:17:00+00:00,17.5,2011-11-10 03:56:00+00:00,1.5,0.5,2011-11-10 13:00:00+00:00,9.6,2011-11-09 22:28:00+00:00,3.7,121.2,1440,666,126.1683,36.9587
2011-11-10,14.3,13.0,2011-11-09 21:07:00+00:00,16.3,2011-11-10 05:54:00+00:00,2.5,1.0,2011-11-10 13:00:00+00:00,9.2,2011-11-09 23:39:00+00:00,3.8,102.1,1440,667,126.0093,36.6476
2011-11-10,14.6,12.3,2011-11-09 15:01:00+00:00,16.8,2011-11-10 04:53:00+00:00,2.5,1.0,2011-11-10 14:00:00+00:00,6.9,2011-11-09 23:52:00+00:00,1.5,45.5,1440,669,126.0817,36.2289
2011-11-10,10.8,6.9,2011-11-09 17:57:00+00:00,16.0,2011-11-10 02:56:00+00:00,0.0,0.0,,7.3,2011-11-10 04:44:00+00:00,2.1,120.9,1440,670,128.6297,38.0873
2011-11-10,11.0,5.9,2011-11-09 21:32:00+00:00,16.3,2011-11-10 03:14:00+00:00,0.0,0.0,,6.3,2011-11-10 04:30:00+00:00,0.7,241.7,1440,671,128.5936,38.1909
2011-11-10,14.6,11.7,2011-11-09 15:05:00+00:00,17.8,2011-11-10 03:04:00+00:00,0.5,0.5,2011-11-10 14:00:00+00:00,4.7,2011-11-10 14:38:00+00:00,1.5,64.7,1440,672,126.4883,35.4424
2011-11-10,16.0,15.5,2011-11-09 19:21:00+00:00,16.7,2011-11-10 05:15:00+00:00,0.0,0.0,,8.6,2011-11-10 00:10:00+00:00,4.5,84.8,1440,720,126.5676,34.1691
2011-11-10,16.0,15.4,2011-11-09 19:21:00+00:00,16.6,2011-11-10 04:24:00+00:00,0.0,0.0,,9.1,2011-11-10 01:55:00+00:00,3.8,53.2,1440,721,127.0298,34.349
2011-11-10,15.1,13.6,2011-11-09 15:10:00+00:00,17.8,2011-11-10 02:56:00+00:00,0.0,0.0,,5.8,2011-11-10 11:00:00+00:00,1.4,75.9,1440,722,126.9288,35.1368
2011-11-10,17.0,16.5,2011-11-09 21:22:00+00:00,17.9,2011-11-10 05:15:00+00:00,0.0,0.0,,15.1,2011-11-10 07:00:00+00:00,8.5,99.0,1439,724,126.2978,33.959
2011-11-10,17.9,17.2,2011-11-10 05:43:00+00:00,19.2,2011-11-09 19:57:00+00:00,1.0,0.5,2011-11-09 18:00:00+00:00,17.6,2011-11-09 22:12:00+00:00,7.9,119.9,1439,726,126.2673,33.1171
2011-11-10,14.6,13.2,2011-11-10 12:38:00+00:00,15.9,2011-11-10 05:20:00+00:00,0.5,0.5,2011-11-10 00:00:00+00:00,10.3,2011-11-09 19:22:00+00:00,1.6,73.9,1439,727,126.3929,33.4099
2011-11-10,14.3,12.7,2011-11-09 15:13:00+00:00,17.6,2011-11-10 04:31:00+00:00,0.0,0.0,,6.2,2011-11-10 02:54:00+00:00,1.7,56.3,1440,730,126.761,35.2794
2011-11-10,15.2,14.2,2011-11-09 21:56:00+00:00,16.5,2011-11-10 04:23:00+00:00,0.0,0.0,,10.9,2011-11-10 01:05:00+00:00,3.9,109.7,1440,731,126.7013,34.7998
2011-11-10,14.1,13.1,2011-11-09 21:56:00+00:00,15.3,2011-11-10 02:55:00+00:00,0.0,0.0,,9.4,2011-11-10 02:08:00+00:00,3.5,87.2,1440,732,127.0922,34.762
2011-11-10,15.0,10.8,2011-11-09 20:44:00+00:00,20.1,2011-11-10 04:56:00+00:00,0.0,0.0,,4.8,2011-11-10 03:52:00+00:00,1.7,28.1,1440,733,126.959,36.0412
2011-11-10,14.4,10.1,2011-11-09 20:56:00+00:00,19.6,2011-11-10 05:18:00+00:00,0.0,0.0,,6.9,2011-11-10 01:50:00+00:00,2.8,87.1,1440,734,127.205,35.9765
2011-11-10,14.6,11.6,2011-11-09 21:25:00+00:00,19.2,2011-11-10 04:35:00+00:00,0.5,0.5,2011-11-10 13:00:00+00:00,5.6,2011-11-09 23:31:00+00:00,2.3,53.4,1440,736,126.784,35.8468
2011-11-10,15.0,12.2,2011-11-09 23:25:00+00:00,19.2,2011-11-10 04:41:00+00:00,0.0,0.0,,5.3,2011-11-10 03:08:00+00:00,1.8,67.5,1440,737,126.8769,35.7943
2011-11-10,14.7,12.7,2011-11-09 22:34:00+00:00,18.5,2011-11-10 05:38:00+00:00,0.0,0.0,,4.5,2011-11-10 00:07:00+00:00,1.6,28.1,1440,738,126.7108,35.6094
2011-11-10,15.7,13.8,2011-11-09 15:01:00+00:00,18.4,2011-11-10 02:58:00+00:00,0.0,0.0,,5.6,2011-11-10 00:23:00+00:00,0.7,28.1,1440,741,126.9841,35.0592
2011-11-10,14.9,13.2,2011-11-09 22:31:00+00:00,17.1,2011-11-10 02:52:00+00:00,0.5,0.5,2011-11-09 21:00:00+00:00,6.8,2011-11-10 03:52:00+00:00,3.1,106.9,1437,742,126.3432,34.9626
2011-11-10,14.8,13.3,2011-11-10 14:21:00+00:00,16.1,2011-11-10 04:41:00+00:00,1.0,1.0,2011-11-10 14:00:00+00:00,9.0,2011-11-10 03:22:00+00:00,2.3,115.3,1440,744,126.3276,34.6709
2011-11-10,14.9,13.9,2011-11-09 19:13:00+00:00,16.0,2011-11-10 04:17:00+00:00,0.0,0.0,,9.4,2011-11-10 03:03:00+00:00,3.2,106.9,1440,745,126.7728,34.6352
2011-11-10,16.0,15.2,2011-11-09 21:41:00+00:00,17.1,2011-11-10 04:19:00+00:00,0.0,0.0,,13.8,2011-11-10 00:48:00+00:00,6.0,98.4,1440,746,126.5169,34.3695
2011-11-10,16.0,15.2,2011-11-09 19:52:00+00:00,17.1,2011-11-10 02:54:00+00:00,0.0,0.0,,12.6,2011-11-10 00:10:00+00:00,6.2,66.3,1440,747,126.8585,34.1834
2011-11-10,15.2,14.2,2011-11-09 19:03:00+00:00,16.8,2011-11-10 03:01:00+00:00,0.0,0.0,,8.5,2011-11-10 00:54:00+00:00,3.3,70.3,1440,749,127.1386,34.5295
2011-11-10,15.3,14.4,2011-11-09 20:42:00+00:00,16.3,2011-11-10 04:56:00+00:00,0.0,0.0,,9.5,2011-11-10 00:02:00+00:00,5.5,56.3,1440,750,127.6256,34.6308
2011-11-10,14.3,13.2,2011-11-09 22:13:00+00:00,15.3,2011-11-09 16:43:00+00:00,21.0,5.0,2011-11-10 07:00:00+00:00,11.8,2011-11-10 03:57:00+00:00,3.5,123.9,1439,751,126.7119,33.4585
2011-11-10,16.7,15.3,2011-11-09 15:06:00+00:00,17.7,2011-11-09 19:50:00+00:00,0.0,0.0,,11.2,2011-11-09 22:21:00+00:00,3.9,104.7,1439,752,126.3022,33.285
2011-11-10,10.8,9.8,2011-11-10 13:55:00+00:00,11.7,2011-11-10 05:44:00+00:00,1.0,0.5,2011-11-09 21:00:00+00:00,20.7,2011-11-10 01:46:00+00:00,4.7,54.2,1440,753,126.4941,33.3921
2011-11-10,15.3,13.5,2011-11-09 15:02:00+00:00,18.3,2011-11-10 03:49:00+00:00,0.0,0.0,,5.7,2011-11-10 02:45:00+00:00,2.3,151.8,1437,754,126.5264,35.0602
2011-11-10,12.8,10.8,2011-11-09 22:25:00+00:00,17.2,2011-11-10 02:26:00+00:00,0.0,0.0,,6.1,2011-11-10 02:18:00+00:00,0.8,112.5,1440,755,127.0853,35.1594
2011-11-10,11.9,7.4,2011-11-09 21:29:00+00:00,17.9,2011-11-10 04:43:00+00:00,0.0,0.0,,4.7,2011-11-10 02:49:00+00:00,1.0,22.5,1440,757,127.436,35.9744
2011-11-10,11.7,8.6,2011-11-09 21:17:00+00:00,17.3,2011-11-10 03:34:00+00:00,0.0,0.0,,5.4,2011-11-10 01:58:00+00:00,0.7,75.9,1440,758,127.5712,35.8352
2011-11-10,10.8,9.1,2011-11-10 14:57:00+00:00,12.9,2011-11-10 03:06:00+00:00,0.0,0.0,,8.0,2011-11-10 02:47:00+00:00,1.8,47.7,1440,759,127.5783,35.3716
2011-11-10,13.1,10.9,2011-11-09 15:02:00+00:00,16.8,2011-11-10 04:41:00+00:00,0.0,0.0,,3.9,2011-11-10 08:24:00+00:00,1.3,90.0,1440,760,126.9298,35.4321
2011-11-10,13.0,10.7,2011-11-09 15:50:00+00:00,17.0,2011-11-10 04:40:00+00:00,0.0,0.0,,8.6,2011-11-10 03:24:00+00:00,2.6,92.8,1440,762,127.1116,35.5424
2011-11-10,14.2,8.8,2011-11-09 21:04:00+00:00,20.0,2011-11-10 04:25:00+00:00,0.0,0.0,,4.6,2011-11-10 05:27:00+00:00,0.7,84.4,1440,763,127.062,36.0592
2011-11-10,13.4,10.1,2011-11-09 22:38:00+00:00,18.2,2011-11-10 05:09:00+00:00,0.0,0.0,,6.4,2011-11-10 02:06:00+00:00,1.2,123.8,1440,764,127.1783,35.684
2011-11-10,14.0,12.2,2011-11-10 13:26:00+00:00,16.4,2011-11-10 02:21:00+00:00,0.0,0.0,,6.7,2011-11-10 02:58:00+00:00,0.9,171.6,1440,765,127.1724,34.9293
2011-11-10,15.1,14.1,2011-11-09 20:11:00+00:00,16.6,2011-11-10 06:18:00+00:00,0.0,0.0,,11.4,2011-11-09 22:20:00+00:00,5.5,78.8,1440,766,127.715,34.8495
2011-11-10,4.2,2.0,2011-11-09 21:39:00+00:00,8.0,2011-11-10 03:52:00+00:00,0.0,0.0,,8.6,2011-11-09 23:18:00+00:00,2.9,149.5,1440,320,128.3137,38.331
2011-11-10,9.0,2.4,2011-11-09 21:55:00+00:00,15.4,2011-11-10 05:27:00+00:00,0.0,0.0,,6.4,2011-11-10 02:11:00+00:00,0.6,65.7,1440,325,128.0253,37.1445
2011-11-10,11.1,4.3,2011-11-09 21:57:00+00:00,16.3,2011-11-10 05:06:00+00:00,0.0,0.0,,4.6,2011-11-10 03:43:00+00:00,0.9,149.1,1440,504,127.1764,37.8657
2011-11-10,15.6,14.7,2011-11-09 20:45:00+00:00,16.7,2011-11-10 06:15:00+00:00,0.0,0.0,,8.9,2011-11-10 01:01:00+00:00,3.3,90.0,1440,767,127.4559,34.602
2011-11-10,14.4,12.3,2011-11-09 22:03:00+00:00,18.2,2011-11-10 03:13:00+00:00,0.0,0.0,,3.9,2011-11-10 03:09:00+00:00,1.1,61.9,1440,768,127.289,35.289
2011-11-10,9.9,5.9,2011-11-09 21:22:00+00:00,16.5,2011-11-10 05:26:00+00:00,0.0,0.0,,8.1,2011-11-10 05:36:00+00:00,1.0,95.6,1440,803,129.0795,36.3914
2011-11-10,13.4,12.0,2011-11-09 16:43:00+00:00,16.1,2011-11-10 03:29:00+00:00,1.5,0.5,2011-11-09 17:00:00+00:00,8.2,2011-11-10 02:04:00+00:00,3.0,109.7,1440,804,129.338,36.1996
2011-11-10,10.6,8.1,2011-11-09 16:28:00+00:00,14.4,2011-11-10 05:43:00+00:00,0.0,0.0,,7.3,2011-11-10 03:58:00+00:00,1.0,25.3,1440,805,129.0958,36.1602
2011-11-10,12.2,7.8,2011-11-09 21:47:00+00:00,17.3,2011-11-10 04:44:00+00:00,0.0,0.0,,4.4,2011-11-10 05:00:00+00:00,1.0,149.1,1440,806,128.2903,36.2334
2011-11-10,10.6,6.7,2011-11-09 21:15:00+00:00,16.2,2011-11-10 04:40:00+00:00,0.0,0.0,,5.6,2011-11-10 03:45:00+00:00,0.9,92.8,1440,807,128.7151,36.1759
2011-11-10,16.4,16.0,2011-11-10 00:25:00+00:00,16.9,2011-11-10 03:56:00+00:00,0.0,0.0,,12.0,2011-11-09 21:28:00+00:00,6.6,56.2,1440,808,129.5694,36.0774
2011-11-10,11.1,9.4,2011-11-10 14:37:00+00:00,13.9,2011-11-10 06:16:00+00:00,0.0,0.0,,4.8,2011-11-09 17:11:00+00:00,1.0,0.0,1440,809,127.9689,35.9179
2011-11-10,12.2,8.7,2011-11-09 21:59:00+00:00,16.5,2011-11-10 05:07:00+00:00,0.0,0.0,,5.3,2011-11-10 05:58:00+00:00,1.0,149.1,1319,810,128.2537,35.9151
2011-11-10,12.9,10.1,2011-11-09 16:10:00+00:00,16.7,2011-11-10 04:17:00+00:00,0.0,0.0,,7.3,2011-11-10 02:19:00+00:00,1.5,109.7,1440,811,129.2093,35.863
2011-11-10,13.7,10.8,2011-11-09 22:35:00+00:00,17.1,2011-11-10 02:11:00+00:00,0.0,0.0,,5.2,2011-11-10 05:13:00+00:00,0.9,19.6,1440,812,128.2821,35.696
2011-11-10,12.8,9.7,2011-11-09 21:47:00+00:00,16.0,2011-11-10 05:12:00+00:00,0.0,0.0,,7.1,2011-11-10 03:10:00+00:00,1.4,81.6,1440,813,128.7318,35.654
2011-11-10,9.6,3.8,2011-11-09 21:56:00+00:00,15.5,2011-11-10 02:21:00+00:00,0.0,0.0,,7.9,2011-11-10 02:42:00+00:00,1.0,199.7,1440,814,128.6541,36.9789
2011-11-10,11.7,6.5,2011-11-09 22:15:00+00:00,18.0,2011-11-10 04:39:00+00:00,0.0,0.0,,7.4,2011-11-10 04:35:00+00:00,1.3,180.0,1440,815,128.4644,36.66
2011-11-10,14.6,12.6,2011-11-10 12:39:00+00:00,15.6,2011-11-10 04:37:00+00:00,0.0,0.0,,11.4,2011-11-09 22:11:00+00:00,4.3,59.1,1440,816,129.5475,35.9831
2011-11-10,8.7,5.9,2011-11-09 16:40:00+00:00,12.6,2011-11-10 04:19:00+00:00,0.0,0.0,,8.6,2011-11-10 03:07:00+00:00,1.5,64.7,1440,817,129.21,36.7655
2011-11-10,11.1,5.8,2011-11-09 21:47:00+00:00,15.5,2011-11-10 02:21:00+00:00,0.0,0.0,,8.7,2011-11-10 02:06:00+00:00,1.4,180.0,1440,818,128.1069,36.7373
2011-11-10,10.1,4.5,2011-11-09 22:05:00+00:00,17.5,2011-11-10 03:35:00+00:00,0.0,0.0,,7.2,2011-11-10 04:29:00+00:00,1.0,177.2,1439,819,128.8864,36.6588
2011-11-10,12.1,6.5,2011-11-09 22:07:00+00:00,17.3,2011-11-10 04:21:00+00:00,0.0,0.0,,7.8,2011-11-10 03:16:00+00:00,1.9,70.3,1440,820,128.5065,36.5562
2011-11-10,11.4,5.6,2011-11-09 21:17:00+00:00,16.1,2011-11-10 05:09:00+00:00,0.0,0.0,,6.8,2011-11-10 04:30:00+00:00,0.9,92.8,1440,821,128.0739,36.2819
2011-11-10,11.2,7.6,2011-11-09 22:01:00+00:00,16.2,2011-11-10 05:34:00+00:00,0.0,0.0,,2.3,2011-11-10 05:36:00+00:00,0.3,244.7,1439,822,128.1016,36.0813
2011-11-10,10.8,5.8,2011-11-09 21:08:00+00:00,16.6,2011-11-10 04:31:00+00:00,0.0,0.0,,5.3,2011-11-10 07:13:00+00:00,1.1,104.1,1440,823,128.5558,36.2493
2011-11-10,12.2,7.6,2011-11-09 21:42:00+00:00,17.0,2011-11-10 04:14:00+00:00,0.0,0.0,,6.2,2011-11-10 02:04:00+00:00,1.2,22.5,1440,824,128.539,36.086
2011-11-10,12.8,8.6,2011-11-09 22:09:00+00:00,18.2,2011-11-10 05:49:00+00:00,0.0,0.0,,4.8,2011-11-10 06:55:00+00:00,1.4,165.8,1440,825,128.3835,36.0368
2011-11-10,11.8,9.0,2011-11-09 20:16:00+00:00,17.2,2011-11-10 05:23:00+00:00,0.0,0.0,,6.4,2011-11-10 02:40:00+00:00,1.3,98.4,1431,826,128.7923,36.0441
2011-11-10,13.8,11.2,2011-11-09 20:31:00+00:00,16.9,2011-11-10 05:44:00+00:00,0.0,0.0,,8.5,2011-11-10 03:11:00+00:00,2.2,78.8,1440,827,128.7416,35.8251
2011-11-10,13.8,11.7,2011-11-09 22:01:00+00:00,17.5,2011-11-10 05:37:00+00:00,0.0,0.0,,7.3,2011-11-10 00:14:00+00:00,1.6,337.5,1440,828,128.4476,35.6973
2011-11-10,13.0,11.0,2011-11-09 16:32:00+00:00,15.6,2011-11-10 04:39:00+00:00,0.0,0.0,,7.1,2011-11-10 02:50:00+00:00,2.1,67.5,1440,829,129.3271,35.7176
2011-11-10,12.9,10.6,2011-11-10 15:00:00+00:00,16.3,2011-11-10 03:30:00+00:00,0.0,0.0,,7.1,2011-11-10 03:31:00+00:00,1.4,106.9,1440,830,129.2064,36.0706
2011-11-10,8.1,5.2,2011-11-10 13:12:00+00:00,13.0,2011-11-10 03:42:00+00:00,0.0,0.0,,5.4,2011-11-10 04:14:00+00:00,1.2,47.8,1440,831,129.0651,37.0486
2011-11-10,11.8,6.7,2011-11-09 21:14:00+00:00,18.0,2011-11-10 05:21:00+00:00,0.0,0.0,,6.1,2011-11-10 05:36:00+00:00,1.0,87.2,1440,832,128.4397,36.3869
2011-11-10,11.5,8.5,2011-11-09 18:34:00+00:00,15.2,2011-11-10 04:55:00+00:00,0.0,0.0,,7.6,2011-11-10 01:41:00+00:00,1.2,143.4,1440,833,128.0037,36.6008
2011-11-10,11.5,8.9,2011-11-09 18:50:00+00:00,14.5,2011-11-10 03:05:00+00:00,0.0,0.0,,7.4,2011-11-10 00:27:00+00:00,2.3,78.8,1440,834,127.9344,36.4412
2011-11-10,10.1,4.8,2011-11-09 21:48:00+00:00,15.7,2011-11-10 04:23:00+00:00,0.0,0.0,,6.7,2011-11-10 03:03:00+00:00,1.0,98.4,1431,835,128.7535,36.8701
2011-11-10,9.4,4.8,2011-11-09 20:54:00+00:00,14.8,2011-11-10 06:14:00+00:00,0.0,0.0,,8.6,2011-11-10 02:04:00+00:00,1.1,357.2,1440,836,128.8988,36.2803
2011-11-10,10.2,4.4,2011-11-09 22:13:00+00:00,17.3,2011-11-10 02:06:00+00:00,0.0,0.0,,5.4,2011-11-10 03:30:00+00:00,0.9,53.4,1440,837,128.6429,36.8268
2011-11-10,10.2,3.5,2011-11-09 22:01:00+00:00,15.0,2011-11-10 02:59:00+00:00,0.0,0.0,,8.2,2011-11-10 01:26:00+00:00,1.2,154.6,1440,838,128.3149,36.7734
2011-11-10,10.7,3.9,2011-11-09 21:46:00+00:00,17.0,2011-11-10 06:11:00+00:00,0.0,0.0,,5.4,2011-11-10 02:40:00+00:00,0.7,106.9,1440,541,127.1761,37.6539
2011-11-10,10.5,5.5,2011-11-09 19:40:00+00:00,16.9,2011-11-10 05:23:00+00:00,0.0,0.0,,8.1,2011-11-10 03:38:00+00:00,1.3,171.6,1440,839,128.8944,36.456
2011-11-10,8.4,3.7,2011-11-09 22:25:00+00:00,14.2,2011-11-10 04:59:00+00:00,0.0,0.0,,5.6,2011-11-10 03:49:00+00:00,0.6,165.9,1440,563,128.7406,37.2688
2011-11-10,12.3,6.3,2011-11-09 21:37:00+00:00,17.6,2011-11-10 02:44:00+00:00,0.0,0.0,,6.1,2011-11-10 02:39:00+00:00,1.2,157.5,1440,611,127.2797,36.5665
2011-11-10,13.4,10.4,2011-11-09 19:27:00+00:00,16.6,2011-11-10 05:50:00+00:00,0.0,0.0,,7.9,2011-11-10 02:21:00+00:00,1.7,70.3,1440,840,128.8194,35.9133
2011-11-10,12.3,10.0,2011-11-09 17:02:00+00:00,14.6,2011-11-10 05:02:00+00:00,0.0,0.0,,7.6,2011-11-10 04:30:00+00:00,1.9,78.8,1440,842,129.0473,35.7576
2011-11-10,10.0,7.3,2011-11-10 13:08:00+00:00,13.9,2011-11-10 04:11:00+00:00,0.0,0.0,,5.4,2011-11-10 04:37:00+00:00,0.8,104.1,1440,843,129.2501,36.9359
2011-11-10,11.8,9.5,2011-11-10 14:50:00+00:00,16.6,2011-11-10 04:57:00+00:00,0.5,0.5,2011-11-09 22:00:00+00:00,7.9,2011-11-10 04:36:00+00:00,0.7,120.9,1440,844,129.3585,36.4354
2011-11-10,13.6,10.7,2011-11-09 21:00:00+00:00,17.0,2011-11-10 03:30:00+00:00,0.0,0.0,,5.4,2011-11-10 03:49:00+00:00,1.2,101.3,1440,846,128.5442,35.8679
2011-11-10,11.2,5.8,2011-11-09 20:43:00+00:00,16.9,2011-11-10 05:56:00+00:00,0.0,0.0,,4.5,2011-11-10 07:35:00+00:00,0.6,185.6,1440,847,128.4665,36.2763
2011-11-10,12.9,10.5,2011-11-09 21:23:00+00:00,15.6,2011-11-10 04:48:00+00:00,0.0,0.0,,6.7,2011-11-10 03:20:00+00:00,2.9,22.5,1440,848,128.8922,35.687
2011-11-10,10.6,7.0,2011-11-10 13:20:00+00:00,15.3,2011-11-10 05:06:00+00:00,0.0,0.0,,4.1,2011-11-10 05:44:00+00:00,0.4,174.4,1440,851,129.3521,37.0514
2011-11-10,9.3,7.4,2011-11-09 21:07:00+00:00,12.5,2011-11-10 04:08:00+00:00,0.0,0.0,,4.8,2011-11-10 02:50:00+00:00,0.9,86.6,1440,853,128.6213,36.0183
2011-11-10,12.2,10.3,2011-11-10 14:36:00+00:00,15.4,2011-11-10 04:18:00+00:00,0.5,0.5,2011-11-09 16:00:00+00:00,8.4,2011-11-10 04:01:00+00:00,1.2,87.2,1440,854,129.1596,35.5239
2011-11-10,18.9,17.6,2011-11-09 18:48:00+00:00,19.6,2011-11-09 17:19:00+00:00,0.5,0.5,2011-11-10 00:00:00+00:00,18.8,2011-11-09 21:39:00+00:00,11.3,94.2,1440,855,126.2735,33.1664
2011-11-10,11.7,10.8,2011-11-09 20:37:00+00:00,13.7,2011-11-10 01:38:00+00:00,0.0,0.0,,10.2,2011-11-10 03:10:00+00:00,2.0,8.4,1440,856,127.6294,35.0836
2011-11-10,15.5,14.4,2011-11-09 19:00:00+00:00,16.8,2011-11-10 04:09:00+00:00,0.0,0.0,,12.2,2011-11-10 02:15:00+00:00,4.3,101.3,1440,857,126.7173,34.3
2011-11-10,14.6,12.4,2011-11-10 13:36:00+00:00,16.2,2011-11-10 03:49:00+00:00,0.5,0.5,2011-11-10 13:00:00+00:00,11.2,2011-11-10 04:42:00+00:00,2.9,98.4,1440,858,126.17,34.4296
2011-11-10,6.9,6.2,2011-11-09 23:19:00+00:00,7.4,2011-11-10 14:26:00+00:00,37.0,3.5,2011-11-09 18:00:00+00:00,11.3,2011-11-10 01:53:00+00:00,4.0,186.0,1440,870,126.5557,33.3698
2011-11-10,5.6,4.1,2011-11-09 16:39:00+00:00,6.2,2011-11-10 14:33:00+00:00,19.0,2.5,2011-11-09 22:00:00+00:00,16.6,2011-11-09 23:04:00+00:00,6.1,81.6,1440,871,126.518,33.3624
2011-11-10,7.8,7.0,2011-11-10 09:03:00+00:00,8.9,2011-11-10 03:53:00+00:00,0.0,0.0,,5.4,2011-11-09 20:39:00+00:00,0.9,355.0,1440,872,127.7563,35.3191
2011-11-10,8.2,5.7,2011-11-09 18:27:00+00:00,10.8,2011-11-10 05:22:00+00:00,0.0,0.0,,10.1,2011-11-10 01:27:00+00:00,5.3,139.4,1440,873,127.9702,37.2557
2011-11-10,10.0,4.2,2011-11-09 21:25:00+00:00,16.0,2011-11-10 04:18:00+00:00,0.0,0.0,,2.5,2011-11-10 04:51:00+00:00,0.7,53.4,1440,874,127.2053,38.221
2011-11-10,1.0,-0.6,2011-11-09 20:54:00+00:00,3.5,2011-11-10 03:15:00+00:00,0.0,0.0,,11.6,2011-11-10 00:44:00+00:00,3.5,184.4,1440,875,128.4606,38.1211
2011-11-10,11.6,9.5,2011-11-10 13:23:00+00:00,15.2,2011-11-10 03:16:00+00:00,0.0,0.0,,6.6,2011-11-10 06:39:00+00:00,1.6,165.9,1440,876,129.1682,37.4534
2011-11-10,10.9,5.2,2011-11-09 21:54:00+00:00,16.9,2011-11-10 05:13:00+00:00,0.0,0.0,,5.0,2011-11-10 01:13:00+00:00,1.8,333.3,1440,877,127.8048,37.3134
2011-11-10,6.0,3.9,2011-11-10 13:12:00+00:00,9.6,2011-11-10 03:46:00+00:00,0.0,0.0,,5.5,2011-11-10 08:51:00+00:00,0.9,272.7,1440,878,129.0961,37.2238
2011-11-10,14.3,12.1,2011-11-10 14:44:00+00:00,17.0,2011-11-10 04:40:00+00:00,0.0,0.0,,5.1,2011-11-10 02:18:00+00:00,1.1,81.5,1440,882,126.6042,35.2518
2011-11-10,14.2,13.7,2011-11-10 09:38:00+00:00,15.3,2011-11-10 03:26:00+00:00,7.0,1.0,2011-11-09 18:00:00+00:00,9.4,2011-11-10 03:24:00+00:00,3.0,70.3,1439,885,126.6784,33.3315
2011-11-10,12.8,11.3,2011-11-09 17:29:00+00:00,15.6,2011-11-10 03:55:00+00:00,0.0,0.0,,5.0,2011-11-10 04:24:00+00:00,0.7,61.9,1440,900,129.0998,35.5824
2011-11-10,16.1,15.2,2011-11-09 19:53:00+00:00,17.1,2011-11-10 03:42:00+00:00,0.0,0.0,,9.8,2011-11-09 21:35:00+00:00,5.0,112.5,1440,901,129.4424,35.4927
2011-11-10,15.4,14.6,2011-11-09 21:51:00+00:00,16.4,2011-11-10 03:14:00+00:00,0.0,0.0,,11.1,2011-11-10 02:03:00+00:00,3.4,120.9,1440,748,127.3592,34.8493
2011-11-10,14.7,12.2,2011-11-09 19:29:00+00:00,18.0,2011-11-10 04:42:00+00:00,0.0,0.0,,6.2,2011-11-10 03:15:00+00:00,1.5,188.4,1440,761,126.9325,35.6507
2011-11-10,11.6,10.3,2011-11-09 19:59:00+00:00,13.3,2011-11-10 03:03:00+00:00,0.0,0.0,,4.9,2011-11-10 01:19:00+00:00,1.0,174.4,1440,902,127.7644,35.2843
2011-11-10,13.0,10.5,2011-11-09 22:00:00+00:00,17.1,2011-11-10 03:33:00+00:00,0.0,0.0,2011-11-09 16:00:00+00:00,1.3,2011-11-10 03:53:00+00:00,0.3,28.1,1434,903,128.5149,35.4039
2011-11-10,14.6,13.5,2011-11-09 22:35:00+00:00,16.4,2011-11-10 04:12:00+00:00,0.0,0.0,,9.4,2011-11-10 04:05:00+00:00,4.3,2.8,1439,905,129.0379,35.335
2011-11-10,15.2,13.7,2011-11-09 18:04:00+00:00,16.9,2011-11-10 03:34:00+00:00,0.0,0.0,,6.6,2011-11-10 02:49:00+00:00,1.8,19.7,1440,907,128.0597,34.929
2011-11-10,15.3,14.3,2011-11-09 16:35:00+00:00,16.7,2011-11-10 06:00:00+00:00,0.0,0.0,,7.7,2011-11-10 03:54:00+00:00,2.3,92.8,1440,908,128.75,35.12
2011-11-10,14.4,12.8,2011-11-09 20:13:00+00:00,15.7,2011-11-10 05:23:00+00:00,1.5,0.5,2011-11-09 20:00:00+00:00,15.1,2011-11-10 01:18:00+00:00,5.3,78.8,1426,910,129.0742,35.0661
2011-11-10,16.9,15.4,2011-11-09 19:09:00+00:00,17.6,2011-11-09 22:24:00+00:00,0.0,0.0,,20.3,2011-11-09 22:50:00+00:00,11.8,59.0,1440,911,128.5778,34.6477
2011-11-10,13.0,11.1,2011-11-09 21:22:00+00:00,16.4,2011-11-10 02:29:00+00:00,0.0,0.0,,6.4,2011-11-10 04:28:00+00:00,1.0,126.5,1440,912,127.7783,35.5263
2011-11-10,15.5,14.5,2011-11-09 20:15:00+00:00,16.7,2011-11-10 05:00:00+00:00,0.0,0.0,,8.6,2011-11-10 03:13:00+00:00,3.0,11.3,1440,913,127.9854,34.7238
2011-11-10,11.7,9.5,2011-11-09 20:55:00+00:00,15.1,2011-11-10 02:52:00+00:00,0.0,0.0,,9.3,2011-11-10 01:33:00+00:00,1.0,188.3,1440,914,127.6955,35.6477
2011-11-10,13.7,11.4,2011-11-09 20:30:00+00:00,16.5,2011-11-10 04:54:00+00:00,0.0,0.0,,5.6,2011-11-10 05:08:00+00:00,1.3,33.7,1440,915,128.1219,35.4144
2011-11-10,13.9,12.1,2011-11-09 18:13:00+00:00,16.6,2011-11-10 04:02:00+00:00,0.0,0.0,,5.7,2011-11-10 02:51:00+00:00,1.8,70.3,1440,916,127.9669,35.3111
2011-11-10,14.2,12.6,2011-11-09 19:28:00+00:00,16.9,2011-11-10 03:44:00+00:00,0.0,0.0,,5.8,2011-11-10 03:22:00+00:00,1.8,67.5,1440,917,128.0677,35.037
2011-11-10,14.9,13.3,2011-11-09 19:15:00+00:00,17.0,2011-11-10 03:49:00+00:00,0.0,0.0,,8.3,2011-11-10 03:19:00+00:00,3.7,56.2,1440,918,128.3309,34.9905
2011-11-10,13.9,11.1,2011-11-09 20:41:00+00:00,16.7,2011-11-10 05:31:00+00:00,0.0,0.0,,7.2,2011-11-10 04:29:00+00:00,1.8,45.0,1440,919,128.4767,35.5514
2011-11-10,14.8,14.0,2011-11-09 15:54:00+00:00,16.2,2011-11-10 04:00:00+00:00,0.0,0.0,,8.7,2011-11-09 15:49:00+00:00,3.3,16.9,1440,921,128.8314,34.9931
2011-11-10,15.2,13.6,2011-11-09 18:20:00+00:00,16.7,2011-11-10 04:02:00+00:00,0.0,0.0,,6.3,2011-11-10 03:15:00+00:00,1.3,0.0,1439,922,128.9189,35.3647
2011-11-10,14.6,12.4,2011-11-09 17:33:00+00:00,16.7,2011-11-10 04:04:00+00:00,1.0,0.5,2011-11-09 17:00:00+00:00,7.0,2011-11-10 07:25:00+00:00,3.0,47.8,1439,923,129.2511,35.275
2011-11-10,16.1,13.7,2011-11-09 16:11:00+00:00,16.9,2011-11-10 13:36:00+00:00,0.5,0.5,2011-11-09 17:00:00+00:00,15.0,2011-11-10 01:00:00+00:00,7.2,64.7,1440,924,129.3603,35.3587
2011-11-10,15.0,13.5,2011-11-09 16:23:00+00:00,16.9,2011-11-10 03:36:00+00:00,0.0,0.0,,8.4,2011-11-10 03:40:00+00:00,2.3,92.8,1438,926,128.4618,35.1149
2011-11-10,13.6,11.2,2011-11-09 15:01:00+00:00,15.9,2011-11-10 04:31:00+00:00,0.0,0.0,,7.6,2011-11-09 23:29:00+00:00,2.0,75.9,1440,927,128.8809,35.5842
2011-11-10,13.7,12.2,2011-11-09 21:13:00+00:00,16.3,2011-11-10 03:47:00+00:00,0.5,0.5,2011-11-09 22:00:00+00:00,7.6,2011-11-10 03:57:00+00:00,1.3,47.7,1425,928,129.1731,35.4162
2011-11-10,13.8,11.9,2011-11-09 19:06:00+00:00,16.3,2011-11-10 03:24:00+00:00,0.0,0.0,,4.8,2011-11-10 05:40:00+00:00,1.1,101.3,1440,929,128.2586,35.0989
2011-11-10,15.6,14.7,2011-11-09 19:09:00+00:00,16.7,2011-11-10 05:02:00+00:00,0.0,0.0,,11.6,2011-11-10 04:53:00+00:00,3.0,185.6,1440,930,128.2251,34.8436
2011-11-10,15.6,14.9,2011-11-09 15:28:00+00:00,16.5,2011-11-10 04:52:00+00:00,0.0,0.0,,10.7,2011-11-10 12:00:00+00:00,5.9,30.9,1440,931,128.2759,34.6192
2011-11-10,15.2,14.3,2011-11-09 19:16:00+00:00,16.5,2011-11-10 03:42:00+00:00,0.0,0.0,,6.8,2011-11-10 01:00:00+00:00,1.2,115.3,1440,932,127.7455,35.0721
2011-11-10,15.1,14.0,2011-11-09 20:24:00+00:00,16.3,2011-11-10 03:43:00+00:00,0.0,0.0,,8.0,2011-11-09 16:32:00+00:00,2.5,329.1,1440,933,127.859,34.9506
2011-11-10,14.1,13.0,2011-11-09 15:02:00+00:00,16.5,2011-11-10 03:32:00+00:00,0.0,0.0,,4.1,2011-11-10 00:58:00+00:00,1.2,16.9,1440,934,127.9322,35.1986
2011-11-10,12.9,10.5,2011-11-09 21:00:00+00:00,16.9,2011-11-10 05:38:00+00:00,0.0,0.0,,5.7,2011-11-10 04:34:00+00:00,1.6,39.4,1440,935,128.3411,35.5698
2011-11-10,13.2,10.7,2011-11-09 22:03:00+00:00,15.7,2011-11-10 05:06:00+00:00,0.0,0.0,,6.7,2011-11-10 01:55:00+00:00,1.7,95.6,1440,936,128.2023,35.3326
2011-11-10,,14.6,2011-11-10 10:28:00+00:00,16.1,2011-11-10 05:41:00+00:00,0.0,0.0,,8.3,2011-11-10 08:18:00+00:00,,22.5,560,937,129.1624,35.1761
2011-11-10,11.2,8.7,2011-11-10 14:21:00+00:00,16.0,2011-11-10 02:53:00+00:00,0.0,0.0,,5.4,2011-11-10 03:03:00+00:00,0.6,126.6,1440,802,129.3455,36.7241
2011-11-10,15.5,14.4,2011-11-09 20:22:00+00:00,17.3,2011-11-10 04:02:00+00:00,0.0,0.0,,7.6,2011-11-10 02:38:00+00:00,1.8,75.9,1439,938,129.0507,35.154
2011-11-10,14.5,13.5,2011-11-09 15:38:00+00:00,16.1,2011-11-10 03:54:00+00:00,0.0,0.0,,10.8,2011-11-10 00:48:00+00:00,3.4,25.3,1366,939,129.0846,35.2323
2011-11-10,14.1,12.8,2011-11-09 15:07:00+00:00,16.5,2011-11-10 03:54:00+00:00,0.0,0.0,,4.5,2011-11-10 04:13:00+00:00,1.1,220.2,1439,940,129.083,35.2084
2011-11-10,15.2,14.0,2011-11-09 15:06:00+00:00,16.8,2011-11-10 03:58:00+00:00,0.0,0.0,,7.8,2011-11-10 03:51:00+00:00,2.9,30.9,1439,941,128.9981,35.204
2011-11-10,15.6,14.5,2011-11-09 20:34:00+00:00,16.9,2011-11-10 04:02:00+00:00,0.5,0.5,2011-11-09 22:00:00+00:00,7.1,2011-11-10 01:18:00+00:00,2.3,81.6,1431,942,129.1045,35.135
2011-11-10,16.1,14.6,2011-11-09 19:22:00+00:00,18.5,2011-11-10 03:37:00+00:00,0.5,0.5,2011-11-09 20:00:00+00:00,9.7,2011-11-10 06:09:00+00:00,3.8,95.5,1440,943,129.3519,35.5076
2011-11-10,13.3,10.8,2011-11-09 21:00:00+00:00,16.8,2011-11-10 03:40:00+00:00,0.0,0.0,,6.0,2011-11-10 03:21:00+00:00,1.4,109.7,1440,944,128.569,35.387
2011-11-10,12.1,10.6,2011-11-09 21:08:00+00:00,14.0,2011-11-10 03:29:00+00:00,0.0,0.0,,5.5,2011-11-10 02:25:00+00:00,1.0,306.6,1440,945,127.99,35.5345
2011-11-10,11.2,9.1,2011-11-09 19:55:00+00:00,14.1,2011-11-10 03:12:00+00:00,0.0,0.0,,5.8,2011-11-10 03:15:00+00:00,0.5,163.1,1440,946,127.8193,35.7773
2011-11-10,16.2,14.4,2011-11-09 18:55:00+00:00,17.1,2011-11-10 05:07:00+00:00,1.5,1.0,2011-11-09 23:00:00+00:00,12.8,2011-11-10 02:12:00+00:00,3.7,343.1,1440,947,128.6036,34.7257
2011-11-10,13.0,11.5,2011-11-09 20:36:00+00:00,15.9,2011-11-10 03:11:00+00:00,0.0,0.0,,6.0,2011-11-10 01:58:00+00:00,0.8,306.6,1440,948,127.8319,35.2984
2011-11-10,16.3,15.5,2011-11-09 18:59:00+00:00,16.8,2011-11-10 13:45:00+00:00,0.0,0.0,,12.2,2011-11-09 22:18:00+00:00,7.1,64.6,1440,949,129.4496,35.6144
2011-11-10,15.6,14.3,2011-11-09 19:35:00+00:00,17.0,2011-11-10 04:11:00+00:00,0.5,0.5,2011-11-09 21:00:00+00:00,9.6,2011-11-10 09:51:00+00:00,3.2,56.2,1426,950,129.1381,35.1612
2011-11-10,14.4,11.6,2011-11-09 18:38:00+00:00,17.8,2011-11-10 04:41:00+00:00,0.0,0.0,,6.4,2011-11-10 01:09:00+00:00,1.7,119.8,1440,951,126.9073,35.5087
2011-11-10,15.2,14.4,2011-11-09 16:41:00+00:00,16.1,2011-11-10 03:44:00+00:00,0.0,0.0,,12.3,2011-11-10 01:57:00+00:00,3.3,98.4,1440,953,128.6741,34.9924
2011-11-10,14.8,12.1,2011-11-09 15:04:00+00:00,16.7,2011-11-10 03:50:00+00:00,0.0,0.0,,12.2,2011-11-09 22:21:00+00:00,4.9,59.1,1440,954,129.3601,35.431
2011-11-10,12.6,11.8,2011-11-09 20:58:00+00:00,13.6,2011-11-10 13:26:00+00:00,0.0,0.0,,10.1,2011-11-09 20:56:00+00:00,3.5,43.9,1440,96,131.8698,37.2395
2011-11-10,14.9,14.1,2011-11-09 15:28:00+00:00,15.9,2011-11-10 04:08:00+00:00,0.0,0.0,,14.3,2011-11-10 02:45:00+00:00,4.9,315.2,1440,968,129.045,35.081
2011-11-10,8.8,7.8,2011-11-09 15:32:00+00:00,10.0,2011-11-10 04:05:00+00:00,0.0,0.0,,14.3,2011-11-09 20:56:00+00:00,6.3,61.7,1426,160,129.0,35.1188
2011-11-10,15.1,13.9,2011-11-09 21:24:00+00:00,16.2,2011-11-10 04:08:00+00:00,0.5,0.5,2011-11-09 21:00:00+00:00,7.6,2011-11-10 14:16:00+00:00,2.1,56.3,1440,301,126.1112,35.0841
2011-11-10,15.7,14.6,2011-11-09 19:29:00+00:00,16.8,2011-11-10 04:12:00+00:00,0.0,0.0,,12.8,2011-11-10 02:17:00+00:00,4.8,67.5,1440,304,126.8273,34.3347
2011-11-10,7.7,1.4,2011-11-09 20:57:00+00:00,15.2,2011-11-10 05:09:00+00:00,0.0,0.0,,2.9,2011-11-10 03:06:00+00:00,0.4,239.1,1440,322,127.6698,38.2155
2011-11-10,14.6,11.3,2011-11-09 20:42:00+00:00,17.0,2011-11-10 05:05:00+00:00,0.0,0.0,,5.9,2011-11-10 03:01:00+00:00,1.5,95.6,1440,410,126.9181,37.4937
2011-11-10,15.1,11.6,2011-11-09 22:31:00+00:00,17.9,2011-11-10 06:54:00+00:00,0.0,0.0,,6.0,2011-11-10 01:47:00+00:00,1.7,137.8,1440,409,127.0868,37.5855
2011-11-10,14.5,11.4,2011-11-09 21:28:00+00:00,16.9,2011-11-10 05:23:00+00:00,0.0,0.0,,5.0,2011-11-10 00:40:00+00:00,1.5,70.3,1440,415,126.9761,37.5204
2011-11-10,14.4,12.7,2011-11-10 14:48:00+00:00,15.8,2011-11-10 05:19:00+00:00,4.0,1.5,2011-11-10 13:00:00+00:00,7.4,2011-11-10 00:59:00+00:00,2.5,123.3,1438,501,125.7023,37.6644
2011-11-10,11.6,7.4,2011-11-09 17:32:00+00:00,17.0,2011-11-10 04:28:00+00:00,0.0,0.0,,5.3,2011-11-10 01:51:00+00:00,0.9,53.4,1440,503,126.7116,37.912
2011-11-10,9.3,2.9,2011-11-09 22:06:00+00:00,15.5,2011-11-10 05:03:00+00:00,0.0,0.0,,4.0,2011-11-10 03:01:00+00:00,0.7,210.8,1440,505,127.3454,37.8244
2011-11-10,12.6,7.6,2011-11-09 22:22:00+00:00,17.7,2011-11-10 03:11:00+00:00,0.0,0.0,,4.8,2011-11-10 03:33:00+00:00,1.8,101.3,1440,506,126.7841,37.7657
2011-11-10,11.0,5.1,2011-11-09 20:55:00+00:00,17.5,2011-11-10 04:31:00+00:00,0.0,0.0,,5.2,2011-11-09 23:35:00+00:00,1.6,137.8,1440,507,127.1433,38.025
2011-11-10,13.1,11.0,2011-11-09 18:00:00+00:00,14.9,2011-11-10 03:19:00+00:00,0.5,0.5,2011-11-10 14:00:00+00:00,8.7,2011-11-10 01:42:00+00:00,3.1,96.9,1439,508,126.3609,37.4665
2011-11-10,13.7,11.7,2011-11-09 17:58:00+00:00,16.8,2011-11-10 05:27:00+00:00,0.0,0.0,,6.1,2011-11-09 23:11:00+00:00,1.2,106.9,1440,509,126.9502,37.4528
2011-11-10,15.1,12.4,2011-11-09 20:16:00+00:00,17.3,2011-11-10 05:56:00+00:00,0.0,0.0,,5.7,2011-11-10 01:53:00+00:00,1.8,50.6,1440,510,126.9071,37.5271
2011-11-10,14.0,11.7,2011-11-09 21:51:00+00:00,16.8,2011-11-10 06:10:00+00:00,0.0,0.0,,5.6,2011-11-09 20:52:00+00:00,1.6,140.6,1439,511,126.6905,37.555
2011-11-10,14.5,11.9,2011-11-09 22:31:00+00:00,17.0,2011-11-10 06:31:00+00:00,0.0,0.0,,6.0,2011-11-10 01:22:00+00:00,1.4,165.9,1439,512,126.6621,37.3968
2011-11-10,14.5,12.4,2011-11-10 13:46:00+00:00,16.7,2011-11-10 06:16:00+00:00,1.0,1.0,2011-11-10 15:00:00+00:00,7.8,2011-11-10 00:21:00+00:00,1.7,142.6,1439,513,126.1468,37.2331
2011-11-10,14.0,11.1,2011-11-09 21:50:00+00:00,17.4,2011-11-10 04:55:00+00:00,0.0,0.0,,8.1,2011-11-10 00:52:00+00:00,2.6,95.6,1439,514,126.5806,37.2455
2011-11-10,14.4,11.0,2011-11-09 22:21:00+00:00,17.8,2011-11-10 05:02:00+00:00,0.0,0.0,,7.8,2011-11-10 01:03:00+00:00,1.9,112.5,1440,515,126.8007,37.0819
2011-11-10,14.3,10.6,2011-11-09 22:20:00+00:00,17.5,2011-11-10 05:19:00+00:00,0.0,0.0,,7.0,2011-11-10 01:14:00+00:00,1.8,67.5,1440,516,127.2651,37.013
2011-11-10,10.7,5.3,2011-11-09 20:51:00+00:00,16.0,2011-11-10 02:57:00+00:00,0.0,0.0,,8.6,2011-11-10 04:04:00+00:00,2.2,135.0,1440,517,128.4745,38.3854
2011-11-10,6.8,1.8,2011-11-09 16:53:00+00:00,14.3,2011-11-10 05:53:00+00:00,0.0,0.0,,4.3,2011-11-10 07:22:00+00:00,0.7,42.2,1440,518,128.1397,38.2847
2011-11-10,7.7,1.0,2011-11-09 20:30:00+00:00,15.2,2011-11-10 04:20:00+00:00,0.0,0.0,,4.8,2011-11-10 03:04:00+00:00,0.7,146.2,1440,519,127.5297,38.0753
2011-11-10,8.8,4.8,2011-11-09 21:43:00+00:00,14.1,2011-11-10 01:26:00+00:00,0.0,0.0,,6.8,2011-11-10 01:33:00+00:00,0.6,87.2,1440,520,128.4933,38.1721
2011-11-10,11.1,6.0,2011-11-09 20:17:00+00:00,16.6,2011-11-10 03:18:00+00:00,0.0,0.0,,8.9,2011-11-10 03:34:00+00:00,2.0,120.9,1440,521,128.6026,38.1438
2011-11-10,9.4,4.2,2011-11-09 20:40:00+00:00,16.4,2011-11-10 05:18:00+00:00,0.0,0.0,,5.3,2011-11-09 23:47:00+00:00,0.9,140.6,1440,522,128.0189,37.8687
2011-11-10,9.4,4.1,2011-11-09 20:23:00+00:00,15.6,2011-11-10 03:55:00+00:00,0.0,0.0,,7.7,2011-11-10 04:38:00+00:00,1.5,137.8,1440,523,128.8214,37.8985
2011-11-10,10.8,6.5,2011-11-09 22:00:00+00:00,16.1,2011-11-10 02:14:00+00:00,0.0,0.0,,7.1,2011-11-10 04:15:00+00:00,1.9,135.0,1440,524,128.9248,37.7858
2011-11-10,7.4,2.5,2011-11-09 21:19:00+00:00,13.6,2011-11-10 04:41:00+00:00,0.0,0.0,,4.6,2011-11-10 02:54:00+00:00,0.5,73.1,1440,525,128.3797,37.6161
2011-11-10,9.3,4.8,2011-11-09 16:15:00+00:00,14.9,2011-11-10 05:06:00+00:00,0.0,0.0,,4.0,2011-11-10 03:24:00+00:00,1.1,98.4,1440,526,128.3946,37.3779
2011-11-10,8.2,5.3,2011-11-09 16:12:00+00:00,14.2,2011-11-10 05:04:00+00:00,0.0,0.0,,5.0,2011-11-10 06:54:00+00:00,0.7,47.8,1440,527,128.6645,37.4299
2011-11-10,12.4,11.5,2011-11-09 16:29:00+00:00,13.8,2011-11-10 02:20:00+00:00,11.0,4.5,2011-11-10 04:00:00+00:00,6.8,2011-11-10 02:24:00+00:00,3.1,137.8,1330,528,124.7188,37.9743
2011-11-10,12.8,9.1,2011-11-10 12:54:00+00:00,15.7,2011-11-10 03:51:00+00:00,0.0,0.0,,6.6,2011-11-09 23:48:00+00:00,1.8,191.2,1439,529,129.3434,37.2325
2011-11-10,12.7,10.4,2011-11-09 15:20:00+00:00,15.8,2011-11-10 04:13:00+00:00,0.0,0.0,,6.9,2011-11-09 21:06:00+00:00,1.3,25.3,1440,530,130.7977,37.5184
2011-11-10,9.2,2.9,2011-11-09 22:15:00+00:00,15.5,2011-11-10 05:18:00+00:00,0.0,0.0,,3.1,2011-11-10 03:06:00+00:00,0.8,219.4,1440,531,127.5502,37.8856
2011-11-10,11.5,5.8,2011-11-09 21:38:00+00:00,16.4,2011-11-10 06:21:00+00:00,0.0,0.0,,5.2,2011-11-10 03:12:00+00:00,0.5,126.6,1440,532,127.075,37.735
2011-11-10,,6.3,2011-11-09 22:01:00+00:00,14.3,2011-11-10 09:24:00+00:00,0.0,0.0,,5.1,2011-11-10 09:24:00+00:00,,55.9,985,533,127.3333,37.55
2011-11-10,12.6,6.4,2011-11-09 21:36:00+00:00,16.9,2011-11-10 05:34:00+00:00,0.0,0.0,,5.3,2011-11-10 02:00:00+00:00,1.4,84.4,1440,534,127.6106,37.121
2011-11-10,7.5,2.3,2011-11-09 18:30:00+00:00,15.5,2011-11-10 04:50:00+00:00,0.0,0.0,,3.8,2011-11-10 04:19:00+00:00,0.7,64.7,1440,535,128.1827,37.717
2011-11-10,11.2,4.9,2011-11-09 21:34:00+00:00,17.0,2011-11-10 03:41:00+00:00,0.0,0.0,,3.9,2011-11-09 21:04:00+00:00,1.1,64.7,1440,536,127.9724,37.4876
2011-11-10,6.6,3.8,2011-11-10 13:23:00+00:00,12.5,2011-11-10 04:13:00+00:00,0.0,0.0,,4.9,2011-11-10 04:31:00+00:00,1.0,45.0,1440,537,128.8459,37.4832
2011-11-10,10.3,4.1,2011-11-09 21:50:00+00:00,16.5,2011-11-10 04:06:00+00:00,0.0,0.0,,5.0,2011-11-10 00:38:00+00:00,0.9,28.1,1440,538,127.103,38.1725
2011-11-10,10.5,2.9,2011-11-09 22:16:00+00:00,17.8,2011-11-10 03:38:00+00:00,0.0,0.0,,6.0,2011-11-10 04:35:00+00:00,1.1,126.6,1440,539,127.3579,38.0237
2011-11-10,13.5,9.0,2011-11-09 17:05:00+00:00,16.8,2011-11-10 03:52:00+00:00,0.0,0.0,,8.3,2011-11-10 06:59:00+00:00,1.0,101.3,1440,540,126.8917,37.6343
2011-11-10,13.7,10.8,2011-11-09 17:39:00+00:00,16.5,2011-11-10 03:30:00+00:00,0.0,0.0,,5.2,2011-11-10 01:37:00+00:00,1.1,132.2,1439,543,126.5496,37.499
2011-11-10,11.7,6.3,2011-11-09 22:18:00+00:00,16.3,2011-11-10 05:30:00+00:00,0.0,0.0,,3.7,2011-11-10 04:43:00+00:00,1.0,222.2,1440,548,127.6396,37.2688
2011-11-10,9.2,2.3,2011-11-09 22:01:00+00:00,16.2,2011-11-10 04:28:00+00:00,0.0,0.0,,6.4,2011-11-10 04:38:00+00:00,0.8,229.8,1440,561,128.1528,37.5822
2011-11-10,14.9,11.6,2011-11-09 18:53:00+00:00,17.2,2011-11-10 05:14:00+00:00,0.0,0.0,,11.5,2011-11-10 07:34:00+00:00,2.3,98.4,1439,565,126.785,37.34
2011-11-10,13.6,9.6,2011-11-09 21:34:00+00:00,16.6,2011-11-10 05:47:00+00:00,0.0,0.0,,4.9,2011-11-10 03:13:00+00:00,1.3,216.6,1440,569,127.1296,37.5947
2011-11-10,11.8,5.7,2011-11-09 22:07:00+00:00,17.2,2011-11-10 07:09:00+00:00,0.0,0.0,,3.0,2011-11-09 18:46:00+00:00,0.8,45.0,1440,574,127.5865,37.3751
2011-11-10,14.1,8.8,2011-11-09 19:16:00+00:00,17.4,2011-11-10 05:40:00+00:00,0.0,0.0,,5.7,2011-11-10 02:23:00+00:00,1.5,109.7,1440,575,127.198,37.1399
2011-11-10,9.2,5.5,2011-11-09 22:41:00+00:00,16.3,2011-11-10 05:29:00+00:00,0.0,0.0,,4.3,2011-11-09 21:53:00+00:00,0.8,334.7,1440,585,128.0834,37.966
2011-11-10,8.3,1.7,2011-11-09 21:29:00+00:00,16.7,2011-11-10 04:36:00+00:00,0.0,0.0,,4.3,2011-11-10 04:13:00+00:00,0.5,264.3,1440,587,127.9495,38.2091
2011-11-10,10.0,4.2,2011-11-09 21:58:00+00:00,15.5,2011-11-10 04:45:00+00:00,0.0,0.0,,7.5,2011-11-10 12:09:00+00:00,0.7,202.5,1440,591,128.0505,37.4155
2011-11-10,8.1,3.5,2011-11-09 20:45:00+00:00,14.0,2011-11-10 03:17:00+00:00,0.0,0.0,,5.2,2011-11-10 04:23:00+00:00,0.8,132.2,1440,596,128.451,38.0775
2011-11-10,7.2,2.2,2011-11-09 20:38:00+00:00,13.9,2011-11-10 05:40:00+00:00,0.0,0.0,,1.0,2011-11-10 03:13:00+00:00,0.0,233.4,1440,597,128.4585,37.5009
