dt,avg_ta,min_ta,max_ta,max_ta_hrmt,min_ta_hrmt,sum_rn,hr1_max_rn,mi10_max_rn,sum_rn_dur,n9_9_rn,mi10_max_rn_hrmt,hr1_max_rn_hrmt,min_rhm,avg_rhm,min_rhm_hrmt,hr24_sum_rws,avg_ws,max_ins_ws,max_ws,max_ins_ws_wd,max_ws_wd,max_wd,max_ins_ws_hrmt,max_ws_hrmt,ss_dur,sum_ss_hr,hr1_max_icsr,sum_gsr,hr1_max_icsr_hrmt,avg_tca,avg_lmac,avg_td,min_tg,avg_ts,avg_m1_5_te,avg_cm5_te,avg_cm10_te,avg_cm20_te,avg_cm30_te,avg_m0_5_te,avg_m1_0_te,avg_m5_0_te,avg_m3_0_te,dd_mes,dd_mefs,sum_dpth_fhsc,dd_mes_hrmt,dd_mefs_hrmt,avg_pv,avg_pa,avg_ps,min_ps,max_ps,min_ps_hrmt,max_ps_hrmt,sum_fog_dur,sum_lrg_ev,sum_sml_ev,iscs,code,x,y
2005-01-01,-6.9,-13.6,1.1,1519.0,741.0,,,,,,,,22.0,56.0,1704.0,1296.0,1.5,9.6,5.3,290.0,290.0,290.0,1553.0,1332.0,9.7,8.4,,,,,,-16.6,-18.4,-4.5,,,,,,,,,,,,,,,1.7,1013.4,1024.1,1022.5,1025.5,1420.0,941.0,,,,,278,128.6886,36.3561
2005-01-02,-4.1,-12.6,6.1,1349.0,227.0,,,,,,,,41.0,65.3,1646.0,778.0,0.9,10.6,6.0,270.0,270.0,290.0,1402.0,1411.0,9.8,7.0,,,,,,-10.6,-17.4,-3.2,,,,,,,,,,,,,,,2.9,1012.5,1023.0,1020.2,1025.6,1621.0,208.0,,,,,278,128.6886,36.3561
2005-01-03,1.8,-8.1,10.8,1517.0,638.0,,,,,,,,34.0,61.8,1542.0,1642.0,1.9,12.0,6.2,290.0,290.0,270.0,2021.0,2132.0,9.8,4.7,,,,,,-5.6,-12.3,-0.6,,,,,,,,,,,,,,,4.2,1007.0,1017.2,1012.8,1021.8,1508.0,0.0,,,,,278,128.6886,36.3561
2005-01-04,-3.1,-11.0,4.5,0.0,2345.0,,,,,,,,21.0,40.6,1644.0,2506.0,2.9,11.3,6.2,290.0,290.0,290.0,21.0,702.0,9.8,8.2,,,,,,-15.7,-15.8,-1.8,,,,,,,,,,,,,,,1.9,1014.6,1025.1,1016.6,1030.3,0.0,2345.0,,,,,278,128.6886,36.3561
2005-01-05,-5.9,-15.0,4.1,1519.0,723.0,,,,,,,,28.0,60.0,1651.0,432.0,0.5,3.5,1.7,250.0,250.0,360.0,1243.0,1247.0,9.8,7.8,,,,,,-14.0,-18.3,-3.8,,,,,,,,,,,,,,,2.1,1018.9,1029.6,1025.7,1034.0,2308.0,836.0,,,,,278,128.6886,36.3561
2005-01-06,-0.3,-4.6,6.9,1441.0,2119.0,,,,,,,,21.0,51.6,1313.0,864.0,1.0,10.3,5.9,290.0,290.0,290.0,1458.0,1505.0,9.8,7.3,,,,,,-10.0,-10.6,-0.7,,,,,,,,,,,,,,,2.9,1013.2,1023.6,1021.3,1026.4,1441.0,58.0,,,,,278,128.6886,36.3561
2005-01-07,0.0,-8.8,4.5,1244.0,2342.0,,,,,,,,22.0,44.5,1723.0,2246.0,2.6,9.5,5.8,320.0,290.0,290.0,943.0,940.0,9.8,8.4,,,,,,-11.6,-12.0,-0.3,,,,,,,,,,,,,,,2.8,1014.9,1025.3,1021.4,1029.6,411.0,2339.0,,,,,278,128.6886,36.3561
2005-01-08,-4.6,-13.8,2.7,1423.0,737.0,0.0,,,,,,,21.0,53.9,1422.0,1469.0,1.7,10.3,5.8,320.0,290.0,290.0,2248.0,2252.0,9.8,8.3,,,,,,-14.7,-15.9,-2.9,,,,,,,,,,,,,,,2.0,1016.5,1027.1,1024.0,1030.7,1714.0,815.0,,,,,278,128.6886,36.3561
2005-01-09,-7.3,-14.1,-0.1,1441.0,748.0,,,,,,,,21.0,49.3,1704.0,1728.0,2.0,8.3,5.2,290.0,290.0,290.0,59.0,217.0,9.9,8.3,,,,,,-18.3,-16.1,-4.9,,,,,,,,,,,,,,,1.5,1017.1,1027.9,1025.4,1029.9,1505.0,908.0,,,,,278,128.6886,36.3561
2005-01-10,-6.7,-15.3,1.7,1321.0,429.0,,,,,,,,37.0,64.1,1335.0,1123.0,1.3,10.3,5.6,270.0,290.0,290.0,1407.0,1420.0,9.9,7.6,,,,,,-13.8,-18.9,-4.3,,,,,,,,,,,,,,,2.2,1015.4,1026.1,1023.7,1029.0,2340.0,807.0,,,,,278,128.6886,36.3561
2005-01-11,-2.7,-8.8,1.2,1336.0,2400.0,,,,,,,,38.0,52.4,1454.0,2506.0,2.9,12.1,7.1,270.0,290.0,290.0,1553.0,1456.0,9.9,8.2,,,,,,-11.7,-11.3,-2.8,,,,,,,,,,,,,,,2.5,1013.3,1023.8,1022.3,1025.5,1430.0,1020.0,,,,,278,128.6886,36.3561
2005-01-12,-5.7,-11.8,0.8,1444.0,741.0,,,,,,,,32.0,54.3,1353.0,1210.0,1.4,9.8,4.4,290.0,290.0,270.0,1522.0,1523.0,9.9,8.2,,,,,,-14.9,-14.8,-4.3,,,,,,,,,,,,,,,2.0,1014.9,1025.6,1024.0,1027.6,0.0,955.0,,,,,278,128.6886,36.3561
2005-01-13,-6.2,-12.3,1.7,1446.0,741.0,,,,,,,,41.0,65.4,1435.0,1037.0,1.2,6.8,3.7,270.0,250.0,270.0,1048.0,1427.0,9.9,7.0,,,,,,-12.9,-14.8,-4.2,,,,,,,,,,,,,,,2.3,1015.0,1025.7,1023.4,1027.1,1437.0,958.0,,,,,278,128.6886,36.3561
2005-01-14,-5.0,-13.8,4.0,1412.0,651.0,,,,,,,,35.0,63.0,1457.0,432.0,0.5,3.7,2.3,270.0,270.0,230.0,1555.0,1603.0,9.9,6.0,,,,,,-12.4,-16.5,-3.9,,,,,,,,,,,,,,,2.4,1013.1,1023.6,1020.9,1027.3,1458.0,19.0,,,,,278,128.6886,36.3561
2005-01-15,-3.6,-10.3,4.5,1328.0,753.0,,,,,,,,28.0,56.9,1409.0,950.0,1.1,9.3,4.4,290.0,340.0,270.0,1526.0,1446.0,10.0,8.1,,,,,,-12.4,-14.8,-2.2,,,,,,,,,,,,,,,2.4,1008.4,1018.8,1016.0,1021.8,1422.0,0.0,,,,,278,128.6886,36.3561
2005-01-16,-1.8,-8.6,6.4,1347.0,338.0,,,,,,,,43.0,62.4,1608.0,1555.0,1.8,8.5,4.5,270.0,290.0,290.0,803.0,809.0,10.0,3.7,,,,,,-8.6,-12.8,-2.1,,,,,,,,,,,,,,,3.3,1006.7,1017.1,1013.8,1021.9,1333.0,2346.0,,,,,278,128.6886,36.3561
2005-01-17,-3.8,-11.5,6.5,1430.0,713.0,,,,,,,,35.0,67.4,1529.0,605.0,0.7,6.3,3.2,270.0,290.0,250.0,1419.0,1527.0,10.0,7.8,,,,,,-10.1,-17.2,-2.1,,,,,,,,,,,,,,,2.9,1012.7,1023.2,1021.1,1025.0,1446.0,914.0,,,,,278,128.6886,36.3561
2005-01-18,-1.4,-10.6,7.4,1500.0,725.0,0.0,,,,,,,39.0,66.9,1606.0,518.0,0.6,5.5,2.8,360.0,250.0,230.0,1353.0,1255.0,10.0,7.2,,,,,,-7.5,-14.8,-1.2,,,,,,,,,,,,,,,3.6,1010.9,1021.4,1018.8,1024.5,1503.0,900.0,,,,,278,128.6886,36.3561
2005-01-19,-0.7,-5.8,3.0,32.0,2244.0,,,,,,,,27.0,48.6,1346.0,2765.0,3.2,13.8,7.7,290.0,290.0,290.0,1428.0,1557.0,10.0,7.1,,,,,,-10.8,-12.6,-0.6,,,,,,,,,,,,,,,2.7,1012.6,1023.0,1019.2,1025.5,28.0,2328.0,,,,,278,128.6886,36.3561
2005-01-20,-3.8,-10.5,0.3,1413.0,2355.0,,,,,,,,32.0,50.6,1644.0,2938.0,3.4,13.1,7.8,270.0,290.0,290.0,1229.0,1449.0,10.1,8.4,,,,,,-13.4,-12.8,-2.7,,,,,,,,,,,,,,,2.2,1017.4,1028.0,1025.2,1032.0,23.0,2345.0,,,,,278,128.6886,36.3561
2005-01-21,-7.2,-15.0,3.0,1555.0,715.0,,,,,,,,23.0,57.8,1639.0,864.0,1.0,6.0,3.9,290.0,270.0,270.0,1435.0,1513.0,10.1,8.6,,,,,,-16.3,-17.2,-3.9,,,,,,,,,,,,,,,1.8,1022.0,1032.7,1030.9,1035.0,1546.0,916.0,,,,,278,128.6886,36.3561
2005-01-22,-3.5,-13.8,5.8,1534.0,731.0,,,,,,,,19.0,48.9,1533.0,346.0,0.4,3.0,1.3,250.0,250.0,360.0,1514.0,1508.0,10.1,6.1,,,,,,-14.8,-15.6,-3.2,,,,,,,,,,,,,,,2.0,1017.8,1028.3,1024.3,1032.7,2359.0,40.0,,,,,278,128.6886,36.3561
2005-01-23,2.6,-2.5,9.5,1438.0,2340.0,,,,,,,,41.0,51.9,1158.0,346.0,0.4,4.6,2.3,360.0,360.0,250.0,1304.0,1309.0,10.2,3.9,,,,,,-6.6,-5.1,1.6,,,,,,,,,,,,,,,3.8,1012.5,1022.8,1020.7,1024.8,1619.0,39.0,,,,,278,128.6886,36.3561
2005-01-24,-1.1,-6.3,6.5,1537.0,2338.0,,,,,,,,37.0,65.0,1309.0,864.0,1.0,7.3,3.9,290.0,270.0,270.0,1505.0,1523.0,10.2,0.8,,,,,,-7.7,-9.0,-1.1,,,,,,,,,,,,,,,3.5,1008.3,1018.7,1015.9,1022.1,1557.0,52.0,,,,,278,128.6886,36.3561
2005-01-25,-2.0,-8.3,3.2,1505.0,529.0,1.5,,,,,,,57.0,79.5,1551.0,173.0,0.2,2.0,1.4,250.0,250.0,290.0,1600.0,1609.0,10.2,0.0,,,,,,-5.4,-10.0,-2.2,,,,,,,,,,3.2,3.2,3.3,2352.0,2352.0,4.3,1006.1,1016.5,1013.4,1019.1,1443.0,748.0,,,,,278,128.6886,36.3561
2005-01-26,-0.1,-2.5,5.4,1545.0,2040.0,0.0,,,,,,,69.0,87.4,1709.0,259.0,0.3,2.9,1.9,180.0,200.0,20.0,1552.0,1556.0,10.2,2.3,,,,,,-2.0,-4.1,-0.1,,,,,,,,,,3.4,0.2,0.2,148.0,148.0,5.4,1008.7,1019.0,1016.2,1021.3,107.0,2309.0,,,,,278,128.6886,36.3561
2005-01-27,-0.7,-6.0,8.3,1529.0,2355.0,,,,,,,,29.0,72.5,1703.0,346.0,0.4,3.4,2.0,250.0,250.0,20.0,1530.0,1539.0,10.3,7.0,,,,,,-5.8,-7.4,0.5,,,,,,,,,,,,,,,4.0,1007.5,1017.9,1015.2,1020.1,1541.0,0.0,,,,,278,128.6886,36.3561
2005-01-28,-1.6,-9.3,10.5,1617.0,648.0,,,,,,,,22.0,63.5,1550.0,432.0,0.5,13.8,2.4,160.0,200.0,360.0,908.0,1454.0,10.3,8.7,,,,,,-9.2,-10.1,-0.5,,,,,,,,,,,,,,,3.1,1005.3,1015.7,1012.3,1018.7,1559.0,240.0,,,,,278,128.6886,36.3561
2005-01-29,-3.0,-8.3,4.3,1508.0,549.0,0.0,,,,,,,37.0,68.1,1734.0,1210.0,1.4,10.6,6.4,270.0,290.0,270.0,1730.0,1525.0,10.3,1.2,,,,,,-8.9,-8.8,-3.7,,,,,,,,,,,,,,,3.3,1002.5,1012.9,1008.5,1018.1,1321.0,2358.0,,,,,278,128.6886,36.3561
2005-01-30,-5.6,-11.0,0.6,1428.0,443.0,,,,,,,,26.0,56.1,1525.0,1728.0,2.0,10.3,5.1,290.0,290.0,290.0,1658.0,1746.0,10.4,7.0,,,,,,-14.7,-12.3,-4.4,,,,,,,,,,,,,,,2.0,1008.7,1019.2,1015.8,1021.5,1428.0,840.0,,,,,278,128.6886,36.3561
2005-01-31,-4.4,-12.6,0.8,1433.0,740.0,0.0,,,,,,,24.0,45.0,1226.0,2851.0,3.3,15.3,8.4,290.0,290.0,270.0,1324.0,1302.0,10.4,8.6,,,,,,-15.9,-14.7,-3.9,,,,,,,,,,0.3,0.3,0.3,2100.0,2100.0,1.9,1003.0,1013.5,1007.8,1019.5,1826.0,159.0,,,,,278,128.6886,36.3561
2005-02-01,-8.0,-11.1,-4.0,1413.0,710.0,,,,,,,,37.0,46.5,1255.0,4147.0,4.8,16.8,8.8,290.0,290.0,290.0,833.0,835.0,10.4,8.0,,,,,,-18.6,-15.1,-5.7,,,,,,,,,,0.2,,,0.0,,1.4,1001.6,1012.2,1009.3,1017.2,832.0,2351.0,,,,,278,128.6886,36.3561
2005-02-02,-7.6,-15.8,-0.8,1359.0,707.0,,,,,,,,41.0,63.1,1635.0,1642.0,1.9,11.5,5.4,290.0,270.0,290.0,1512.0,1455.0,10.4,8.8,,,,,,-14.8,-19.7,-4.7,,,,,,,,,,,,,,,2.0,1009.1,1019.7,1017.1,1022.2,0.0,2338.0,,,,,278,128.6886,36.3561
2005-02-03,-5.2,-13.0,3.7,1551.0,711.0,,,,,,,,26.0,61.1,1646.0,950.0,1.1,7.8,3.9,230.0,270.0,250.0,1423.0,1427.0,10.5,8.8,,,,,,-13.2,-14.2,-2.7,,,,,,,,,,,,,,,2.3,1013.2,1023.8,1021.3,1026.0,1624.0,904.0,,,,,278,128.6886,36.3561
2005-02-04,-0.9,-7.3,6.8,1415.0,0.0,,,,,,,,25.0,50.0,1550.0,864.0,1.0,9.0,4.4,290.0,290.0,290.0,1448.0,1547.0,10.5,8.6,,,,,,-11.2,-9.1,0.3,,,,,,,,,,,,,,,2.6,1012.3,1022.7,1019.9,1024.4,1537.0,0.0,,,,,278,128.6886,36.3561
2005-02-05,-1.2,-7.5,7.0,1438.0,2344.0,,,,,,,,22.0,49.3,1620.0,950.0,1.1,7.3,4.2,270.0,270.0,270.0,1357.0,1401.0,10.5,8.5,,,,,,-11.8,-10.8,0.5,,,,,,,,,,,,,,,2.5,1013.8,1024.2,1021.6,1026.9,1601.0,2256.0,,,,,278,128.6886,36.3561
2005-02-06,-1.9,-10.6,8.8,1558.0,717.0,,,,,,,,32.0,59.8,1651.0,518.0,0.6,3.7,1.8,20.0,360.0,360.0,1401.0,1407.0,10.6,8.0,,,,,,-9.7,-14.1,-0.1,,,,,,,,,,,,,,,3.0,1017.5,1028.0,1025.5,1030.8,1637.0,900.0,,,,,278,128.6886,36.3561
2005-02-07,2.8,-4.5,8.6,1345.0,150.0,0.0,,,,,,,50.0,67.4,1503.0,259.0,0.3,5.4,1.5,360.0,320.0,230.0,1544.0,1503.0,10.6,1.0,,,,,,-2.8,-7.6,0.7,,,,,,,,,,,,,,,5.0,1015.6,1025.9,1023.2,1029.7,1709.0,131.0,,,,,278,128.6886,36.3561
2005-02-08,2.2,-4.5,8.6,1528.0,2355.0,0.5,,,,,,,47.0,74.1,1636.0,778.0,0.9,5.5,3.6,290.0,290.0,290.0,1216.0,1223.0,10.6,2.6,,,,,,-2.0,-7.6,1.4,,,,,,,,,,,,,,,5.4,1014.9,1025.2,1023.0,1028.1,238.0,2209.0,,,,,278,128.6886,36.3561
2005-02-09,-0.8,-7.0,4.0,1237.0,716.0,,,,,,,,50.0,68.4,2358.0,950.0,1.1,7.5,4.8,270.0,270.0,270.0,2321.0,2327.0,10.7,1.6,,,,,,-6.4,-9.3,-1.5,,,,,,,,,,,,,,,3.9,1014.5,1025.0,1022.0,1028.1,1618.0,0.0,,,,,278,128.6886,36.3561
2005-02-10,-2.6,-7.9,3.5,1422.0,756.0,,,,,,,,19.0,44.6,1702.0,2074.0,2.4,10.1,5.4,270.0,290.0,290.0,1246.0,1641.0,10.7,8.2,,,,,,-14.7,-10.0,-1.9,,,,,,,,,,,,,,,2.1,1017.9,1028.5,1025.0,1032.4,0.0,2312.0,,,,,278,128.6886,36.3561
2005-02-11,-5.8,-12.8,1.7,1518.0,443.0,,,,,,,,24.0,48.1,1542.0,1469.0,1.7,9.8,4.5,270.0,270.0,290.0,1512.0,1521.0,10.7,8.9,,,,,,-16.8,-15.0,-1.5,,,,,,,,,,,,,,,1.7,1022.3,1033.0,1030.5,1035.2,1538.0,854.0,,,,,278,128.6886,36.3561
2005-02-12,-6.1,-12.6,2.5,1559.0,301.0,,,,,,,,23.0,51.9,1702.0,605.0,0.7,5.3,2.9,250.0,250.0,360.0,1628.0,1630.0,10.8,3.4,,,,,,-16.1,-15.8,-3.1,,,,,,,,,,,,,,,1.8,1020.7,1031.4,1028.9,1034.5,1750.0,906.0,,,,,278,128.6886,36.3561
2005-02-13,-4.8,-14.6,5.6,1519.0,708.0,,,,,,,,20.0,52.1,1702.0,1123.0,1.3,9.8,5.3,290.0,290.0,360.0,1526.0,1554.0,10.8,9.3,,,,,,-15.5,-16.2,-2.0,,,,,,,,,,,,,,,1.9,1020.6,1031.2,1028.1,1034.5,1449.0,2312.0,,,,,278,128.6886,36.3561
2005-02-14,-1.7,-10.1,5.6,1536.0,706.0,,,,,,,,26.0,51.4,1322.0,432.0,0.5,3.5,2.4,250.0,230.0,230.0,1529.0,1618.0,10.8,4.2,,,,,,-11.7,-10.9,-1.7,,,,,,,,,,,,,,,2.5,1019.1,1029.6,1026.8,1034.3,1742.0,0.0,,,,,278,128.6886,36.3561
2005-02-15,3.5,-3.0,9.6,1225.0,242.0,5.0,,,,,,,32.0,60.4,1213.0,1037.0,1.2,10.5,4.7,140.0,110.0,70.0,1327.0,1325.0,10.9,0.0,,,,,,-3.8,-4.0,-0.1,,,,,,,,,,,,,,,4.9,1012.3,1022.5,1016.4,1027.7,2339.0,102.0,,,,,278,128.6886,36.3561
2005-02-16,4.4,2.5,7.0,1333.0,2358.0,6.5,,,,,,,65.0,78.4,1555.0,1296.0,1.5,5.8,3.6,70.0,70.0,70.0,422.0,440.0,10.9,0.0,,,,,,1.2,-0.6,1.4,,,,,,,,,,,,,,,6.7,1006.2,1016.4,1013.9,1021.1,631.0,2325.0,,,,,278,128.6886,36.3561
2005-02-17,4.8,0.2,10.8,1340.0,726.0,,,,,,,,42.0,68.0,1507.0,1210.0,1.4,8.5,4.6,90.0,70.0,90.0,1639.0,1750.0,11.0,5.7,,,,,,-0.8,-1.6,1.8,,,,,,,,,,,,,,,5.8,1014.4,1024.5,1020.1,1028.0,23.0,2039.0,,,,,278,128.6886,36.3561
2005-02-18,2.6,0.5,4.3,937.0,2309.0,2.0,,,,,,,53.0,72.9,937.0,1555.0,1.8,7.6,4.0,70.0,70.0,90.0,846.0,750.0,11.0,0.1,,,,,,-1.7,-1.4,-0.2,,,,,,,,,,,,,,,5.4,1014.4,1024.6,1021.8,1027.6,2356.0,15.0,,,,,278,128.6886,36.3561
2005-02-19,0.0,-5.9,4.5,1203.0,2358.0,,,,,,,,31.0,63.5,1748.0,2246.0,2.6,13.3,7.2,290.0,290.0,290.0,1751.0,1747.0,11.0,2.1,,,,,,-6.8,-6.4,0.6,,,,,,,,,,,,,,,4.2,1009.2,1019.6,1016.7,1022.8,1430.0,2354.0,,,,,278,128.6886,36.3561
2005-02-20,-5.1,-9.0,0.3,1551.0,642.0,,,,,,,,28.0,46.3,1321.0,2851.0,3.3,12.8,6.5,270.0,290.0,290.0,1327.0,1412.0,11.1,7.9,,,,,,-15.9,-9.5,-2.2,,,,,,,,,,,,,,,1.8,1014.3,1024.9,1022.0,1027.5,1550.0,839.0,,,,,278,128.6886,36.3561
2005-02-21,-5.7,-11.3,0.5,1458.0,614.0,,,,,,,,24.0,49.5,1441.0,1901.0,2.2,11.1,5.9,290.0,290.0,270.0,1426.0,1433.0,11.1,9.7,,,,,,-16.3,-13.3,-1.4,,,,,,,,,,,,,,,1.8,1016.2,1026.8,1024.9,1028.7,1551.0,854.0,,,,,278,128.6886,36.3561
2005-02-22,-1.4,-12.6,7.5,1545.0,447.0,,,,,,,,33.0,59.4,1422.0,1469.0,1.7,10.8,5.9,270.0,290.0,360.0,1531.0,2158.0,11.1,1.8,,,,,,-9.2,-14.9,-1.7,,,,,,,,,,,,,,,3.4,1008.6,1019.0,1011.1,1027.4,1951.0,0.0,,,,,278,128.6886,36.3561
2005-02-23,1.6,-4.4,6.6,1419.0,2331.0,,,,,,,,30.0,46.1,1458.0,2160.0,2.5,12.3,5.4,290.0,270.0,270.0,48.0,56.0,11.2,7.9,,,,,,-9.1,-7.6,0.6,,,,,,,,,,,,,,,3.1,1007.9,1018.2,1012.7,1020.8,0.0,2158.0,,,,,278,128.6886,36.3561
2005-02-24,-0.6,-5.5,6.3,1524.0,233.0,,,,,,,,40.0,56.9,1201.0,432.0,0.5,3.2,1.8,200.0,290.0,230.0,1617.0,1206.0,11.2,2.3,,,,,,-8.6,-8.0,-0.5,,,,,,,,,,,,,,,3.2,1004.8,1015.2,1011.9,1019.5,1519.0,59.0,,,,,278,128.6886,36.3561
2005-02-25,-2.2,-7.5,3.2,1414.0,653.0,,,,,,,,21.0,41.5,1316.0,2246.0,2.6,12.3,6.4,290.0,290.0,290.0,1219.0,1314.0,11.3,9.7,,,,,,-14.8,-11.1,0.1,,,,,,,,,,,,,,,2.0,1010.0,1020.5,1015.5,1025.4,0.0,2353.0,,,,,278,128.6886,36.3561
2005-02-26,-4.5,-12.8,2.7,1409.0,702.0,,,,,,,,19.0,45.9,1659.0,1642.0,1.9,11.3,5.2,360.0,290.0,270.0,1344.0,1548.0,11.3,9.9,,,,,,-16.3,-16.2,-0.6,,,,,,,,,,,,,,,1.8,1016.0,1026.6,1024.6,1028.8,1439.0,2315.0,,,,,278,128.6886,36.3561
2005-02-27,-3.5,-12.8,6.0,1606.0,655.0,,,,,,,,18.0,50.4,1642.0,1123.0,1.3,9.3,5.3,290.0,290.0,360.0,1635.0,1642.0,11.3,8.3,,,,,,-14.6,-17.2,-0.9,,,,,,,,,,,,,,,2.0,1016.3,1026.9,1023.4,1030.6,1534.0,422.0,,,,,278,128.6886,36.3561
2005-02-28,-0.8,-9.6,7.9,1558.0,649.0,,,,,,,,25.0,50.3,1456.0,1296.0,1.5,8.5,4.9,290.0,320.0,290.0,1335.0,1543.0,11.4,9.3,,,,,,-11.3,-10.8,0.7,,,,,,,,,,,,,,,2.6,1014.3,1024.7,1021.5,1026.9,1554.0,811.0,,,,,278,128.6886,36.3561
2005-03-01,-1.7,-10.6,7.5,1514.0,649.0,,,,,,,,19.0,51.8,1547.0,1037.0,1.2,8.6,5.2,290.0,290.0,270.0,1600.0,1626.0,11.4,9.7,,,,,,-12.3,-14.0,1.0,,,,,,,,,,,,,,,2.5,1016.6,1027.1,1024.9,1029.2,1511.0,822.0,,,,,278,128.6886,36.3561
2005-03-02,-0.7,-5.0,4.1,1550.0,0.0,0.0,,,,,,,50.0,65.6,913.0,432.0,0.5,4.3,2.5,360.0,50.0,180.0,1020.0,1030.0,11.4,0.7,,,,,,-6.6,-8.8,-0.8,,,,,,,,,,,,,,,3.8,1017.7,1028.2,1026.2,1029.5,1622.0,2339.0,,,,,278,128.6886,36.3561
2005-03-03,-2.4,-9.5,6.0,1546.0,659.0,,,,,,,,25.0,58.6,1614.0,1123.0,1.3,8.5,4.7,360.0,290.0,320.0,1604.0,1454.0,11.5,9.1,,,,,,-11.2,-15.8,0.8,,,,,,,,,,,,,,,2.6,1016.2,1026.7,1023.4,1029.3,1610.0,0.0,,,,,278,128.6886,36.3561
2005-03-04,-1.4,-11.1,6.4,1453.0,631.0,,,,,,,,29.0,56.6,1518.0,1123.0,1.3,10.1,4.8,360.0,20.0,360.0,1205.0,1200.0,11.5,6.1,,,,,,-10.0,-14.9,0.5,,,,,,,,,,,,,,,3.0,1013.5,1024.0,1021.4,1026.7,1438.0,0.0,,,,,278,128.6886,36.3561
2005-03-05,-1.3,-8.5,4.6,1247.0,642.0,2.0,,,,,,,46.0,73.0,1331.0,864.0,1.0,6.5,4.3,70.0,70.0,90.0,1643.0,1651.0,11.5,3.7,,,,,,-6.1,-11.6,0.3,,,,,,,,,,4.2,4.2,4.2,2352.0,2352.0,4.0,1013.0,1023.5,1020.9,1025.0,1506.0,828.0,,,,,278,128.6886,36.3561
2005-03-06,-1.0,-8.3,8.8,1622.0,422.0,0.5,,,,,,,25.0,67.4,1638.0,950.0,1.1,9.3,5.5,250.0,270.0,270.0,1652.0,1634.0,11.6,9.3,,,,,,-7.7,-8.8,2.3,,,,,,,,,,4.6,0.5,0.5,24.0,24.0,3.5,1016.1,1026.6,1023.7,1029.6,1609.0,829.0,,,,,278,128.6886,36.3561
2005-03-07,2.8,-7.9,14.6,1501.0,610.0,,,,,,,,27.0,57.8,1616.0,1382.0,1.6,11.6,5.8,290.0,290.0,250.0,1710.0,1530.0,11.6,9.6,,,,,,-6.0,-11.1,2.4,,,,,,,,,,,,,,,4.0,1012.8,1023.1,1019.2,1026.7,1619.0,0.0,,,,,278,128.6886,36.3561
2005-03-08,6.5,-2.5,15.6,1335.0,324.0,,,,,,,,21.0,54.6,1635.0,1296.0,1.5,8.3,4.7,320.0,320.0,320.0,1444.0,1447.0,11.7,8.8,,,,,,-2.8,-4.0,4.0,,,,,,,,,,,,,,,5.0,1011.2,1021.3,1017.9,1023.2,1701.0,447.0,,,,,278,128.6886,36.3561
2005-03-09,6.2,-3.9,17.3,1551.0,650.0,,,,,,,,31.0,60.1,1144.0,691.0,0.8,6.0,3.5,250.0,250.0,250.0,1704.0,1708.0,11.7,7.9,,,,,,-2.0,-7.6,4.8,,,,,,,,,,,,,,,5.4,1010.0,1020.1,1015.5,1024.6,1658.0,752.0,,,,,278,128.6886,36.3561
2005-03-10,10.9,1.2,20.3,1357.0,616.0,,,,,,,,40.0,64.3,1352.0,691.0,0.8,8.6,4.3,250.0,270.0,230.0,1309.0,1259.0,11.7,5.3,,,,,,4.1,-0.8,8.4,,,,,,,,,,,,,,,8.3,1002.2,1012.0,1007.9,1017.3,1557.0,0.0,,,,,278,128.6886,36.3561
2005-03-11,4.6,-2.5,10.8,232.0,2342.0,10.5,,,,,,,46.0,67.0,1812.0,2333.0,2.7,12.8,6.9,290.0,320.0,290.0,2058.0,1918.0,11.8,1.9,,,,,,-1.1,-3.2,5.1,,,,,,,,,,,,,,,6.2,1001.9,1012.0,1009.7,1016.8,435.0,2355.0,,,,,278,128.6886,36.3561
2005-03-12,-2.1,-5.4,2.2,1407.0,710.0,,,,,,,,30.0,41.6,1309.0,3024.0,3.5,11.6,6.6,270.0,290.0,290.0,1438.0,1239.0,11.8,10.2,,,,,,-13.9,-6.5,1.3,,,,,,,,,,,,,,,2.1,1008.7,1019.1,1016.6,1021.4,15.0,2251.0,,,,,278,128.6886,36.3561
2005-03-13,-1.4,-8.8,4.4,1350.0,545.0,,,,,,,,23.0,41.0,1619.0,2765.0,3.2,12.8,6.7,290.0,270.0,290.0,1504.0,1512.0,11.9,10.3,,,,,,-13.9,-10.8,0.6,,,,,,,,,,,,,,,2.1,1008.5,1018.9,1015.6,1021.4,1558.0,1.0,,,,,278,128.6886,36.3561
2005-03-14,0.8,-8.3,10.0,1650.0,641.0,,,,,,,,20.0,49.4,1630.0,1296.0,1.5,8.5,5.0,360.0,290.0,290.0,1129.0,1344.0,11.9,10.6,,,,,,-10.3,-10.8,2.9,,,,,,,,,,,,,,,2.8,1010.1,1020.5,1018.3,1022.1,1600.0,940.0,,,,,278,128.6886,36.3561
2005-03-15,3.7,-3.2,11.6,1401.0,117.0,0.0,,,,,,,29.0,59.4,1237.0,1123.0,1.3,8.3,4.7,290.0,290.0,230.0,1659.0,1532.0,11.9,4.9,,,,,,-4.2,-4.1,4.0,,,,,,,,,,,,,,,4.7,1011.5,1021.7,1019.2,1023.4,1441.0,2339.0,,,,,278,128.6886,36.3561
2005-03-16,7.0,1.3,15.0,1618.0,546.0,0.5,,,,,,,31.0,65.3,1649.0,691.0,0.8,4.5,2.5,230.0,230.0,230.0,1506.0,1503.0,12.0,7.0,,,,,,0.3,0.1,7.9,,,,,,,,,,,,,,,6.3,1012.3,1022.3,1017.9,1027.5,2350.0,923.0,,,,,278,128.6886,36.3561
2005-03-17,7.6,4.5,11.8,1510.0,807.0,14.5,,,,,,,48.0,69.4,1526.0,1555.0,1.8,10.5,5.5,320.0,290.0,290.0,1524.0,1516.0,12.0,1.4,,,,,,2.3,3.6,6.7,,,,,,,,,,,,,,,7.2,1002.2,1012.1,1010.2,1017.9,1418.0,0.0,,,,,278,128.6886,36.3561
2005-03-18,5.5,-1.2,10.8,1456.0,2347.0,0.0,,,,,,,27.0,47.4,1609.0,2765.0,3.2,11.3,6.2,270.0,290.0,290.0,1114.0,1123.0,12.1,10.2,,,,,,-5.2,-2.5,6.3,,,,,,,,,,,,,,,4.2,1010.6,1020.8,1012.7,1026.7,3.0,2356.0,,,,,278,128.6886,36.3561
2005-03-19,3.9,-5.3,13.0,1619.0,617.0,,,,,,,,20.0,51.1,1618.0,778.0,0.9,5.5,3.5,290.0,290.0,290.0,1608.0,1615.0,12.1,9.7,,,,,,-6.6,-5.9,5.6,,,,,,,,,,,,,,,3.8,1015.7,1026.0,1022.5,1030.1,1814.0,858.0,,,,,278,128.6886,36.3561
2005-03-20,6.3,0.5,13.1,1527.0,2348.0,,,,,,,,26.0,48.6,1328.0,1728.0,2.0,11.8,6.7,290.0,290.0,290.0,1442.0,1443.0,12.1,9.5,,,,,,-4.5,-0.8,6.4,,,,,,,,,,,,,,,4.4,1011.6,1021.7,1017.9,1024.3,1605.0,2309.0,,,,,278,128.6886,36.3561
2005-03-21,7.7,-3.5,17.7,1504.0,610.0,0.0,,,,,,,21.0,55.9,1547.0,950.0,1.1,6.5,3.8,250.0,250.0,20.0,1509.0,1540.0,12.2,7.9,,,,,,-1.9,-4.2,7.0,,,,,,,,,,,,,,,5.4,1009.9,1019.9,1013.8,1026.1,2035.0,511.0,,,,,278,128.6886,36.3561
2005-03-22,7.2,3.5,12.8,1531.0,2349.0,25.0,,,,,,,59.0,77.6,1512.0,950.0,1.1,5.1,2.9,70.0,70.0,20.0,1354.0,1400.0,12.2,3.2,,,,,,3.7,0.4,8.2,,,,,,,,,,,,,,,8.0,1000.1,1010.1,1007.1,1015.1,1438.0,0.0,,,,,278,128.6886,36.3561
2005-03-23,7.0,2.2,12.5,1653.0,2337.0,0.0,,,,,,,38.0,69.8,2155.0,864.0,1.0,6.5,4.1,290.0,290.0,360.0,2128.0,2134.0,12.2,2.4,,,,,,1.8,-0.2,6.9,,,,,,,,,,,,,,,7.1,1002.6,1012.6,1010.3,1014.2,1631.0,745.0,,,,,278,128.6886,36.3561
2005-03-24,2.1,-1.1,5.6,1544.0,217.0,0.5,,,,,,,42.0,64.6,1933.0,2419.0,2.8,12.6,7.4,290.0,290.0,290.0,1208.0,1622.0,12.3,1.4,,,,,,-3.9,-4.1,2.9,,,,,,,,,,,,,,,4.7,1002.5,1012.8,1008.2,1018.6,553.0,2332.0,,,,,278,128.6886,36.3561
2005-03-25,3.7,-2.7,10.1,1537.0,622.0,,,,,,,,26.0,46.4,1300.0,2765.0,3.2,12.8,6.9,270.0,270.0,270.0,1622.0,1348.0,12.3,10.3,,,,,,-7.2,-6.0,3.8,,,,,,,,,,,,,,,3.6,1008.0,1018.2,1014.9,1020.7,1645.0,825.0,,,,,278,128.6886,36.3561
2005-03-26,6.5,-2.9,17.0,1607.0,647.0,,,,,,,,30.0,62.0,1711.0,950.0,1.1,6.5,3.5,290.0,290.0,320.0,1544.0,1110.0,12.4,8.2,,,,,,-1.2,-6.6,5.6,,,,,,,,,,,,,,,5.7,1011.0,1021.1,1018.6,1023.5,1647.0,936.0,,,,,278,128.6886,36.3561
2005-03-27,8.3,-1.7,16.7,1413.0,556.0,0.0,,,,,,,33.0,66.0,1317.0,778.0,0.9,10.6,3.7,270.0,160.0,230.0,1448.0,39.0,12.4,6.0,,,,,,1.6,-2.4,7.7,,,,,,,,,,,,,,,7.1,1007.4,1017.4,1013.3,1022.0,1607.0,521.0,,,,,278,128.6886,36.3561
2005-03-28,11.4,4.3,19.3,1417.0,2346.0,,,,,,,,21.0,54.3,1845.0,2160.0,2.5,11.8,7.1,290.0,290.0,290.0,1858.0,1907.0,12.4,7.4,,,,,,1.2,2.7,10.7,,,,,,,,,,,,,,,7.0,999.7,1009.5,1004.8,1013.7,1531.0,0.0,,,,,278,128.6886,36.3561
2005-03-29,5.1,-3.0,12.5,1518.0,605.0,,,,,,,,21.0,46.6,1457.0,2074.0,2.4,11.1,5.6,270.0,270.0,290.0,1557.0,1600.0,12.5,10.5,,,,,,-6.7,-3.9,5.8,,,,,,,,,,,,,,,3.8,1003.1,1013.2,1010.4,1015.4,1647.0,734.0,,,,,278,128.6886,36.3561
2005-03-30,7.2,-4.4,16.6,1441.0,556.0,,,,,,,,18.0,39.9,1441.0,2333.0,2.7,12.6,6.8,270.0,270.0,270.0,1607.0,1709.0,12.5,10.5,,,,,,-7.5,-13.1,5.7,,,,,,,,,,,,,,,3.5,1003.4,1013.4,1009.7,1016.2,1715.0,801.0,,,,,278,128.6886,36.3561
2005-03-31,8.0,-2.0,18.1,1428.0,615.0,,,,,,,,18.0,46.3,1505.0,1123.0,1.3,11.0,5.0,20.0,290.0,320.0,1253.0,1645.0,12.6,10.1,,,,,,-4.5,-2.9,8.6,,,,,,,,,,,,,,,4.4,1007.1,1017.1,1014.1,1019.7,0.0,2338.0,,,,,278,128.6886,36.3561
2005-04-01,7.8,-1.7,18.2,1504.0,601.0,,,,,,,,17.0,48.0,1402.0,691.0,0.8,6.3,3.6,270.0,290.0,360.0,1353.0,1400.0,12.6,4.4,,,,,,-4.2,-4.5,7.9,,,,,,,,,,,,,,,4.5,1009.4,1019.5,1017.0,1021.8,1634.0,740.0,,,,,278,128.6886,36.3561
2005-04-02,11.2,1.7,20.8,1529.0,454.0,,,,,,,,15.0,40.8,1958.0,1123.0,1.3,7.4,4.5,290.0,290.0,270.0,1811.0,1732.0,12.6,8.3,,,,,,-4.1,-1.0,10.8,,,,,,,,,,,,,,,4.7,1004.9,1014.8,1010.7,1019.3,1603.0,0.0,,,,,278,128.6886,36.3561
2005-04-03,6.5,-1.3,11.1,1708.0,2342.0,2.0,1.5,0.5,,,957.0,958.0,40.0,57.8,0.0,1210.0,1.4,11.5,7.1,110.0,90.0,70.0,1210.0,913.0,12.7,1.7,,,,,,-1.4,-1.8,8.1,,,,,,,,,,,,,,,5.6,1006.4,1016.5,1013.2,1020.5,429.0,2321.0,,,,,278,128.6886,36.3561
2005-04-04,7.6,-3.7,17.7,1534.0,605.0,,,,,,,,17.0,51.3,1533.0,1642.0,1.9,10.8,5.7,230.0,290.0,290.0,1456.0,1432.0,12.7,10.2,,,,,,-4.0,-4.5,7.8,,,,,,,,,,,,,,,4.6,1009.5,1019.6,1016.7,1022.0,1641.0,828.0,,,,,278,128.6886,36.3561
2005-04-05,11.5,0.0,25.3,1527.0,623.0,,,,,,,,15.0,47.5,1602.0,1037.0,1.2,9.0,4.5,290.0,320.0,320.0,1427.0,1537.0,12.7,10.3,,,,,,-1.4,-0.6,11.6,,,,,,,,,,,,,,,5.5,1007.3,1017.2,1013.3,1020.4,1726.0,806.0,,,,,278,128.6886,36.3561
2005-04-06,11.1,0.1,18.3,1412.0,620.0,0.5,0.5,0.5,,,1755.0,1705.0,53.0,68.1,1150.0,1469.0,1.7,10.5,5.5,200.0,230.0,230.0,1041.0,1049.0,12.8,0.0,,,,,,5.5,-4.3,9.4,,,,,,,,,,,,,,,9.4,1002.1,1011.9,1007.2,1017.0,2348.0,22.0,,,,,278,128.6886,36.3561
2005-04-07,16.4,6.4,26.7,1452.0,519.0,0.0,0.0,0.0,,,,,41.0,67.1,1504.0,1555.0,1.8,12.0,5.9,320.0,290.0,320.0,1530.0,1502.0,12.8,5.6,,,,,,10.0,4.6,15.5,,,,,,,,,,,,,,,12.5,999.0,1008.6,1005.5,1013.4,1530.0,2358.0,,,,,278,128.6886,36.3561
2005-04-08,13.5,4.5,24.5,1501.0,610.0,,,,,,,,23.0,54.1,1355.0,950.0,1.1,8.3,4.5,90.0,90.0,160.0,1644.0,1728.0,12.9,9.2,,,,,,3.5,-0.1,15.6,,,,,,,,,,,,,,,7.9,1007.4,1017.3,1013.3,1021.5,1.0,2324.0,,,,,278,128.6886,36.3561
2005-04-09,10.4,3.5,14.8,1553.0,546.0,0.0,0.0,0.0,,,,,52.0,67.4,1512.0,778.0,0.9,3.7,2.5,20.0,20.0,360.0,1632.0,1816.0,12.9,0.0,,,,,,4.8,2.0,10.2,,,,,,,,,,,,,,,8.6,1006.4,1016.3,1008.2,1021.7,2347.0,19.0,,,,,278,128.6886,36.3561
2005-04-10,12.0,5.9,17.1,442.0,2351.0,25.5,9.5,2.5,,,604.0,544.0,63.0,78.0,2147.0,1123.0,1.3,5.5,3.2,290.0,290.0,250.0,644.0,1043.0,12.9,0.0,,,,,,8.6,3.8,12.1,,,,,,,,,,,,,,,11.4,1000.7,1010.5,1003.9,1018.8,513.0,2331.0,,,,,278,128.6886,36.3561
2005-04-11,8.5,3.5,15.3,1547.0,350.0,,,,,,,,35.0,62.4,1656.0,1210.0,1.4,7.3,4.0,70.0,70.0,90.0,956.0,1133.0,13.0,5.8,,,,,,1.3,1.8,10.2,,,,,,,,,,,,,,,6.7,1008.4,1018.3,1015.5,1020.6,1624.0,750.0,,,,,278,128.6886,36.3561
2005-04-12,9.6,2.7,17.5,1518.0,356.0,,,,,,,,40.0,62.5,1450.0,605.0,0.7,6.0,3.0,20.0,270.0,270.0,1312.0,1719.0,13.0,5.0,,,,,,2.6,0.3,10.3,,,,,,,,,,,,,,,7.4,1004.3,1014.2,1010.7,1018.1,1644.0,0.0,,,,,278,128.6886,36.3561
2005-04-13,10.1,2.2,18.3,1500.0,2351.0,,,,,,,,25.0,53.8,1625.0,1382.0,1.6,9.1,4.5,270.0,270.0,270.0,1433.0,1550.0,13.0,8.1,,,,,,0.4,-2.5,10.8,,,,,,,,,,,,,,,6.3,1004.7,1014.6,1012.6,1018.7,1515.0,2350.0,,,,,278,128.6886,36.3561
2005-04-14,11.2,-1.1,20.8,1536.0,618.0,,,,,,,,17.0,45.3,1457.0,1814.0,2.1,11.3,5.7,290.0,290.0,290.0,1417.0,1350.0,13.1,9.9,,,,,,-2.3,-4.0,10.0,,,,,,,,,,,,,,,5.3,1007.7,1017.6,1013.4,1020.7,1608.0,351.0,,,,,278,128.6886,36.3561
2005-04-15,10.1,3.0,18.6,1536.0,548.0,,,,,,,,16.0,46.1,1447.0,1555.0,1.8,10.3,4.7,270.0,270.0,270.0,1656.0,1702.0,13.1,11.1,,,,,,-2.7,-0.2,11.5,,,,,,,,,,,,,,,5.2,1011.0,1021.0,1017.7,1022.9,1640.0,837.0,,,,,278,128.6886,36.3561
2005-04-16,9.9,-1.8,21.7,1528.0,600.0,,,,,,,,12.0,38.4,1904.0,1469.0,1.7,10.5,5.4,270.0,290.0,270.0,1609.0,1553.0,13.2,11.2,,,,,,-6.7,-2.6,10.5,,,,,,,,,,,,,,,3.8,1011.2,1021.2,1018.0,1023.5,1602.0,621.0,,,,,278,128.6886,36.3561
2005-04-17,12.7,-0.1,24.0,1513.0,528.0,,,,,,,,18.0,44.1,1521.0,778.0,0.9,7.0,3.1,290.0,340.0,20.0,1118.0,1546.0,13.2,8.3,,,,,,-0.7,-1.0,11.7,,,,,,,,,,,,,,,6.0,1011.7,1021.6,1018.6,1023.8,1755.0,802.0,,,,,278,128.6886,36.3561
2005-04-18,15.5,8.1,24.3,1421.0,212.0,0.0,0.0,0.0,,0.0,,,25.0,52.5,1311.0,864.0,1.0,13.1,6.7,290.0,320.0,360.0,1839.0,1846.0,13.2,4.7,,,,,,4.8,6.4,16.0,,,,,,,,,,,,,,,8.7,1013.7,1023.5,1020.9,1025.9,1613.0,2359.0,,,,,278,128.6886,36.3561
2005-04-19,15.4,6.0,24.1,1340.0,549.0,9.5,5.0,1.5,,17.5,2056.0,2032.0,17.0,57.6,1733.0,778.0,0.9,5.9,3.6,200.0,200.0,200.0,2248.0,2253.0,13.3,4.4,,,,,,5.5,3.6,14.7,,,,,,,,,,,,,,,9.3,1010.2,1020.0,1010.1,1026.5,2354.0,445.0,,,,,278,128.6886,36.3561
2005-04-20,13.0,4.8,17.6,1410.0,2400.0,8.0,3.5,1.5,,,317.0,232.0,21.0,46.9,1321.0,2765.0,3.2,16.0,8.0,250.0,270.0,270.0,1308.0,1401.0,13.3,9.8,,,,,,0.8,2.1,13.4,,,,,,,,,,,,,,,7.0,999.2,1008.9,1006.8,1011.0,305.0,2133.0,,,,,278,128.6886,36.3561
2005-04-21,11.1,2.5,17.6,1405.0,609.0,,,,,,,,22.0,41.4,1557.0,2419.0,2.8,16.2,7.4,290.0,270.0,290.0,1558.0,1600.0,13.3,8.8,,,,,,-2.5,-0.1,11.0,,,,,,,,,,,,,,,5.2,998.2,1008.0,1004.7,1011.3,1514.0,2355.0,,,,,278,128.6886,36.3561
2005-04-22,11.7,1.7,20.0,1507.0,534.0,,,,,,,,16.0,35.4,1436.0,2678.0,3.1,15.3,7.9,290.0,290.0,290.0,1154.0,1120.0,13.4,11.0,,,,,,-4.5,-2.6,11.4,,,,,,,,,,,,,,,4.4,1004.2,1014.0,1011.2,1018.3,0.0,2356.0,,,,,278,128.6886,36.3561
2005-04-23,10.1,-0.4,20.5,1628.0,558.0,,,,,,,,23.0,50.9,1519.0,950.0,1.1,6.8,3.5,110.0,90.0,50.0,1436.0,1143.0,13.4,11.5,,,,,,-0.6,-3.5,13.3,,,,,,,,,,,,,,,5.9,1009.5,1019.4,1016.7,1022.1,1544.0,2357.0,,,,,278,128.6886,36.3561
2005-04-24,12.6,1.7,22.3,1433.0,504.0,,,,,,,,23.0,52.8,1331.0,1037.0,1.2,7.5,4.2,200.0,200.0,200.0,1333.0,1336.0,13.4,8.1,,,,,,2.2,-1.8,14.5,,,,,,,,,,,,,,,7.2,1007.8,1017.7,1013.3,1022.4,1806.0,537.0,,,,,278,128.6886,36.3561
2005-04-25,13.7,7.3,22.2,1438.0,306.0,0.0,0.0,0.0,,,,,26.0,50.9,1445.0,1296.0,1.5,9.3,4.9,320.0,290.0,20.0,1632.0,1527.0,13.5,8.5,,,,,,2.8,4.8,15.7,,,,,,,,,,,,,,,7.5,1003.0,1012.7,1009.4,1016.1,1704.0,128.0,,,,,278,128.6886,36.3561
2005-04-26,13.8,4.1,23.5,1558.0,545.0,,,,,,,,19.0,47.8,1542.0,1296.0,1.5,9.8,4.5,270.0,270.0,270.0,1446.0,1453.0,13.5,11.5,,,,,,1.4,1.1,16.6,,,,,,,,,,,,,,,6.8,1002.1,1011.8,1008.9,1014.5,1643.0,738.0,,,,,278,128.6886,36.3561
2005-04-27,16.1,3.5,27.6,1513.0,510.0,,,,,,,,16.0,47.4,1534.0,1555.0,1.8,10.3,5.3,230.0,230.0,230.0,1549.0,1555.0,13.5,9.4,,,,,,3.0,0.1,17.0,,,,,,,,,,,,,,,7.7,996.8,1006.5,1002.1,1011.6,1551.0,33.0,,,,,278,128.6886,36.3561
2005-04-28,22.6,10.5,32.9,1422.0,548.0,,,,,,,,17.0,47.5,1539.0,2419.0,2.8,16.3,8.2,270.0,270.0,270.0,1506.0,1509.0,13.6,9.5,,,,,,9.6,8.5,21.1,,,,,,,,,,,,,,,12.1,992.5,1001.8,997.8,1004.8,1516.0,722.0,,,,,278,128.6886,36.3561
2005-04-29,20.7,15.8,27.5,1517.0,250.0,,,,,,,,40.0,60.9,1516.0,778.0,0.9,5.1,2.6,250.0,230.0,230.0,1305.0,1436.0,13.6,3.3,,,,,,12.8,11.3,20.0,,,,,,,,,,,,,,,14.8,996.6,1006.0,1003.5,1007.7,7.0,918.0,,,,,278,128.6886,36.3561
2005-04-30,21.4,13.3,31.2,1411.0,402.0,,,,,,,,38.0,63.1,1335.0,1296.0,1.5,9.3,5.9,230.0,250.0,230.0,1453.0,1502.0,13.6,7.4,,,,,,14.0,10.5,22.8,,,,,,,,,,,,,,,16.1,996.1,1005.5,1003.0,1008.4,1533.0,631.0,,,,,278,128.6886,36.3561
2005-05-01,21.1,17.0,26.2,1209.0,2400.0,,,,,,,,51.0,63.8,1321.0,1037.0,1.2,6.1,4.0,270.0,290.0,250.0,1821.0,1823.0,13.7,2.2,,,,,,14.1,15.9,20.3,,,,,,,,,,,,,,,16.2,992.5,1001.8,999.8,1005.9,1209.0,2359.0,,,,,278,128.6886,36.3561
2005-05-02,18.3,9.0,26.8,1638.0,2352.0,,,,,,,,14.0,42.9,1759.0,1037.0,1.2,7.6,3.7,290.0,290.0,360.0,1721.0,1730.0,13.7,11.0,,,,,,4.2,6.7,22.3,,,,,,,,,,,,,,,8.5,1000.9,1010.4,1005.9,1013.0,0.0,901.0,,,,,278,128.6886,36.3561
2005-05-03,16.4,4.5,28.7,1453.0,539.0,,,,,,,,13.0,43.5,1641.0,950.0,1.1,6.0,3.3,290.0,270.0,20.0,1714.0,1626.0,13.7,11.6,,,,,,1.4,2.1,20.5,,,,,,,,,,,,,,,6.9,1002.0,1011.7,1008.1,1014.6,1733.0,618.0,,,,,278,128.6886,36.3561
2005-05-04,17.6,4.8,29.7,1617.0,544.0,,,,,,,,13.0,39.6,1239.0,778.0,0.9,6.3,2.7,270.0,250.0,20.0,1630.0,1610.0,13.8,10.8,,,,,,1.1,2.1,21.3,,,,,,,,,,,,,,,6.7,1001.3,1010.9,1007.2,1014.4,1700.0,832.0,,,,,278,128.6886,36.3561
2005-05-05,17.0,7.4,25.2,1325.0,534.0,9.5,3.5,1.0,,,1900.0,1902.0,43.0,62.0,1431.0,1037.0,1.2,6.5,3.8,230.0,230.0,200.0,1342.0,1348.0,13.8,4.2,,,,,,9.5,4.8,18.3,,,,,,,,,,,,,,,12.1,996.2,1005.7,1002.2,1010.2,1658.0,318.0,,,,,278,128.6886,36.3561
2005-05-06,14.9,13.6,16.8,1332.0,2336.0,6.0,1.5,0.5,,,109.0,1507.0,74.0,80.1,1307.0,691.0,0.8,4.5,3.0,290.0,290.0,20.0,2203.0,2208.0,13.8,0.0,,,,,,11.7,10.6,15.5,,,,,,,,,,,,,,,13.8,989.6,999.1,997.1,1002.6,1324.0,2355.0,,,,,278,128.6886,36.3561
2005-05-07,13.4,11.6,17.3,1428.0,2240.0,,,,,,,,61.0,70.5,1609.0,1123.0,1.3,5.1,2.6,160.0,180.0,180.0,1639.0,1516.0,13.9,1.0,,,,,,8.4,8.8,16.2,,,,,,,,,,,,,,,11.0,998.9,1008.7,1002.6,1010.7,0.0,2212.0,,,,,278,128.6886,36.3561
2005-05-08,14.8,10.8,20.2,1534.0,439.0,,,,,,,,43.0,64.0,1444.0,1037.0,1.2,8.1,3.3,20.0,360.0,200.0,1901.0,1910.0,13.9,2.3,,,,,,8.0,7.5,16.4,,,,,,,,,,,,,,,10.8,996.1,1005.7,1002.3,1009.5,1653.0,7.0,,,,,278,128.6886,36.3561
2005-05-09,13.1,4.6,20.7,1308.0,529.0,,,,,,,,28.0,50.0,1435.0,1814.0,2.1,10.8,5.7,270.0,290.0,290.0,1441.0,1439.0,13.9,10.1,,,,,,1.8,-0.3,15.0,,,,,,,,,,,,,,,7.0,996.7,1006.4,1003.8,1010.2,1622.0,2400.0,,,,,278,128.6886,36.3561
2005-05-10,12.8,2.2,25.7,1657.0,535.0,,,,,,,,17.0,54.6,1654.0,864.0,1.0,7.4,3.7,290.0,270.0,290.0,1406.0,1412.0,14.0,11.9,,,,,,2.5,-1.3,17.4,,,,,,,,,,,,,,,7.4,1001.8,1011.6,1009.4,1013.6,1757.0,748.0,,,,,278,128.6886,36.3561
2005-05-11,15.2,8.3,23.7,1642.0,519.0,4.5,3.0,1.0,,,2201.0,2157.0,27.0,55.5,1602.0,778.0,0.9,10.1,4.1,360.0,360.0,360.0,2100.0,2102.0,14.0,4.4,,,,,,5.7,5.3,17.4,,,,,,,,,,,,,,,9.2,1000.2,1009.8,1005.6,1013.6,1853.0,148.0,,,,,278,128.6886,36.3561
2005-05-12,14.4,10.3,21.2,1438.0,2346.0,1.0,1.0,0.5,,,43.0,29.0,40.0,68.9,1422.0,950.0,1.1,8.1,4.8,300.0,290.0,70.0,1342.0,1408.0,14.0,4.7,,,,,,8.5,6.8,16.5,,,,,,,,,,,,,,,11.2,999.4,1009.1,1006.4,1013.9,243.0,2358.0,,,,,278,128.6886,36.3561
2005-05-13,14.6,8.1,21.7,1504.0,405.0,,,,,,,,38.0,62.0,1504.0,1037.0,1.2,7.0,3.2,290.0,230.0,200.0,1420.0,1819.0,14.0,7.8,,,,,,7.0,6.1,19.4,,,,,,,,,,,,,,,10.0,1005.1,1014.8,1012.9,1016.5,1543.0,2348.0,,,,,278,128.6886,36.3561
2005-05-14,15.5,6.0,24.7,1553.0,511.0,,,,,,,,33.0,62.1,1756.0,1037.0,1.2,7.0,4.0,270.0,290.0,20.0,1416.0,1740.0,14.1,11.1,,,,,,7.5,3.7,20.0,,,,,,,,,,,,,,,10.5,1004.6,1014.4,1010.8,1017.3,1642.0,347.0,,,,,278,128.6886,36.3561
2005-05-15,15.6,7.3,26.2,1429.0,548.0,,,,,,,,29.0,58.6,1428.0,864.0,1.0,7.3,3.9,140.0,140.0,160.0,1612.0,1624.0,14.1,11.1,,,,,,6.7,4.0,21.2,,,,,,,,,,,,,,,9.9,1007.7,1017.4,1014.8,1020.7,0.0,2212.0,,,,,278,128.6886,36.3561
2005-05-16,16.4,5.5,26.2,1545.0,532.0,,,,,,,,36.0,56.8,1420.0,605.0,0.7,4.1,2.5,200.0,200.0,20.0,1854.0,1858.0,14.1,10.7,,,,,,7.2,5.0,21.2,,,,,,,,,,,,,,,10.3,1008.2,1017.9,1014.5,1020.8,1739.0,109.0,,,,,278,128.6886,36.3561
2005-05-17,18.7,9.5,26.7,1350.0,517.0,8.0,6.0,2.0,,,2234.0,2219.0,24.0,56.8,1341.0,864.0,1.0,10.1,4.4,200.0,200.0,200.0,1648.0,1654.0,14.2,2.9,,,,,,8.9,6.0,19.8,,,,,,,,,,,,,,,11.6,1001.6,1011.2,1004.6,1017.4,2348.0,3.0,,,,,278,128.6886,36.3561
2005-05-18,16.9,12.3,22.3,1040.0,2355.0,12.5,8.5,2.0,,,8.0,0.0,61.0,72.1,1253.0,1987.0,2.3,11.6,7.1,290.0,290.0,270.0,1116.0,1121.0,14.2,1.7,,,,,,11.9,10.5,17.0,,,,,,,,,,,,,,,14.2,994.3,1003.9,998.2,1012.7,651.0,2355.0,,,,,278,128.6886,36.3561
2005-05-19,17.9,8.3,26.3,1522.0,457.0,,,,,,,,26.0,56.1,1449.0,1728.0,2.0,9.3,5.4,270.0,270.0,290.0,1543.0,1552.0,14.2,11.6,,,,,,7.9,4.0,20.0,,,,,,,,,,,,,,,10.7,1003.6,1013.2,1010.5,1014.9,1652.0,730.0,,,,,278,128.6886,36.3561
2005-05-20,16.6,9.0,25.2,1448.0,545.0,,,,,,,,25.0,57.4,1419.0,1123.0,1.3,9.6,4.9,290.0,290.0,20.0,1419.0,1247.0,14.2,9.2,,,,,,7.0,6.8,20.0,,,,,,,,,,,,,,,10.1,1003.7,1013.4,1010.9,1015.2,1724.0,753.0,,,,,278,128.6886,36.3561
2005-05-21,14.8,5.6,21.3,1508.0,514.0,,,,,,,,34.0,60.9,1515.0,518.0,0.6,4.6,1.9,250.0,200.0,200.0,1055.0,1316.0,14.2,2.5,,,,,,6.8,2.4,16.1,,,,,,,,,,,,,,,9.9,1001.6,1011.3,1007.5,1015.2,1824.0,452.0,,,,,278,128.6886,36.3561
2005-05-22,17.4,11.3,23.7,1124.0,311.0,0.0,0.0,0.0,,,,,36.0,56.4,1210.0,864.0,1.0,7.0,3.8,290.0,320.0,270.0,1308.0,1314.0,14.3,4.2,,,,,,8.2,9.1,17.9,,,,,,,,,,,,,,,10.9,996.0,1005.6,1003.4,1009.0,1642.0,0.0,,,,,278,128.6886,36.3561
2005-05-23,16.8,10.1,23.1,1452.0,2353.0,0.0,0.0,0.0,,,,,30.0,53.9,1449.0,1987.0,2.3,11.8,6.8,270.0,290.0,290.0,1508.0,1559.0,14.3,8.8,,,,,,6.8,7.6,20.7,,,,,,,,,,,,,,,9.9,998.7,1008.3,1005.5,1013.2,222.0,2359.0,,,,,278,128.6886,36.3561
2005-05-24,15.0,6.1,24.0,1622.0,502.0,,,,,,,,30.0,59.9,1622.0,1123.0,1.3,7.8,4.3,180.0,270.0,180.0,1646.0,1200.0,14.3,8.2,,,,,,6.9,5.0,17.3,,,,,,,,,,,,,,,10.0,1005.0,1014.7,1012.4,1017.8,1533.0,2321.0,,,,,278,128.6886,36.3561
2005-05-25,18.1,8.8,25.7,1435.0,302.0,,,,,,,,22.0,53.5,1408.0,1123.0,1.3,7.0,3.6,290.0,290.0,90.0,1629.0,1631.0,14.3,10.4,,,,,,7.8,6.5,22.5,,,,,,,,,,,,,,,10.6,1005.6,1015.2,1012.0,1018.2,1723.0,756.0,,,,,278,128.6886,36.3561
2005-05-26,19.9,11.1,29.2,1613.0,503.0,,,,,,,,23.0,50.1,1539.0,1296.0,1.5,7.5,4.2,270.0,270.0,270.0,1738.0,1414.0,14.4,10.7,,,,,,7.9,8.5,23.8,,,,,,,,,,,,,,,10.7,1004.2,1013.7,1010.5,1016.3,1655.0,712.0,,,,,278,128.6886,36.3561
2005-05-27,20.2,10.5,29.5,1444.0,524.0,,,,,,,,14.0,49.9,1601.0,864.0,1.0,6.6,3.3,230.0,270.0,360.0,1427.0,1506.0,14.4,11.4,,,,,,7.7,8.9,24.8,,,,,,,,,,,,,,,10.6,1004.8,1014.3,1011.7,1016.3,1605.0,2345.0,,,,,278,128.6886,36.3561
2005-05-28,18.8,10.0,28.7,1423.0,457.0,,,,,,,,22.0,53.3,1617.0,864.0,1.0,7.6,4.2,160.0,90.0,70.0,1728.0,1635.0,14.4,8.6,,,,,,8.2,7.2,23.2,,,,,,,,,,,,,,,10.9,1008.0,1017.6,1015.5,1020.7,1606.0,2334.0,,,,,278,128.6886,36.3561
2005-05-29,18.0,8.0,29.3,1408.0,513.0,,,,,,,,17.0,45.9,1349.0,950.0,1.1,10.3,4.2,50.0,90.0,70.0,1255.0,1519.0,14.4,12.0,,,,,,4.2,6.6,24.5,,,,,,,,,,,,,,,8.3,1009.6,1019.2,1015.8,1022.2,1630.0,602.0,,,,,278,128.6886,36.3561
2005-05-30,18.4,7.1,29.3,1606.0,444.0,,,,,,,,25.0,55.6,1606.0,778.0,0.9,5.6,2.8,340.0,290.0,360.0,1506.0,1728.0,14.4,10.7,,,,,,8.4,5.6,23.5,,,,,,,,,,,,,,,11.1,1003.6,1013.2,1009.1,1019.1,1751.0,0.0,,,,,278,128.6886,36.3561
2005-05-31,19.9,9.3,30.2,1429.0,530.0,,,,,,,,24.0,57.6,1617.0,1037.0,1.2,10.6,4.0,250.0,250.0,250.0,1315.0,1440.0,14.5,10.7,,,,,,9.9,7.6,25.0,,,,,,,,,,,,,,,12.3,998.0,1007.5,1004.7,1010.5,1755.0,0.0,,,,,278,128.6886,36.3561
2005-06-01,19.5,9.6,27.2,1408.0,517.0,7.5,3.0,1.0,,,2015.0,1947.0,26.0,60.6,1446.0,1296.0,1.5,7.5,4.5,250.0,250.0,250.0,1146.0,1221.0,14.5,4.1,,,,,,10.3,8.6,23.1,,,,,,,,,,,,,,,12.8,995.8,1005.3,1002.8,1007.5,1719.0,618.0,,,,,278,128.6886,36.3561
2005-06-02,18.9,14.6,27.5,1405.0,2353.0,11.0,6.0,4.0,,,1745.0,1724.0,59.0,83.4,1145.0,1210.0,1.4,8.8,5.1,250.0,230.0,250.0,1448.0,1503.0,14.5,5.0,,,,,,15.9,12.4,19.7,,,,,,,,,,,,,,,18.2,992.5,1001.9,998.9,1005.4,1351.0,446.0,,,,,278,128.6886,36.3561
2005-06-03,20.6,14.6,27.6,1508.0,0.0,,,,,,,,51.0,76.3,1548.0,1123.0,1.3,6.8,4.1,250.0,270.0,320.0,1225.0,1655.0,14.5,7.8,,,,,,16.1,12.8,22.4,,,,,,,,,,,,,,,18.4,993.8,1003.2,1001.0,1004.9,1550.0,2340.0,,,,,278,128.6886,36.3561
2005-06-04,17.6,11.8,24.5,1525.0,449.0,0.0,0.0,0.0,,,,,64.0,79.5,1638.0,691.0,0.8,5.5,3.4,90.0,90.0,50.0,1752.0,1759.0,14.5,2.4,,,,,,14.1,10.1,20.5,,,,,,,,,,,,,,,16.2,998.4,1008.0,1004.6,1011.8,106.0,2347.0,,,,,278,128.6886,36.3561
2005-06-05,18.5,9.6,28.2,1600.0,456.0,,,,,,,,47.0,73.9,1607.0,864.0,1.0,8.3,3.5,50.0,50.0,360.0,1241.0,1244.0,14.5,9.7,,,,,,13.4,7.8,24.3,,,,,,,,,,,,,,,15.7,1003.1,1012.7,1010.4,1014.4,1610.0,752.0,,,,,278,128.6886,36.3561
2005-06-06,20.4,10.1,29.0,1543.0,449.0,,,,,,,,53.0,70.3,1512.0,778.0,0.9,4.5,2.8,270.0,270.0,250.0,1330.0,1335.0,14.5,7.6,,,,,,14.7,7.3,24.6,,,,,,,,,,,,,,,17.1,1004.0,1013.5,1011.3,1015.2,1651.0,218.0,,,,,278,128.6886,36.3561
2005-06-07,21.7,14.8,28.7,1435.0,358.0,,,,,,,,55.0,70.6,1537.0,778.0,0.9,4.3,2.9,90.0,90.0,250.0,1238.0,1243.0,14.6,3.4,,,,,,16.2,11.9,24.4,,,,,,,,,,,,,,,18.6,1004.1,1013.6,1011.3,1015.3,1811.0,855.0,,,,,278,128.6886,36.3561
2005-06-08,22.8,16.2,30.7,1551.0,433.0,,,,,,,,45.0,68.4,1443.0,864.0,1.0,6.4,3.3,290.0,270.0,360.0,1417.0,1307.0,14.6,9.5,,,,,,16.4,11.8,28.1,,,,,,,,,,,,,,,18.8,1003.4,1012.9,1010.2,1015.2,1726.0,633.0,,,,,278,128.6886,36.3561
2005-06-09,23.8,15.5,30.8,1411.0,523.0,,,,,,,,48.0,67.0,1800.0,778.0,0.9,5.3,3.0,230.0,270.0,270.0,1248.0,1631.0,14.6,7.1,,,,,,17.0,12.7,27.7,,,,,,,,,,,,,,,19.7,999.2,1008.6,1005.2,1012.7,1828.0,508.0,,,,,278,128.6886,36.3561
2005-06-10,17.5,16.2,21.7,0.0,2036.0,61.0,8.5,2.0,,,1427.0,1418.0,71.0,86.3,21.0,518.0,0.6,3.5,2.1,20.0,20.0,70.0,1347.0,1355.0,14.6,0.0,,,,,,15.3,15.1,18.8,,,,,,,,,,,,,,,17.5,992.3,1001.8,997.4,1006.2,2350.0,0.0,,,,,278,128.6886,36.3561
2005-06-11,21.7,16.5,29.6,1637.0,0.0,0.5,0.5,0.5,,,57.0,7.0,51.0,76.8,1549.0,950.0,1.1,6.5,3.6,290.0,250.0,290.0,1652.0,1501.0,14.6,6.9,,,,,,17.3,14.8,24.3,,,,,,,,,,,,,,,20.0,990.0,999.3,996.6,1002.6,312.0,2338.0,,,,,278,128.6886,36.3561
2005-06-12,21.5,15.1,29.1,1553.0,515.0,,,,,,,,52.0,73.9,1747.0,1123.0,1.3,6.6,3.5,250.0,250.0,250.0,1614.0,1252.0,14.6,10.0,,,,,,16.5,13.3,24.5,,,,,,,,,,,,,,,19.0,994.1,1003.5,1001.9,1006.3,1708.0,2355.0,,,,,278,128.6886,36.3561
2005-06-13,22.1,13.5,30.7,1503.0,540.0,,,,,,,,52.0,73.5,1502.0,605.0,0.7,4.3,2.4,20.0,250.0,270.0,1523.0,1530.0,14.6,9.6,,,,,,16.9,11.5,24.9,,,,,,,,,,,,,,,19.7,998.0,1007.4,1005.3,1009.2,1645.0,2343.0,,,,,278,128.6886,36.3561
2005-06-14,22.1,15.5,29.6,1421.0,2356.0,,,,,,,,41.0,68.1,1725.0,1123.0,1.3,7.8,3.5,200.0,110.0,200.0,1523.0,1700.0,14.6,10.7,,,,,,15.6,14.1,25.7,,,,,,,,,,,,,,,17.9,998.3,1007.7,1005.4,1009.3,1820.0,538.0,,,,,278,128.6886,36.3561
2005-06-15,20.3,13.1,27.1,1331.0,501.0,,,,,,,,60.0,72.9,1331.0,864.0,1.0,4.8,3.0,230.0,230.0,200.0,1523.0,1525.0,14.6,6.2,,,,,,15.3,11.1,23.6,,,,,,,,,,,,,,,17.6,997.6,1007.1,1004.6,1008.8,1653.0,802.0,,,,,278,128.6886,36.3561
2005-06-16,22.0,17.6,27.7,1602.0,521.0,0.0,0.0,0.0,,,,,52.0,70.0,1623.0,864.0,1.0,5.4,2.5,290.0,200.0,290.0,1332.0,1849.0,14.6,8.0,,,,,,16.3,16.5,26.4,,,,,,,,,,,,,,,18.7,999.2,1008.6,1006.3,1010.3,1706.0,805.0,,,,,278,128.6886,36.3561
2005-06-17,22.0,17.0,28.8,1504.0,514.0,,,,,,,,55.0,72.9,1437.0,950.0,1.1,5.0,2.9,290.0,270.0,290.0,1627.0,1412.0,14.6,7.3,,,,,,16.9,16.1,27.5,,,,,,,,,,,,,,,19.4,998.3,1007.7,1005.0,1009.9,1803.0,721.0,,,,,278,128.6886,36.3561
2005-06-18,22.6,16.2,29.6,1448.0,431.0,0.0,0.0,0.0,,,,,53.0,73.9,1333.0,691.0,0.8,4.4,2.3,200.0,250.0,20.0,1444.0,1005.0,14.6,6.8,,,,,,17.6,15.1,26.8,,,,,,,,,,,,,,,20.4,996.2,1005.6,1003.0,1007.7,1658.0,431.0,,,,,278,128.6886,36.3561
2005-06-19,22.3,18.3,28.2,1523.0,2355.0,0.0,0.0,0.0,,,,,58.0,75.5,1357.0,518.0,0.6,6.0,3.0,360.0,360.0,20.0,1554.0,1624.0,14.7,1.1,,,,,,17.8,17.3,24.9,,,,,,,,,,,,,,,20.6,994.3,1003.7,1001.9,1005.0,1634.0,0.0,,,,,278,128.6886,36.3561
2005-06-20,23.4,16.6,30.8,1620.0,329.0,,,,,,,,55.0,73.6,1443.0,691.0,0.8,4.6,2.9,290.0,250.0,250.0,1248.0,1252.0,14.7,7.7,,,,,,18.2,15.3,27.7,,,,,,,,,,,,,,,21.3,994.6,1003.9,1001.4,1005.9,1649.0,752.0,,,,,278,128.6886,36.3561
2005-06-21,24.1,17.0,31.7,1514.0,519.0,,,,,,,,54.0,71.6,1400.0,691.0,0.8,5.3,2.9,290.0,270.0,320.0,1440.0,1519.0,14.7,8.7,,,,,,18.6,15.7,29.2,,,,,,,,,,,,,,,21.7,994.2,1003.5,1001.0,1005.3,1648.0,606.0,,,,,278,128.6886,36.3561
2005-06-22,24.9,16.8,32.7,1542.0,523.0,,,,,,,,46.0,68.0,1652.0,1123.0,1.3,6.9,3.5,290.0,270.0,270.0,1337.0,1339.0,14.6,9.7,,,,,,18.4,15.2,30.0,,,,,,,,,,,,,,,21.4,994.5,1003.8,1001.8,1005.3,1652.0,2310.0,,,,,278,128.6886,36.3561
2005-06-23,24.8,17.2,32.5,1411.0,455.0,,,,,,,,50.0,69.0,1505.0,1037.0,1.2,7.0,3.5,290.0,270.0,270.0,1630.0,1711.0,14.6,9.4,,,,,,18.5,15.7,30.4,,,,,,,,,,,,,,,21.6,995.8,1005.1,1003.0,1007.0,1652.0,636.0,,,,,278,128.6886,36.3561
2005-06-24,26.0,17.2,35.2,1616.0,528.0,,,,,,,,44.0,68.3,1721.0,864.0,1.0,4.6,3.1,230.0,270.0,270.0,1451.0,1722.0,14.6,10.5,,,,,,19.4,16.7,31.7,,,,,,,,,,,,,,,23.0,996.1,1005.3,1002.6,1007.2,1626.0,738.0,,,,,278,128.6886,36.3561
2005-06-25,27.2,18.7,34.9,1526.0,530.0,,,,,0.5,,,47.0,65.0,1605.0,864.0,1.0,6.0,2.8,290.0,290.0,250.0,1319.0,1344.0,14.6,8.5,,,,,,19.7,18.3,31.7,,,,,,,,,,,,,,,23.3,996.8,1006.0,1003.4,1007.7,1707.0,610.0,,,,,278,128.6886,36.3561
2005-06-26,24.6,19.0,29.7,1253.0,546.0,3.0,2.5,2.5,,4.0,1550.0,1506.0,62.0,75.4,145.0,950.0,1.1,6.8,3.7,230.0,230.0,200.0,2314.0,1415.0,14.6,1.7,,,,,,20.1,17.8,26.3,,,,,,,,,,,,,,,23.8,995.3,1004.6,1001.9,1008.0,2353.0,820.0,,,,,278,128.6886,36.3561
2005-06-27,26.8,24.2,31.8,1250.0,2357.0,8.0,5.0,3.0,,22.5,1906.0,1904.0,63.0,73.8,1249.0,1814.0,2.1,10.6,4.9,180.0,200.0,230.0,1243.0,1246.0,14.6,1.0,,,,,,21.8,22.7,25.6,,,,,,,,,,,,,,,26.4,991.2,1000.4,998.7,1002.9,1349.0,2323.0,,,,,278,128.6886,36.3561
2005-06-28,23.6,22.3,25.5,1211.0,634.0,18.5,8.5,2.5,,8.5,154.0,112.0,78.0,82.0,1619.0,173.0,0.2,5.0,2.1,230.0,290.0,180.0,1659.0,207.0,14.6,0.0,,,,,,20.5,21.7,24.5,,,,,,,,,,,,,,,24.3,996.4,1005.7,1002.4,1008.3,134.0,2200.0,,,,,278,128.6886,36.3561
2005-06-29,25.1,21.8,30.3,1627.0,425.0,6.0,4.0,1.5,,0.0,303.0,256.0,67.0,78.8,1520.0,518.0,0.6,6.1,3.7,230.0,250.0,200.0,1514.0,1549.0,14.6,0.8,,,,,,21.2,20.7,25.0,,,,,,,,,,,,,,,25.6,998.0,1007.3,1005.3,1008.7,1630.0,2326.0,,,,,278,128.6886,36.3561
2005-06-30,25.8,20.7,32.7,1349.0,521.0,,,,,15.5,,,56.0,73.5,1349.0,864.0,1.0,7.8,4.1,270.0,230.0,230.0,1801.0,1807.0,14.6,7.8,,,,,,20.6,19.7,27.1,,,,,,,,,,,,,,,24.7,999.2,1008.4,1006.7,1010.6,1635.0,737.0,,,,,278,128.6886,36.3561
2005-07-01,21.5,19.3,24.3,920.0,1220.0,47.5,26.0,12.0,,32.5,1144.0,1056.0,77.0,80.8,1500.0,518.0,0.6,12.1,5.4,340.0,70.0,200.0,1143.0,1212.0,14.6,0.0,,,,,,18.2,19.0,23.3,,,,,,,,,,,,,,,21.1,996.4,1005.8,1004.3,1010.0,1815.0,1147.0,,,,,278,128.6886,36.3561
2005-07-02,23.7,20.7,26.7,1502.0,117.0,0.5,0.5,0.5,,3.0,449.0,359.0,74.0,81.5,1518.0,432.0,0.5,3.7,2.1,270.0,230.0,200.0,917.0,1005.0,14.6,0.1,,,,,,20.5,20.1,24.9,,,,,,,,,,,,,,,24.3,993.5,1002.8,1001.5,1004.9,1617.0,0.0,,,,,278,128.6886,36.3561
2005-07-03,21.9,20.5,23.2,2.0,1115.0,21.0,5.0,3.0,,19.0,1051.0,1009.0,76.0,83.6,928.0,173.0,0.2,4.8,2.1,20.0,20.0,90.0,1719.0,1725.0,14.6,0.0,,,,,,19.2,20.0,22.6,,,,,,,,,,,,,,,22.4,990.8,1000.2,996.7,1003.9,1837.0,646.0,,,,,278,128.6886,36.3561
2005-07-04,24.0,21.0,29.2,1533.0,0.0,1.0,2.0,1.0,,,-2355.0,-2335.0,62.0,77.3,1552.0,1037.0,1.2,8.0,4.3,320.0,290.0,290.0,1241.0,1435.0,14.6,4.5,,,,,,19.8,20.5,25.9,,,,,,,,,,,,,,,23.3,989.1,998.3,995.9,1000.9,309.0,2304.0,,,,,278,128.6886,36.3561
2005-07-05,23.1,20.0,29.1,1455.0,452.0,,,,,,,,64.0,78.0,1455.0,518.0,0.6,6.5,3.1,250.0,270.0,200.0,1446.0,1512.0,14.6,1.7,,,,,,19.1,16.8,24.8,,,,,,,,,,,,,,,22.4,991.0,1000.3,998.9,1001.3,1610.0,1056.0,,,,,278,128.6886,36.3561
2005-07-06,23.7,17.5,31.1,1616.0,425.0,,,,,,,,55.0,74.3,1541.0,778.0,0.9,6.8,3.1,270.0,250.0,70.0,1119.0,1150.0,14.6,7.9,,,,,,18.8,14.6,26.0,,,,,,,,,,,,,,,22.0,992.6,1001.9,1000.4,1005.0,1429.0,2350.0,,,,,278,128.6886,36.3561
2005-07-07,21.4,19.2,25.1,1301.0,304.0,3.0,3.0,2.5,,3.0,1908.0,1826.0,70.0,78.8,1345.0,691.0,0.8,3.7,2.7,90.0,90.0,70.0,1552.0,1600.0,14.5,0.0,,,,,,17.7,14.8,22.0,,,,,,,,,,,,,,,20.4,998.8,1008.2,1004.8,1010.7,115.0,2304.0,,,,,278,128.6886,36.3561
2005-07-08,22.8,18.2,28.5,1424.0,549.0,2.0,1.5,0.5,,6.5,2214.0,2251.0,65.0,76.5,1404.0,778.0,0.9,5.5,3.2,180.0,200.0,230.0,1518.0,1522.0,14.5,2.5,,,,,,18.6,15.0,24.3,,,,,,,,,,,,,,,21.6,999.1,1008.5,1006.0,1011.1,2358.0,731.0,,,,,278,128.6886,36.3561
2005-07-09,22.1,20.7,23.7,1058.0,543.0,11.0,3.5,1.0,,6.5,803.0,1155.0,80.0,82.8,305.0,432.0,0.5,4.1,1.8,140.0,180.0,200.0,1247.0,2350.0,14.5,0.0,,,,,,19.1,18.8,22.6,,,,,,,,,,,,,,,22.3,991.9,1001.2,997.6,1006.0,1531.0,0.0,,,,,278,128.6886,36.3561
2005-07-10,23.2,20.2,27.8,1228.0,2222.0,1.0,0.5,0.5,,38.0,1923.0,1833.0,67.0,79.1,1224.0,605.0,0.7,4.5,2.7,230.0,230.0,200.0,1644.0,1647.0,14.5,1.1,,,,,,19.5,18.6,24.8,,,,,,,,,,,,,,,23.0,996.9,1006.3,1002.9,1008.9,0.0,2259.0,,,,,278,128.6886,36.3561
2005-07-11,18.5,17.7,20.3,5.0,932.0,75.5,15.0,4.0,,40.5,822.0,812.0,79.0,83.5,46.0,605.0,0.7,4.3,2.2,290.0,90.0,90.0,703.0,1102.0,14.5,0.0,,,,,,15.9,16.2,19.4,,,,,,,,,,,,,,,18.1,995.6,1005.1,1002.1,1008.5,1704.0,0.0,,,,,278,128.6886,36.3561
2005-07-12,21.7,18.0,26.8,1702.0,338.0,2.0,1.5,0.5,,0.0,-2355.0,-2330.0,63.0,77.4,1741.0,518.0,0.6,5.3,1.9,290.0,270.0,270.0,1354.0,1709.0,14.5,2.3,,,,,,17.6,15.0,23.5,,,,,,,,,,,,,,,20.3,999.4,1008.8,1005.4,1010.6,0.0,2322.0,,,,,278,128.6886,36.3561
2005-07-13,23.2,19.0,29.2,1538.0,25.0,0.0,0.0,0.0,,,,,63.0,77.4,1547.0,691.0,0.8,5.0,3.0,250.0,200.0,340.0,1311.0,2016.0,14.4,2.8,,,,,,19.0,18.2,24.4,,,,,,,,,,,,,,,22.3,1001.0,1010.4,1008.9,1013.1,443.0,2345.0,,,,,278,128.6886,36.3561
2005-07-14,25.2,20.7,31.6,1537.0,521.0,,,,,,,,58.0,74.4,1713.0,605.0,0.7,3.7,2.3,180.0,230.0,290.0,1241.0,1118.0,14.4,8.5,,,,,,20.2,18.3,27.6,,,,,,,,,,,,,,,24.0,1004.6,1013.9,1012.1,1015.5,1606.0,803.0,,,,,278,128.6886,36.3561
2005-07-15,25.6,19.3,32.2,1637.0,432.0,,,,,,,,56.0,75.1,1632.0,778.0,0.9,4.5,2.8,320.0,250.0,70.0,1625.0,1629.0,14.4,7.3,,,,,,20.9,18.3,28.8,,,,,,,,,,,,,,,25.1,1005.5,1014.8,1013.0,1016.3,1733.0,727.0,,,,,278,128.6886,36.3561
2005-07-16,26.4,21.7,31.7,1435.0,530.0,0.0,0.0,0.0,,1.5,,,60.0,75.0,1611.0,691.0,0.8,4.9,2.9,250.0,250.0,320.0,1232.0,1234.0,14.4,3.0,,,,,,21.6,20.2,28.7,,,,,,,,,,,,,,,26.2,1005.9,1015.2,1012.9,1017.0,1653.0,747.0,,,,,278,128.6886,36.3561
2005-07-17,25.8,22.1,31.7,1421.0,2359.0,1.5,1.0,0.5,,0.0,301.0,447.0,59.0,76.5,1537.0,691.0,0.8,5.3,3.2,290.0,270.0,250.0,1524.0,1320.0,14.4,4.1,,,,,,21.3,20.6,27.5,,,,,,,,,,,,,,,25.7,1004.6,1013.9,1011.9,1015.1,1659.0,53.0,,,,,278,128.6886,36.3561
2005-07-18,26.3,21.6,32.5,1511.0,520.0,,,,,,,,57.0,72.8,1555.0,1037.0,1.2,6.4,3.5,270.0,290.0,290.0,1441.0,1445.0,14.4,6.4,,,,,,21.0,20.1,30.1,,,,,,,,,,,,,,,25.1,1003.7,1013.0,1011.0,1014.6,1757.0,748.0,,,,,278,128.6886,36.3561
2005-07-19,26.7,19.7,33.5,1506.0,544.0,,,,,,,,58.0,72.9,1514.0,605.0,0.7,4.4,2.4,290.0,270.0,20.0,1421.0,1619.0,14.3,8.9,,,,,,21.3,17.7,31.5,,,,,,,,,,,,,,,25.9,1001.4,1010.7,1008.3,1012.9,1724.0,7.0,,,,,278,128.6886,36.3561
2005-07-20,27.2,21.2,34.0,1536.0,454.0,,,,,,,,59.0,74.1,1537.0,864.0,1.0,5.0,2.8,290.0,250.0,70.0,1241.0,1650.0,14.3,7.2,,,,,,22.1,19.7,31.5,,,,,,,,,,,,,,,27.1,998.2,1007.4,1005.0,1010.4,1713.0,2.0,,,,,278,128.6886,36.3561
2005-07-21,27.7,20.6,35.0,1558.0,536.0,,,,,,,,53.0,71.8,1636.0,778.0,0.9,5.3,2.5,250.0,250.0,290.0,1411.0,1419.0,14.3,9.0,,,,,,22.0,20.2,32.8,,,,,,,,,,,,,,,26.9,998.1,1007.4,1005.4,1009.1,1719.0,2353.0,,,,,278,128.6886,36.3561
2005-07-22,28.5,22.7,35.4,1625.0,430.0,,,,,,,,55.0,71.8,1526.0,691.0,0.8,4.0,2.3,290.0,270.0,70.0,1521.0,1526.0,14.3,6.0,,,,,,22.7,19.8,32.5,,,,,,,,,,,,,,,28.1,999.5,1008.7,1006.6,1010.4,1549.0,815.0,,,,,278,128.6886,36.3561
2005-07-23,27.1,21.7,33.5,1545.0,549.0,,,,,,,,57.0,71.0,1613.0,950.0,1.1,4.5,2.9,160.0,90.0,90.0,2112.0,2004.0,14.2,6.7,,,,,,21.4,20.6,33.0,,,,,,,,,,,,,,,25.9,1000.0,1009.2,1007.2,1010.9,1702.0,757.0,,,,,278,128.6886,36.3561
2005-07-24,25.7,20.8,31.1,1445.0,532.0,,,,,,,,62.0,73.6,1651.0,778.0,0.9,4.6,3.2,70.0,90.0,70.0,1603.0,1605.0,14.2,2.2,,,,,,20.6,19.3,29.6,,,,,,,,,,,,,,,24.7,999.5,1008.8,1007.0,1010.5,1704.0,701.0,,,,,278,128.6886,36.3561
2005-07-25,25.6,19.7,32.9,1535.0,425.0,,,,,,,,56.0,70.8,1533.0,691.0,0.8,4.5,2.4,360.0,200.0,50.0,1234.0,1800.0,14.2,4.6,,,,,,19.9,19.2,31.5,,,,,,,,,,,,,,,23.6,997.1,1006.4,1003.9,1008.7,1617.0,812.0,,,,,278,128.6886,36.3561
2005-07-26,25.7,20.8,32.0,1557.0,326.0,0.0,0.0,0.0,,,,,59.0,71.4,1557.0,864.0,1.0,6.5,3.6,90.0,90.0,290.0,1910.0,1910.0,14.2,4.6,,,,,,20.2,20.0,31.7,,,,,,,,,,,,,,,24.1,994.2,1003.4,1000.5,1005.4,1724.0,15.0,,,,,278,128.6886,36.3561
2005-07-27,26.5,22.3,32.5,1525.0,500.0,,,,,,,,58.0,71.6,1418.0,778.0,0.9,4.6,2.5,20.0,290.0,70.0,1113.0,1332.0,14.1,3.3,,,,,,21.0,21.3,31.7,,,,,,,,,,,,,,,25.1,995.4,1004.7,1003.3,1006.4,1658.0,721.0,,,,,278,128.6886,36.3561
2005-07-28,24.4,21.7,29.1,1304.0,524.0,14.5,5.5,3.0,,,1634.0,1604.0,64.0,77.4,1046.0,864.0,1.0,7.9,3.9,230.0,250.0,200.0,1117.0,1022.0,14.1,0.6,,,,,,20.3,21.2,26.2,,,,,,,,,,,,,,,24.0,992.4,1001.7,999.9,1003.9,1748.0,0.0,,,,,278,128.6886,36.3561
2005-07-29,26.2,21.7,32.0,1509.0,540.0,3.0,2.0,1.0,,,132.0,106.0,52.0,72.1,1439.0,1037.0,1.2,6.5,3.7,250.0,270.0,200.0,1345.0,1350.0,14.1,7.7,,,,,,20.7,20.8,28.6,,,,,,,,,,,,,,,24.7,994.6,1003.8,1000.9,1006.0,2.0,2356.0,,,,,278,128.6886,36.3561
2005-07-30,25.7,20.6,31.7,1516.0,448.0,0.0,0.0,0.0,,,,,55.0,73.0,1628.0,864.0,1.0,5.5,2.9,230.0,250.0,230.0,1430.0,1435.0,14.1,7.3,,,,,,20.4,19.5,28.6,,,,,,,,,,,,,,,24.3,997.6,1006.8,1005.2,1007.9,1651.0,719.0,,,,,278,128.6886,36.3561
2005-07-31,26.6,21.2,33.2,1435.0,458.0,0.0,0.0,0.0,,,,,51.0,71.4,1745.0,691.0,0.8,4.4,2.7,250.0,250.0,340.0,1726.0,1728.0,14.0,7.3,,,,,,20.8,20.7,30.6,,,,,,,,,,,,,,,24.9,997.3,1006.6,1004.3,1008.3,1657.0,743.0,,,,,278,128.6886,36.3561
2005-08-01,25.2,22.3,30.1,1517.0,341.0,10.5,7.0,2.0,,,747.0,719.0,68.0,77.5,1515.0,605.0,0.7,5.5,3.1,250.0,230.0,230.0,1531.0,1527.0,14.0,0.4,,,,,,21.1,21.7,25.8,,,,,,,,,,,,,,,25.3,993.5,1002.8,1001.5,1006.3,1559.0,0.0,,,,,278,128.6886,36.3561
2005-08-02,25.7,23.5,30.3,1053.0,613.0,15.0,6.0,2.0,,,1500.0,1903.0,67.0,79.5,1210.0,691.0,0.8,5.0,2.9,230.0,230.0,270.0,1501.0,1502.0,14.0,2.2,,,,,,21.9,21.8,27.2,,,,,,,,,,,,,,,26.6,994.3,1003.5,1002.5,1004.2,1826.0,807.0,,,,,278,128.6886,36.3561
2005-08-03,25.1,22.5,30.0,1329.0,2400.0,117.0,30.0,12.0,,,848.0,801.0,69.0,79.9,1428.0,691.0,0.8,5.0,2.8,250.0,250.0,230.0,1345.0,1422.0,13.9,0.7,,,,,,21.5,21.6,25.8,,,,,,,,,,,,,,,25.9,995.7,1005.0,1002.5,1007.4,356.0,2223.0,,,,,278,128.6886,36.3561
2005-08-04,27.6,21.7,34.0,1525.0,322.0,,,,,,,,56.0,72.9,1440.0,950.0,1.1,7.0,3.6,200.0,250.0,70.0,1207.0,1159.0,13.9,8.0,,,,,,22.2,19.7,29.2,,,,,,,,,,,,,,,27.3,999.9,1009.2,1007.3,1011.8,13.0,2346.0,,,,,278,128.6886,36.3561
2005-08-05,27.0,21.1,34.7,1440.0,541.0,,,,,,,,52.0,72.5,1346.0,778.0,0.9,5.9,2.6,140.0,140.0,20.0,1105.0,1342.0,13.9,10.8,,,,,,21.4,20.1,29.8,,,,,,,,,,,,,,,26.0,1001.8,1011.0,1009.0,1012.3,1604.0,706.0,,,,,278,128.6886,36.3561
2005-08-06,26.3,20.3,34.2,1356.0,537.0,0.0,0.0,0.0,,,,,57.0,74.0,1319.0,518.0,0.6,6.0,2.7,160.0,180.0,360.0,1501.0,1508.0,13.9,5.4,,,,,,21.3,19.8,29.0,,,,,,,,,,,,,,,25.8,1001.1,1010.4,1007.5,1012.0,1628.0,0.0,,,,,278,128.6886,36.3561
2005-08-07,26.2,23.2,31.1,1301.0,439.0,0.0,0.0,0.0,,,,,59.0,74.8,1400.0,605.0,0.7,6.0,3.5,270.0,250.0,230.0,1357.0,1400.0,13.8,0.4,,,,,,21.4,21.7,28.0,,,,,,,,,,,,,,,25.7,1001.2,1010.5,1009.0,1011.7,1713.0,936.0,,,,,278,128.6886,36.3561
2005-08-08,25.6,22.1,30.1,1640.0,350.0,3.5,3.5,2.0,,,743.0,658.0,66.0,75.5,1658.0,605.0,0.7,5.4,2.3,200.0,180.0,200.0,1718.0,1723.0,13.8,0.8,,,,,,21.0,21.8,26.6,,,,,,,,,,,,,,,25.1,1001.4,1010.7,1008.7,1012.8,1654.0,743.0,,,,,278,128.6886,36.3561
2005-08-09,26.4,22.6,31.2,1659.0,2344.0,5.5,3.0,2.5,,,1405.0,1319.0,66.0,76.5,1138.0,950.0,1.1,7.3,4.1,200.0,200.0,200.0,1004.0,1005.0,13.8,4.9,,,,,,21.9,21.2,29.1,,,,,,,,,,,,,,,26.7,999.0,1008.2,1006.5,1009.9,1623.0,2309.0,,,,,278,128.6886,36.3561
2005-08-10,24.2,21.7,30.3,1242.0,330.0,21.5,11.0,7.0,,,1649.0,1616.0,67.0,79.8,1136.0,432.0,0.5,6.0,2.7,360.0,360.0,320.0,1642.0,1643.0,13.7,0.9,,,,,,20.6,20.7,25.5,,,,,,,,,,,,,,,24.5,999.7,1009.1,1008.2,1010.1,1619.0,722.0,,,,,278,128.6886,36.3561
2005-08-11,25.2,22.6,28.8,1323.0,458.0,11.0,7.0,6.5,,,2007.0,1917.0,72.0,79.5,1217.0,432.0,0.5,5.0,2.8,230.0,230.0,230.0,2014.0,1513.0,13.7,0.3,,,,,,21.5,21.3,26.0,,,,,,,,,,,,,,,25.9,999.7,1009.0,1008.1,1010.6,235.0,2338.0,,,,,278,128.6886,36.3561
2005-08-12,26.8,23.3,32.4,1506.0,2342.0,,,,,,,,62.0,75.4,1437.0,778.0,0.9,5.3,2.9,290.0,290.0,320.0,1447.0,1113.0,13.7,5.4,,,,,,22.0,22.2,29.0,,,,,,,,,,,,,,,26.9,1002.4,1011.6,1010.3,1013.5,1526.0,2350.0,,,,,278,128.6886,36.3561
2005-08-13,26.9,21.6,32.5,1339.0,603.0,,,,,,,,60.0,73.3,1348.0,1037.0,1.2,7.0,4.1,290.0,290.0,290.0,1347.0,1223.0,13.6,5.3,,,,,,21.6,20.1,27.9,,,,,,,,,,,,,,,26.3,1003.3,1012.6,1011.0,1014.2,1753.0,710.0,,,,,278,128.6886,36.3561
2005-08-14,26.8,22.2,33.0,1550.0,617.0,,,,,,,,59.0,72.8,1402.0,1210.0,1.4,9.6,4.3,340.0,290.0,290.0,1411.0,1656.0,13.6,6.9,,,,,,21.4,20.7,28.7,,,,,,,,,,,,,,,25.9,1001.0,1010.3,1007.9,1012.7,1651.0,617.0,,,,,278,128.6886,36.3561
2005-08-15,24.8,21.0,31.8,1458.0,2339.0,11.0,11.0,6.0,,,1638.0,1621.0,63.0,76.4,1615.0,950.0,1.1,13.8,6.6,70.0,70.0,70.0,1629.0,1637.0,13.6,1.3,,,,,,20.4,20.3,28.1,,,,,,,,,,,,,,,24.4,999.0,1008.3,1005.8,1009.8,1612.0,741.0,,,,,278,128.6886,36.3561
2005-08-16,26.3,20.2,33.0,1535.0,449.0,,,,,,,,62.0,76.1,1612.0,518.0,0.6,3.5,2.0,290.0,270.0,70.0,1309.0,1314.0,13.5,7.1,,,,,,21.8,19.2,28.9,,,,,,,,,,,,,,,26.6,998.0,1007.2,1005.3,1008.8,1621.0,121.0,,,,,278,128.6886,36.3561
2005-08-17,26.0,21.8,32.9,1434.0,2357.0,,,,,,,,60.0,74.3,1731.0,518.0,0.6,4.1,2.3,70.0,90.0,140.0,1437.0,1558.0,13.5,3.3,,,,,,21.1,20.7,27.4,,,,,,,,,,,,,,,25.4,999.0,1008.2,1006.2,1010.6,1549.0,2219.0,,,,,278,128.6886,36.3561
2005-08-18,24.6,21.0,32.0,1450.0,254.0,3.0,2.5,2.0,,,1553.0,1521.0,62.0,75.6,1433.0,691.0,0.8,5.8,3.4,270.0,270.0,180.0,1547.0,1550.0,13.5,3.7,,,,,,20.0,20.1,27.2,,,,,,,,,,,,,,,23.8,999.3,1008.7,1006.2,1010.5,1451.0,0.0,,,,,278,128.6886,36.3561
2005-08-19,23.3,20.2,27.7,1406.0,2333.0,38.0,20.5,13.0,,,1627.0,1618.0,71.0,78.8,1325.0,605.0,0.7,8.0,3.5,160.0,360.0,180.0,1613.0,1440.0,13.4,0.0,,,,,,19.5,19.7,25.7,,,,,,,,,,,,,,,23.0,998.3,1007.6,1005.7,1009.3,1502.0,16.0,,,,,278,128.6886,36.3561
2005-08-20,21.6,19.2,24.5,1132.0,608.0,17.5,5.5,1.5,,,451.0,432.0,72.0,80.0,1050.0,605.0,0.7,5.8,3.1,90.0,90.0,90.0,1041.0,1105.0,13.4,0.1,,,,,,18.2,18.6,24.0,,,,,,,,,,,,,,,21.0,997.0,1006.4,1005.5,1007.9,1449.0,0.0,,,,,278,128.6886,36.3561
2005-08-21,23.8,19.8,29.5,1452.0,544.0,3.0,2.5,1.0,,,449.0,434.0,63.0,74.9,1407.0,691.0,0.8,4.5,2.7,70.0,50.0,50.0,1146.0,1209.0,13.4,4.0,,,,,,19.1,18.9,26.4,,,,,,,,,,,,,,,22.4,998.1,1007.4,1006.1,1009.8,323.0,2332.0,,,,,278,128.6886,36.3561
2005-08-22,20.6,18.7,22.6,1652.0,2358.0,17.0,7.5,2.0,,,831.0,829.0,73.0,79.9,1628.0,518.0,0.6,5.5,2.7,90.0,70.0,50.0,1115.0,1046.0,13.3,0.0,,,,,,17.1,16.6,22.3,,,,,,,,,,,,,,,19.7,1002.9,1012.4,1009.7,1014.7,0.0,2325.0,,,,,278,128.6886,36.3561
2005-08-23,20.5,14.5,27.7,1405.0,2400.0,,,,,,,,47.0,68.4,1423.0,1210.0,1.4,8.3,4.4,160.0,90.0,70.0,1211.0,1515.0,13.3,9.4,,,,,,14.3,12.4,22.7,,,,,,,,,,,,,,,16.5,1005.1,1014.6,1013.1,1015.4,1529.0,554.0,,,,,278,128.6886,36.3561
2005-08-24,19.9,13.8,26.1,1223.0,302.0,6.5,2.5,1.0,,,1945.0,1906.0,57.0,73.3,1152.0,1296.0,1.5,10.6,5.1,90.0,110.0,90.0,1111.0,1150.0,13.3,1.2,,,,,,15.0,12.1,20.5,,,,,,,,,,,,,,,17.3,1001.5,1011.0,1006.9,1014.9,2341.0,0.0,,,,,278,128.6886,36.3561
2005-08-25,22.9,19.6,28.6,1237.0,108.0,5.5,4.5,2.5,,,106.0,30.0,72.0,78.8,1300.0,605.0,0.7,6.5,3.3,250.0,250.0,230.0,810.0,818.0,13.2,0.5,,,,,,19.1,17.8,24.0,,,,,,,,,,,,,,,22.4,995.0,1004.3,1002.4,1006.9,1445.0,0.0,,,,,278,128.6886,36.3561
2005-08-26,21.8,17.2,27.2,1538.0,2333.0,,,,,,,,57.0,70.1,1337.0,1555.0,1.8,8.5,4.8,290.0,290.0,290.0,1105.0,1704.0,13.2,5.3,,,,,,16.2,12.8,24.0,,,,,,,,,,,,,,,18.5,1001.3,1010.7,1006.4,1012.6,42.0,2152.0,,,,,278,128.6886,36.3561
2005-08-27,21.6,15.5,28.8,1435.0,535.0,,,,,,,,60.0,76.1,1334.0,605.0,0.7,5.0,2.8,290.0,270.0,20.0,1506.0,1509.0,13.2,7.9,,,,,,17.2,11.0,24.4,,,,,,,,,,,,,,,20.1,1003.1,1012.5,1010.5,1014.4,1748.0,750.0,,,,,278,128.6886,36.3561
2005-08-28,21.8,17.1,28.6,1335.0,704.0,,,,,,,,54.0,74.4,1259.0,864.0,1.0,7.0,3.8,20.0,290.0,320.0,1408.0,1509.0,13.1,6.0,,,,,,17.0,15.2,25.4,,,,,,,,,,,,,,,19.6,1002.7,1012.2,1010.3,1013.3,1521.0,805.0,,,,,278,128.6886,36.3561
2005-08-29,22.1,16.7,29.5,1504.0,220.0,,,,,,,,58.0,76.1,1633.0,518.0,0.6,3.7,1.9,230.0,270.0,70.0,1450.0,1530.0,13.1,7.4,,,,,,17.7,15.6,25.8,,,,,,,,,,,,,,,20.5,1001.9,1011.3,1008.9,1013.8,1734.0,647.0,,,,,278,128.6886,36.3561
2005-08-30,21.5,17.3,26.2,1535.0,2338.0,0.0,0.0,0.0,,,,,65.0,76.6,1914.0,432.0,0.5,3.2,1.7,250.0,200.0,230.0,1039.0,1110.0,13.0,0.0,,,,,,17.4,15.6,22.7,,,,,,,,,,,,,,,20.1,1000.5,1010.0,1008.7,1011.9,400.0,2346.0,,,,,278,128.6886,36.3561
2005-08-31,22.5,15.3,31.3,1443.0,456.0,,,,,,,,55.0,73.3,1235.0,518.0,0.6,4.0,2.5,250.0,270.0,250.0,1404.0,1615.0,13.0,6.3,,,,,,17.4,13.8,25.3,,,,,,,,,,,,,,,20.3,1002.9,1012.3,1010.3,1013.6,1556.0,2158.0,,,,,278,128.6886,36.3561
2005-09-01,25.3,18.2,33.7,1451.0,541.0,0.5,0.5,0.5,,,1922.0,1832.0,58.0,73.8,1451.0,691.0,0.8,8.6,4.0,180.0,200.0,250.0,1944.0,1948.0,13.0,5.9,,,,,,20.2,17.2,28.5,,,,,,,,,,,,,,,24.2,1004.5,1013.8,1011.9,1015.5,1555.0,2212.0,,,,,278,128.6886,36.3561
2005-09-02,26.0,22.2,31.8,1455.0,159.0,0.0,0.0,0.0,,,,,59.0,74.0,1409.0,778.0,0.9,4.9,3.1,290.0,320.0,290.0,1308.0,1536.0,12.9,4.5,,,,,,20.9,20.3,28.7,,,,,,,,,,,,,,,25.1,1004.9,1014.3,1012.2,1016.1,1609.0,722.0,,,,,278,128.6886,36.3561
2005-09-03,23.5,19.5,29.2,1207.0,2311.0,0.5,0.5,0.5,,,2132.0,2042.0,63.0,74.9,1213.0,864.0,1.0,6.4,3.3,110.0,90.0,50.0,1341.0,1256.0,12.9,1.1,,,,,,18.9,19.1,25.7,,,,,,,,,,,,,,,22.0,1005.0,1014.4,1013.0,1016.6,1250.0,2221.0,,,,,278,128.6886,36.3561
2005-09-04,19.3,15.3,23.0,1535.0,2329.0,10.5,4.0,1.5,,,837.0,806.0,65.0,77.1,1832.0,1037.0,1.2,7.8,4.0,70.0,70.0,70.0,1554.0,1602.0,12.8,0.3,,,,,,15.3,15.1,20.9,,,,,,,,,,,,,,,17.5,1006.6,1016.1,1014.8,1017.5,411.0,931.0,,,,,278,128.6886,36.3561
2005-09-05,20.0,13.3,24.8,1406.0,608.0,0.0,0.0,0.0,,,,,57.0,66.9,1249.0,2419.0,2.8,12.3,5.9,70.0,70.0,70.0,1359.0,1810.0,12.8,4.9,,,,,,13.7,12.1,19.7,,,,,,,,,,,,,,,15.8,1004.5,1014.0,1011.6,1016.9,2354.0,3.0,,,,,278,128.6886,36.3561
2005-09-06,21.0,19.5,22.8,2330.0,1205.0,9.5,2.0,0.5,,,946.0,1020.0,62.0,69.1,2327.0,3629.0,4.2,16.2,7.9,70.0,70.0,70.0,1651.0,647.0,12.8,0.0,,,,,,15.3,17.6,19.0,,,,,,,,,,,,,,,17.5,992.9,1002.3,996.9,1011.7,2345.0,6.0,,,,,278,128.6886,36.3561
2005-09-07,22.9,18.6,27.7,1224.0,518.0,,,,,,,,60.0,70.6,1246.0,778.0,0.9,9.3,3.6,360.0,20.0,90.0,6.0,11.0,12.7,1.2,,,,,,17.4,16.7,23.2,,,,,,,,,,,,,,,20.0,995.6,1005.0,996.7,1011.2,58.0,2258.0,,,,,278,128.6886,36.3561
2005-09-08,22.3,18.1,29.0,1342.0,2341.0,,,,,,,,61.0,74.1,1441.0,518.0,0.6,3.9,2.0,110.0,360.0,90.0,1807.0,1618.0,12.7,5.5,,,,,,17.6,17.2,23.4,,,,,,,,,,,,,,,20.3,1003.8,1013.3,1011.1,1015.5,2.0,2339.0,,,,,278,128.6886,36.3561
2005-09-09,20.8,16.7,25.7,1440.0,147.0,0.0,0.0,0.0,,,,,64.0,76.3,1524.0,605.0,0.7,3.7,2.0,230.0,200.0,70.0,1947.0,1609.0,12.7,0.7,,,,,,16.6,14.3,22.6,,,,,,,,,,,,,,,19.1,1006.3,1015.8,1014.7,1017.0,1539.0,1047.0,,,,,278,128.6886,36.3561
2005-09-10,22.5,19.7,27.3,1654.0,419.0,0.0,0.0,0.0,,,,,69.0,78.1,1714.0,432.0,0.5,3.5,1.7,290.0,320.0,320.0,1433.0,1438.0,12.6,1.3,,,,,,18.6,18.1,23.7,,,,,,,,,,,,,,,21.6,1006.5,1016.0,1014.5,1017.2,1712.0,931.0,,,,,278,128.6886,36.3561
2005-09-11,24.7,20.7,30.8,1510.0,353.0,0.0,0.0,0.0,,,,,64.0,75.0,1241.0,605.0,0.7,4.0,2.7,230.0,250.0,250.0,1357.0,1400.0,12.6,4.6,,,,,,20.0,18.1,26.4,,,,,,,,,,,,,,,23.8,1007.4,1016.8,1014.8,1018.5,1517.0,2301.0,,,,,278,128.6886,36.3561
2005-09-12,25.1,20.2,32.5,1449.0,233.0,,,,,,,,58.0,74.8,1432.0,605.0,0.7,5.3,3.0,250.0,270.0,270.0,1337.0,1253.0,12.6,4.2,,,,,,20.3,18.5,27.4,,,,,,,,,,,,,,,24.2,1007.7,1017.1,1015.2,1018.8,1609.0,1004.0,,,,,278,128.6886,36.3561
2005-09-13,22.5,20.8,27.5,1025.0,554.0,9.0,7.0,2.5,,12.0,1729.0,1722.0,66.0,81.0,1420.0,605.0,0.7,6.3,3.6,160.0,200.0,20.0,1602.0,1146.0,12.5,0.9,,,,,,19.2,19.7,24.2,,,,,,,,,,,,,,,22.5,1002.5,1012.0,1007.2,1016.6,2326.0,0.0,,,,,278,128.6886,36.3561
2005-09-14,20.8,18.0,25.5,1637.0,727.0,3.0,1.5,0.5,,,203.0,422.0,66.0,76.0,1617.0,778.0,0.9,9.0,4.5,20.0,20.0,160.0,439.0,456.0,12.5,2.5,,,,,,16.5,13.2,23.6,,,,,,,,,,,,,,,19.0,1005.1,1014.6,1007.2,1018.5,0.0,2357.0,,,,,278,128.6886,36.3561
2005-09-15,18.6,13.1,25.0,1453.0,2358.0,,,,,,,,59.0,73.9,1352.0,778.0,0.9,4.3,2.6,140.0,90.0,70.0,1743.0,1258.0,12.4,6.6,,,,,,13.9,6.5,21.7,,,,,,,,,,,,,,,16.0,1009.5,1019.2,1017.0,1021.0,1624.0,701.0,,,,,278,128.6886,36.3561
2005-09-16,18.4,11.6,26.5,1440.0,544.0,,,,,,,,58.0,75.8,1335.0,691.0,0.8,5.4,2.4,340.0,250.0,290.0,1329.0,1402.0,12.4,7.8,,,,,,14.1,9.3,21.8,,,,,,,,,,,,,,,16.4,1007.5,1017.1,1014.7,1019.5,1724.0,0.0,,,,,278,128.6886,36.3561
2005-09-17,22.7,15.1,30.2,1443.0,538.0,,,,,0.0,,,61.0,74.4,1310.0,778.0,0.9,7.3,4.4,250.0,270.0,200.0,1144.0,1205.0,12.4,4.5,,,,,,17.9,13.2,24.0,,,,,,,,,,,,,,,21.0,1006.6,1016.1,1014.5,1018.3,1502.0,2142.0,,,,,278,128.6886,36.3561
2005-09-18,22.1,18.7,27.1,1630.0,2335.0,13.0,8.5,2.0,,13.0,1057.0,1050.0,72.0,80.6,1717.0,346.0,0.4,4.0,2.4,270.0,250.0,230.0,1605.0,1613.0,12.3,1.5,,,,,,18.7,18.1,23.7,,,,,,,,,,,,,,,21.8,1009.0,1018.5,1016.9,1020.1,58.0,1131.0,,,,,278,128.6886,36.3561
2005-09-19,19.3,16.3,27.3,1324.0,2354.0,2.0,1.0,1.0,,,1707.0,1617.0,61.0,79.9,1324.0,518.0,0.6,4.4,2.7,320.0,320.0,360.0,1716.0,1345.0,12.3,1.8,,,,,,15.9,15.2,21.6,,,,,,,,,,,,,,,18.2,1008.4,1018.0,1015.4,1020.1,1554.0,941.0,,,,,278,128.6886,36.3561
2005-09-20,20.5,16.0,26.6,1335.0,31.0,0.5,0.5,0.5,,,613.0,523.0,62.0,75.0,1407.0,605.0,0.7,4.0,2.0,360.0,160.0,290.0,1500.0,2205.0,12.3,5.1,,,,,,16.1,14.1,22.4,,,,,,,,,,,,,,,18.5,1006.0,1015.5,1013.5,1017.4,1340.0,2358.0,,,,,278,128.6886,36.3561
2005-09-21,17.3,16.3,19.6,27.0,2113.0,16.5,3.5,1.5,,,1347.0,1257.0,67.0,80.8,27.0,518.0,0.6,5.4,3.1,290.0,340.0,20.0,1501.0,1508.0,12.2,0.0,,,,,,14.2,15.6,18.6,,,,,,,,,,,,,,,16.2,1005.3,1015.0,1012.9,1017.5,1712.0,1.0,,,,,278,128.6886,36.3561
2005-09-22,18.0,16.5,20.1,1240.0,30.0,8.5,3.0,1.0,,,153.0,131.0,76.0,80.9,1300.0,518.0,0.6,5.5,2.2,20.0,360.0,360.0,611.0,1404.0,12.2,0.0,,,,,,14.9,15.6,19.2,,,,,,,,,,,,,,,17.0,1004.5,1014.2,1011.7,1016.6,503.0,2111.0,,,,,278,128.6886,36.3561
2005-09-23,18.6,16.8,22.1,1400.0,2351.0,1.0,0.5,0.5,,,634.0,544.0,70.0,77.6,1500.0,691.0,0.8,5.5,3.4,70.0,70.0,70.0,1531.0,1711.0,12.1,0.4,,,,,,14.8,15.8,20.1,,,,,,,,,,,,,,,16.9,1007.4,1017.0,1015.7,1018.1,1513.0,826.0,,,,,278,128.6886,36.3561
2005-09-24,18.4,13.0,24.0,1528.0,2358.0,,,,,,,,61.0,74.3,1159.0,864.0,1.0,7.0,3.5,70.0,90.0,90.0,1419.0,1612.0,12.1,4.5,,,,,,13.8,10.1,21.4,,,,,,,,,,,,,,,16.0,1007.8,1017.5,1015.8,1018.7,1514.0,2348.0,,,,,278,128.6886,36.3561
2005-09-25,16.8,10.8,24.7,1532.0,713.0,,,,,,,,53.0,74.8,1613.0,778.0,0.9,5.5,2.8,90.0,70.0,50.0,1136.0,1136.0,12.1,7.4,,,,,,12.3,9.1,20.1,,,,,,,,,,,,,,,14.4,1009.1,1018.8,1016.8,1020.0,1547.0,641.0,,,,,278,128.6886,36.3561
2005-09-26,17.8,12.3,25.3,1421.0,2338.0,,,,,,,,53.0,71.8,1538.0,691.0,0.8,5.3,3.1,70.0,90.0,50.0,1552.0,1533.0,12.0,7.3,,,,,,12.6,8.6,20.3,,,,,,,,,,,,,,,14.8,1011.5,1021.2,1019.4,1023.4,1426.0,2246.0,,,,,278,128.6886,36.3561
2005-09-27,15.4,11.1,22.6,1406.0,239.0,,,,,,,,61.0,75.9,1437.0,518.0,0.6,4.1,2.6,90.0,70.0,70.0,1400.0,1432.0,12.0,1.1,,,,,,11.3,5.1,16.8,,,,,,,,,,,,,,,13.6,1013.6,1023.4,1021.7,1025.2,1658.0,946.0,,,,,278,128.6886,36.3561
2005-09-28,15.5,9.8,24.5,1429.0,500.0,,,,,,,,55.0,76.9,1535.0,691.0,0.8,6.8,3.8,90.0,90.0,50.0,1351.0,1506.0,11.9,4.4,,,,,,11.5,7.5,17.6,,,,,,,,,,,,,,,13.8,1012.4,1022.2,1019.9,1024.0,1515.0,910.0,,,,,278,128.6886,36.3561
2005-09-29,16.8,10.3,24.7,1322.0,400.0,0.0,0.0,0.0,,,,,55.0,73.9,1458.0,691.0,0.8,6.9,4.0,90.0,90.0,110.0,1425.0,1418.0,11.9,4.6,,,,,,12.1,8.8,18.4,,,,,,,,,,,,,,,14.3,1010.9,1020.6,1018.4,1023.0,1725.0,739.0,,,,,278,128.6886,36.3561
2005-09-30,17.4,15.1,19.3,1409.0,113.0,10.0,3.5,1.0,,,846.0,841.0,78.0,82.1,0.0,173.0,0.2,2.2,1.1,90.0,70.0,200.0,1.0,10.0,11.9,0.0,,,,,,14.6,14.6,18.2,,,,,,,,,,,,,,,16.7,1007.8,1017.5,1015.5,1019.6,2359.0,959.0,,,,,278,128.6886,36.3561
2005-10-01,21.2,18.3,24.7,1241.0,447.0,1.5,0.5,0.5,,,754.0,704.0,78.0,82.4,1431.0,259.0,0.3,6.4,2.0,360.0,360.0,50.0,1252.0,1252.0,11.8,0.0,,,,,,18.2,17.7,21.7,,,,,,,,,,,,,,,21.1,1004.8,1014.3,1013.0,1015.5,1440.0,0.0,,,,,278,128.6886,36.3561
2005-10-02,20.0,16.7,25.0,1510.0,2357.0,0.5,0.5,0.5,,,2047.0,1957.0,65.0,79.0,1524.0,605.0,0.7,4.8,2.7,250.0,250.0,270.0,1513.0,1523.0,11.8,1.1,,,,,,16.4,16.3,22.0,,,,,,,,,,,,,,,18.8,1006.7,1016.3,1014.4,1018.1,412.0,2341.0,,,,,278,128.6886,36.3561
2005-10-03,18.6,14.1,24.5,1534.0,342.0,0.0,0.0,0.0,,,,,62.0,74.6,1305.0,518.0,0.6,4.1,2.2,20.0,360.0,110.0,2256.0,2300.0,11.7,2.9,,,,,,14.1,12.6,20.4,,,,,,,,,,,,,,,16.3,1008.4,1018.0,1015.8,1020.2,1603.0,849.0,,,,,278,128.6886,36.3561
2005-10-04,13.5,7.6,19.2,1436.0,2349.0,0.5,0.5,0.5,,,28.0,-2338.0,56.0,73.4,1537.0,778.0,0.9,4.4,2.3,250.0,340.0,230.0,1346.0,1404.0,11.7,0.6,,,,,,8.9,6.5,16.5,,,,,,,,,,,,,,,11.5,1009.7,1019.5,1017.8,1021.4,0.0,2300.0,,,,,278,128.6886,36.3561
2005-10-05,12.0,6.6,19.6,1629.0,327.0,,,,,,,,64.0,80.0,1552.0,518.0,0.6,6.0,2.2,90.0,230.0,230.0,2329.0,1447.0,11.7,3.3,,,,,,8.8,5.3,14.4,,,,,,,,,,,,,,,11.5,1010.4,1020.3,1018.4,1021.8,1523.0,825.0,,,,,278,128.6886,36.3561
2005-10-06,14.2,8.6,22.5,1420.0,420.0,,,,,,,,63.0,80.0,1533.0,518.0,0.6,4.8,2.2,70.0,230.0,70.0,1400.0,1408.0,11.6,5.5,,,,,,11.0,6.4,17.2,,,,,,,,,,,,,,,13.4,1010.3,1020.1,1017.7,1022.6,1457.0,815.0,,,,,278,128.6886,36.3561
2005-10-07,14.8,12.1,17.6,1205.0,0.0,2.0,1.5,1.0,,,1359.0,1309.0,74.0,80.8,1159.0,346.0,0.4,3.5,2.0,20.0,20.0,290.0,1316.0,1321.0,11.6,0.0,,,,,,11.7,11.3,15.9,,,,,,,,,,,,,,,13.8,1004.7,1014.4,1012.1,1018.5,1430.0,0.0,,,,,278,128.6886,36.3561
2005-10-08,14.8,10.8,22.1,1529.0,444.0,,,,,,,,60.0,79.1,1601.0,691.0,0.8,5.0,3.0,290.0,290.0,70.0,1456.0,1459.0,11.6,5.1,,,,,,11.3,7.6,17.0,,,,,,,,,,,,,,,13.5,1008.1,1017.9,1014.1,1022.1,23.0,2356.0,,,,,278,128.6886,36.3561
2005-10-09,14.1,9.6,22.1,1409.0,259.0,,,,,,,,54.0,75.8,1314.0,605.0,0.7,4.9,3.4,90.0,70.0,70.0,1410.0,1429.0,11.5,2.5,,,,,,9.9,5.3,15.3,,,,,,,,,,,,,,,12.3,1014.1,1023.9,1022.0,1025.4,0.0,2327.0,,,,,278,128.6886,36.3561
2005-10-10,12.9,6.9,23.0,1334.0,522.0,,,,,,,,52.0,77.0,1422.0,691.0,0.8,8.3,4.2,90.0,90.0,20.0,1509.0,1516.0,11.5,6.0,,,,,,8.9,3.8,15.3,,,,,,,,,,,,,,,11.6,1015.3,1025.2,1023.5,1026.8,1450.0,819.0,,,,,278,128.6886,36.3561
2005-10-11,14.7,9.3,22.3,1405.0,1.0,,,,,,,,55.0,73.6,1459.0,950.0,1.1,6.9,4.2,90.0,90.0,90.0,1511.0,1518.0,11.5,3.1,,,,,,10.1,6.2,16.0,,,,,,,,,,,,,,,12.4,1014.1,1023.9,1022.2,1025.3,1534.0,0.0,,,,,278,128.6886,36.3561
2005-10-12,15.6,9.0,23.8,1404.0,400.0,,,,,,,,54.0,72.4,1406.0,778.0,0.9,6.4,3.7,110.0,90.0,90.0,1719.0,1721.0,11.4,8.3,,,,,,10.6,6.1,17.8,,,,,,,,,,,,,,,12.9,1012.2,1021.9,1019.2,1023.9,1541.0,752.0,,,,,278,128.6886,36.3561
2005-10-13,16.4,12.1,23.6,1334.0,0.0,,,,,,,,54.0,73.3,1429.0,691.0,0.8,6.0,3.0,290.0,320.0,270.0,1308.0,1417.0,11.4,7.5,,,,,,11.7,9.5,19.1,,,,,,,,,,,,,,,13.8,1008.3,1018.0,1015.4,1021.5,1539.0,0.0,,,,,278,128.6886,36.3561
2005-10-14,14.0,5.9,21.0,1451.0,2350.0,,,,,,,,50.0,74.3,1547.0,864.0,1.0,7.5,4.3,290.0,290.0,250.0,1439.0,1650.0,11.3,2.9,,,,,,9.5,4.4,16.2,,,,,,,,,,,,,,,12.1,1006.0,1015.8,1013.9,1017.6,1446.0,2228.0,,,,,278,128.6886,36.3561
2005-10-15,11.0,6.0,20.1,1444.0,39.0,,,,,,,,47.0,71.3,1544.0,778.0,0.9,8.5,4.6,290.0,290.0,320.0,1632.0,1500.0,11.3,6.7,,,,,,5.8,4.9,14.3,,,,,,,,,,,,,,,9.3,1005.6,1015.4,1012.0,1017.4,1517.0,0.0,,,,,278,128.6886,36.3561
2005-10-16,9.7,2.7,20.5,1502.0,552.0,,,,,,,,42.0,74.4,1557.0,518.0,0.6,4.1,2.8,290.0,250.0,200.0,1538.0,1549.0,11.3,8.6,,,,,,5.2,1.2,14.2,,,,,,,,,,,,,,,9.1,1007.4,1017.4,1014.7,1019.3,1441.0,817.0,,,,,278,128.6886,36.3561
2005-10-17,9.9,0.8,22.2,1504.0,637.0,,,,,,,,47.0,75.6,1643.0,432.0,0.5,4.2,2.0,230.0,250.0,250.0,1542.0,1559.0,11.2,9.6,,,,,,5.8,-1.9,13.7,,,,,,,,,,,,,,,9.6,1011.2,1021.2,1018.8,1024.0,0.0,2312.0,,,,,278,128.6886,36.3561
2005-10-18,11.8,3.2,21.7,1438.0,635.0,,,,,,,,55.0,77.6,1604.0,432.0,0.5,6.5,1.9,90.0,250.0,70.0,1300.0,1543.0,11.2,7.8,,,,,,8.0,1.5,14.5,,,,,,,,,,,,,,,11.1,1014.5,1024.4,1021.3,1026.8,1443.0,823.0,,,,,278,128.6886,36.3561
2005-10-19,12.1,7.1,19.0,1428.0,2400.0,0.5,0.5,0.5,,,700.0,610.0,62.0,79.0,1546.0,432.0,0.5,3.7,1.9,90.0,90.0,70.0,1448.0,1235.0,11.1,0.8,,,,,,8.7,5.0,13.4,,,,,,,,,,,,,,,11.4,1017.4,1027.4,1025.4,1028.9,3.0,956.0,,,,,278,128.6886,36.3561
2005-10-20,11.1,5.4,21.2,1400.0,438.0,,,,,,,,53.0,78.5,1650.0,605.0,0.7,8.3,3.2,270.0,290.0,360.0,1206.0,1623.0,11.1,6.2,,,,,,7.6,3.2,14.5,,,,,,,,,,,,,,,10.7,1015.3,1025.3,1022.2,1028.9,2116.0,900.0,,,,,278,128.6886,36.3561
2005-10-21,10.0,5.5,13.5,1451.0,319.0,2.5,2.0,1.0,,,2212.0,2122.0,74.0,82.4,2347.0,346.0,0.4,5.8,3.0,70.0,90.0,90.0,2359.0,2400.0,11.1,0.0,,,,,,7.4,3.4,11.7,,,,,,,,,,,,,,,10.4,1008.4,1018.3,1015.2,1022.7,1711.0,125.0,,,,,278,128.6886,36.3561
2005-10-22,7.1,0.2,13.1,1451.0,2356.0,2.5,1.5,1.0,,,41.0,-2351.0,50.0,72.9,1422.0,1296.0,1.5,11.1,4.2,20.0,360.0,340.0,1428.0,1241.0,11.1,8.3,,,,,,2.6,-6.0,10.9,,,,,,,,,,,,,,,7.5,1009.5,1019.6,1016.8,1021.0,0.0,817.0,,,,,278,128.6886,36.3561
2005-10-23,5.9,-2.0,16.3,1433.0,602.0,,,,,,,,43.0,73.4,1403.0,605.0,0.7,7.5,3.3,250.0,270.0,270.0,1401.0,1409.0,11.0,8.6,,,,,,1.2,-7.1,9.6,,,,,,,,,,,,,,,6.8,1008.9,1019.1,1016.5,1021.6,1504.0,829.0,,,,,278,128.6886,36.3561
2005-10-24,8.1,-0.6,19.1,1434.0,642.0,,,,,,,,53.0,76.3,1442.0,778.0,0.9,8.6,5.4,290.0,290.0,270.0,1448.0,1448.0,11.0,8.3,,,,,,4.1,-3.7,10.1,,,,,,,,,,,,,,,8.5,1009.3,1019.3,1016.6,1021.6,1424.0,2359.0,,,,,278,128.6886,36.3561
2005-10-25,10.2,3.4,18.7,1437.0,301.0,,,,,,,,58.0,79.1,1605.0,346.0,0.4,4.1,2.0,250.0,230.0,270.0,320.0,1348.0,10.9,3.0,,,,,,6.8,1.2,11.5,,,,,,,,,,,,,,,10.1,1014.2,1024.2,1021.6,1026.0,0.0,2216.0,,,,,278,128.6886,36.3561
2005-10-26,11.6,6.8,18.2,1518.0,2353.0,0.0,0.0,0.0,,,,,67.0,80.4,1604.0,346.0,0.4,4.0,2.3,20.0,50.0,250.0,1545.0,1552.0,10.9,1.3,,,,,,8.6,5.3,13.4,,,,,,,,,,,,,,,11.3,1015.7,1025.6,1023.8,1027.0,1539.0,830.0,,,,,278,128.6886,36.3561
2005-10-27,10.1,5.1,20.5,1508.0,2349.0,,,,,,,,47.0,80.1,1539.0,432.0,0.5,4.3,1.8,290.0,250.0,70.0,1312.0,1447.0,10.9,4.4,,,,,,6.9,2.0,13.2,,,,,,,,,,,,,,,10.1,1015.0,1025.1,1022.7,1027.8,1655.0,821.0,,,,,278,128.6886,36.3561
2005-10-28,11.1,4.6,19.2,1419.0,243.0,,,,,,,,59.0,72.5,2012.0,950.0,1.1,9.6,3.5,290.0,290.0,270.0,1723.0,1720.0,10.8,0.3,,,,,,6.5,2.9,11.2,,,,,,,,,,,,,,,9.8,1008.9,1018.8,1015.2,1023.4,1536.0,12.0,,,,,278,128.6886,36.3561
2005-10-29,9.3,4.8,16.3,1332.0,651.0,,,,,,,,50.0,67.0,1351.0,1210.0,1.4,9.6,4.7,320.0,290.0,320.0,141.0,124.0,10.8,4.2,,,,,,3.5,1.3,10.0,,,,,,,,,,,,,,,7.9,1007.4,1017.3,1014.6,1018.8,1441.0,2201.0,,,,,278,128.6886,36.3561
2005-10-30,7.6,1.2,14.8,1228.0,2320.0,,,,,,,,50.0,73.1,1257.0,1037.0,1.2,10.3,5.1,230.0,270.0,290.0,1327.0,1330.0,10.8,5.3,,,,,,3.1,-0.5,9.8,,,,,,,,,,,,,,,7.7,1009.3,1019.4,1017.0,1022.0,1323.0,2232.0,,,,,278,128.6886,36.3561
2005-10-31,6.9,0.5,16.7,1407.0,2348.0,,,,,,,,45.0,72.9,1634.0,778.0,0.9,7.7,3.8,250.0,250.0,270.0,1322.0,1353.0,10.7,7.8,,,,,,2.3,-1.2,9.6,,,,,,,,,,,,,,,7.4,1013.8,1023.9,1022.0,1025.6,0.0,1003.0,,,,,278,128.6886,36.3561
2005-11-01,6.6,-1.8,17.7,1440.0,608.0,,,,,,,,51.0,75.0,1548.0,691.0,0.8,9.5,3.8,290.0,290.0,250.0,1342.0,1330.0,10.7,8.7,,,,,,2.3,-5.3,9.3,,,,,,,,,,,,,,,7.5,1014.9,1025.0,1022.3,1027.3,1658.0,739.0,,,,,278,128.6886,36.3561
2005-11-02,8.3,-0.2,19.1,1525.0,620.0,,,,,,,,49.0,74.3,1612.0,605.0,0.7,7.5,3.0,250.0,250.0,250.0,1522.0,1548.0,10.7,7.4,,,,,,3.9,-1.3,9.7,,,,,,,,,,,,,,,8.3,1013.5,1023.6,1020.4,1026.9,1634.0,839.0,,,,,278,128.6886,36.3561
2005-11-03,11.1,4.5,21.7,1534.0,702.0,0.0,,,,,,,52.0,74.8,1547.0,346.0,0.4,4.1,2.6,290.0,230.0,230.0,1305.0,1253.0,10.6,8.4,,,,,,6.8,1.3,13.1,,,,,,,,,,,,,,,10.1,1011.4,1021.3,1018.9,1023.9,1612.0,815.0,,,,,278,128.6886,36.3561
2005-11-04,12.0,3.0,22.7,1430.0,707.0,,,,,,,,53.0,75.8,1555.0,432.0,0.5,3.5,1.9,170.0,160.0,360.0,1346.0,1352.0,10.6,7.7,,,,,,7.8,0.2,13.3,,,,,,,,,,,,,,,11.0,1009.4,1019.2,1017.2,1021.4,1429.0,842.0,,,,,278,128.6886,36.3561
2005-11-05,14.1,6.0,21.2,1418.0,650.0,0.0,,,,,,,61.0,76.5,1501.0,259.0,0.3,3.7,1.6,140.0,250.0,290.0,1052.0,1309.0,10.6,3.5,,,,,,10.1,2.7,14.0,,,,,,,,,,,,,,,12.7,1005.2,1015.0,1009.3,1019.3,2352.0,740.0,,,,,278,128.6886,36.3561
2005-11-06,15.0,11.8,20.2,1358.0,2121.0,7.5,,,,,,,59.0,75.4,2240.0,1210.0,1.4,9.5,5.4,290.0,290.0,290.0,1537.0,1536.0,10.5,2.6,,,,,,10.8,7.6,15.4,,,,,,,,,,,,,,,13.2,996.7,1006.3,1002.2,1010.8,1223.0,2400.0,,,,,278,128.6886,36.3561
2005-11-07,8.1,1.8,17.1,1447.0,2358.0,,,,,,,,40.0,69.6,1552.0,1123.0,1.3,7.5,4.3,290.0,290.0,20.0,47.0,49.0,10.5,8.5,,,,,,2.7,-2.5,9.7,,,,,,,,,,,,,,,7.5,1004.5,1014.5,1010.8,1015.8,0.0,835.0,,,,,278,128.6886,36.3561
2005-11-08,7.1,0.1,15.0,1418.0,2352.0,0.0,,,,,,,33.0,65.3,1312.0,1382.0,1.6,10.3,6.3,290.0,270.0,70.0,1328.0,1322.0,10.5,9.0,,,,,,0.5,-5.2,8.9,,,,,,,,,,,,,,,6.4,1008.3,1018.4,1014.8,1020.2,11.0,2257.0,,,,,278,128.6886,36.3561
2005-11-09,5.6,-1.7,16.1,1456.0,658.0,,,,,,,,48.0,73.4,1601.0,778.0,0.9,8.0,3.5,70.0,250.0,270.0,58.0,1437.0,10.4,8.1,,,,,,1.0,-5.1,7.5,,,,,,,,,,,,,,,6.7,1009.9,1020.0,1017.8,1022.2,1541.0,821.0,,,,,278,128.6886,36.3561
2005-11-10,7.0,-1.7,19.1,1513.0,558.0,,,,,,,,53.0,76.1,1539.0,346.0,0.4,3.7,1.6,10.0,250.0,290.0,1804.0,1545.0,10.4,7.2,,,,,,3.0,-4.8,8.0,,,,,,,,,,,,,,,8.0,1007.5,1017.6,1014.2,1020.4,1700.0,202.0,,,,,278,128.6886,36.3561
2005-11-11,8.8,4.9,11.3,1524.0,51.0,3.0,,,,,,,78.0,83.8,853.0,432.0,0.5,3.1,1.8,180.0,180.0,90.0,1611.0,1608.0,10.4,0.0,,,,,,6.5,3.0,8.7,,,,,,,,,,,,,,,9.7,1005.8,1015.8,1013.0,1018.1,1609.0,2400.0,,,,,278,128.6886,36.3561
2005-11-12,6.8,0.2,16.3,1522.0,2356.0,0.5,,,,,,,30.0,72.4,1529.0,691.0,0.8,4.8,2.3,250.0,250.0,250.0,1429.0,1440.0,10.3,7.4,,,,,,1.8,-1.8,9.2,,,,,,,,,,,,,,,7.0,1012.4,1022.5,1018.1,1025.5,0.0,2151.0,,,,,278,128.6886,36.3561
2005-11-13,6.8,-2.0,16.2,1500.0,558.0,,,,,,,,41.0,70.1,1440.0,346.0,0.4,3.2,2.1,230.0,270.0,20.0,1131.0,1137.0,10.3,5.4,,,,,,1.4,-4.5,7.0,,,,,,,,,,,,,,,6.9,1013.4,1023.5,1020.0,1026.6,1741.0,801.0,,,,,278,128.6886,36.3561
2005-11-14,6.6,-2.5,14.1,1304.0,2351.0,,,,,,,,36.0,68.1,1649.0,605.0,0.7,8.0,3.5,250.0,270.0,230.0,1421.0,1436.0,10.3,5.6,,,,,,1.1,-5.3,8.3,,,,,,,,,,,,,,,6.8,1010.8,1021.0,1018.3,1023.1,1341.0,2348.0,,,,,278,128.6886,36.3561
2005-11-15,0.8,-5.8,11.0,1357.0,701.0,,,,,,,,34.0,67.6,1412.0,778.0,0.9,7.6,4.2,290.0,290.0,320.0,1437.0,1438.0,10.3,8.8,,,,,,-5.3,-8.1,3.1,,,,,,,,,,,,,,,4.2,1012.7,1023.0,1019.7,1025.5,1423.0,2351.0,,,,,278,128.6886,36.3561
2005-11-16,-0.4,-7.1,10.3,1431.0,657.0,,,,,,,,42.0,71.0,1647.0,432.0,0.5,5.1,3.1,250.0,250.0,270.0,1458.0,1500.0,10.2,8.8,,,,,,-5.6,-10.2,2.6,,,,,,,,,,,,,,,4.2,1015.2,1025.6,1023.1,1027.3,1401.0,821.0,,,,,278,128.6886,36.3561
2005-11-17,-0.6,-8.1,10.0,1446.0,648.0,,,,,,,,36.0,67.5,1528.0,778.0,0.9,6.7,3.8,290.0,290.0,360.0,1542.0,1534.0,10.2,8.7,,,,,,-6.8,-11.8,2.2,,,,,,,,,,,,,,,3.8,1016.5,1027.0,1024.7,1029.1,1426.0,2337.0,,,,,278,128.6886,36.3561
2005-11-18,-0.3,-7.4,10.3,1433.0,617.0,,,,,,,,35.0,65.8,1418.0,691.0,0.8,7.8,3.8,70.0,320.0,20.0,1411.0,1420.0,10.2,8.2,,,,,,-6.8,-12.9,1.8,,,,,,,,,,,,,,,3.8,1020.3,1030.8,1028.6,1032.4,1532.0,2117.0,,,,,278,128.6886,36.3561
2005-11-19,-1.2,-8.0,9.3,1338.0,625.0,,,,,,,,37.0,68.5,1449.0,259.0,0.3,4.9,2.0,30.0,360.0,20.0,1344.0,1348.0,10.2,6.2,,,,,,-7.1,-11.0,1.3,,,,,,,,,,,,,,,3.7,1021.2,1031.8,1028.6,1034.1,1357.0,732.0,,,,,278,128.6886,36.3561
2005-11-20,-1.3,-9.1,10.8,1453.0,659.0,,,,,,,,40.0,70.0,1545.0,52.0,0.1,3.0,1.3,230.0,160.0,50.0,1351.0,1343.0,10.1,8.5,,,,,,-6.9,-13.9,1.9,,,,,,,,,,,,,,,3.8,1019.0,1029.5,1024.0,1032.3,1645.0,302.0,,,,,278,128.6886,36.3561
2005-11-21,0.9,-6.9,11.5,1253.0,426.0,,,,,,,,55.0,73.6,1545.0,778.0,0.9,8.3,4.4,300.0,320.0,50.0,1457.0,1559.0,10.1,4.8,,,,,,-3.6,-10.1,1.9,,,,,,,,,,,,,,,5.0,1015.7,1026.1,1023.4,1028.9,1450.0,211.0,,,,,278,128.6886,36.3561
2005-11-22,0.5,-6.1,10.5,1417.0,652.0,,,,,,,,43.0,69.9,1701.0,259.0,0.3,4.6,2.0,290.0,250.0,290.0,1457.0,1032.0,10.1,8.6,,,,,,-5.0,-9.6,2.5,,,,,,,,,,,,,,,4.3,1017.0,1027.4,1025.6,1029.1,1410.0,905.0,,,,,278,128.6886,36.3561
2005-11-23,1.8,-6.5,13.1,1442.0,547.0,,,,,,,,51.0,73.1,1513.0,86.0,0.1,1.7,0.7,250.0,270.0,230.0,1338.0,1355.0,10.1,5.9,,,,,,-2.8,-9.8,2.4,,,,,,,,,,,,,,,5.2,1013.4,1023.7,1020.6,1028.2,1636.0,6.0,,,,,278,128.6886,36.3561
2005-11-24,3.6,-2.7,13.1,1319.0,718.0,,,,,,,,53.0,75.1,1522.0,82.0,0.1,4.8,1.9,360.0,360.0,320.0,1501.0,1552.0,10.0,6.0,,,,,,-0.5,-5.0,3.1,,,,,,,,,,,,,,,6.1,1009.9,1020.1,1016.9,1022.1,1630.0,849.0,,,,,278,128.6886,36.3561
2005-11-25,3.0,-4.1,14.5,1408.0,649.0,,,,,,,,48.0,73.9,1509.0,605.0,0.7,7.5,2.9,290.0,320.0,290.0,1307.0,1244.0,10.0,5.9,,,,,,-1.5,-8.0,3.1,,,,,,,,,,,,,,,5.7,1008.4,1018.6,1014.9,1020.6,1443.0,852.0,,,,,278,128.6886,36.3561
2005-11-26,3.1,-3.7,13.8,1410.0,621.0,,,,,,,,53.0,75.8,1608.0,173.0,0.2,4.5,2.3,250.0,250.0,20.0,1425.0,1408.0,10.0,5.3,,,,,,-0.9,-7.3,3.4,,,,,,,,,,,,,,,6.0,1006.3,1016.5,1013.5,1019.2,1556.0,848.0,,,,,278,128.6886,36.3561
2005-11-27,4.4,-1.7,14.8,1434.0,315.0,,,,,,,,48.0,74.0,1534.0,605.0,0.7,9.3,5.0,290.0,270.0,290.0,1532.0,1505.0,10.0,4.2,,,,,,0.1,-3.6,3.7,,,,,,,,,,,,,,,6.3,1007.7,1017.8,1014.9,1021.3,123.0,2207.0,,,,,278,128.6886,36.3561
2005-11-28,5.7,-1.6,13.6,1451.0,645.0,0.0,,,,,,,52.0,69.3,1610.0,778.0,0.9,10.8,5.2,320.0,270.0,250.0,2051.0,2010.0,9.9,3.9,,,,,,0.4,-4.6,5.0,,,,,,,,,,,,,,,6.5,1004.5,1014.6,1006.7,1021.2,1735.0,225.0,,,,,278,128.6886,36.3561
2005-11-29,3.8,-2.4,8.6,1356.0,2348.0,,,,,,,,46.0,58.6,1252.0,2678.0,3.1,11.5,6.2,270.0,290.0,290.0,1215.0,122.0,9.9,7.8,,,,,,-3.7,-3.5,3.4,,,,,,,,,,,,,,,4.7,1005.4,1015.6,1010.9,1018.4,35.0,1011.0,,,,,278,128.6886,36.3561
2005-11-30,1.1,-4.5,10.8,1431.0,2353.0,,,,,,,,40.0,68.8,1500.0,518.0,0.6,5.0,2.7,270.0,250.0,160.0,1135.0,1500.0,9.9,8.5,,,,,,-4.6,-7.3,3.3,,,,,,,,,,,,,,,4.5,1008.8,1019.1,1015.8,1021.6,30.0,2358.0,,,,,278,128.6886,36.3561
2005-12-01,0.7,-6.9,11.1,1509.0,504.0,,,,,,,,51.0,72.9,1322.0,259.0,0.3,3.9,2.3,290.0,320.0,20.0,1342.0,1351.0,9.9,5.0,,,,,,-4.0,-8.1,1.8,,,,,,,,,,,,,,,4.7,1009.3,1019.7,1017.0,1021.6,1321.0,0.0,,,,,278,128.6886,36.3561
2005-12-02,0.9,-6.0,8.8,1333.0,2330.0,,,,,,,,37.0,65.5,1634.0,1210.0,1.4,10.0,5.3,290.0,290.0,290.0,1427.0,1551.0,9.9,6.8,,,,,,-5.3,-8.3,2.2,,,,,,,,,,,,,,,4.2,1013.1,1023.5,1021.0,1025.8,9.0,2355.0,,,,,278,128.6886,36.3561
2005-12-03,-2.0,-9.3,6.3,1405.0,639.0,,,,,,,,42.0,64.3,1324.0,691.0,0.8,8.5,4.0,340.0,250.0,270.0,1446.0,1134.0,9.8,7.0,,,,,,-8.7,-10.6,0.1,,,,,,,,,,,,,,,3.2,1012.2,1022.6,1016.1,1027.0,2355.0,222.0,,,,,278,128.6886,36.3561
2005-12-04,-1.5,-7.6,2.5,1226.0,2359.0,1.3,,,,,,,47.0,63.6,1222.0,1987.0,2.3,14.3,7.5,290.0,290.0,290.0,1257.0,1302.0,9.8,8.0,,,,,,-8.0,-10.0,0.3,,,,,,,,,,2.0,2.0,2.0,650.0,650.0,3.5,1002.3,1012.7,1010.9,1016.2,1327.0,0.0,,,,,278,128.6886,36.3561
2005-12-05,-5.1,-12.0,0.8,1457.0,748.0,,,,,,,,49.0,65.3,1531.0,1469.0,1.7,8.1,5.2,270.0,270.0,270.0,156.0,158.0,9.8,8.2,,,,,,-11.5,-13.3,-2.1,,,,,,,,,,,,,,,2.6,1009.2,1019.8,1014.0,1023.4,20.0,2400.0,,,,,278,128.6886,36.3561
2005-12-06,-4.0,-11.0,4.6,1500.0,715.0,,,,,,,,54.0,72.9,1507.0,864.0,1.0,9.1,5.0,270.0,270.0,290.0,1315.0,1434.0,9.8,8.2,,,,,,-9.0,-12.0,-1.1,,,,,,,,,,,,,,,3.2,1014.4,1025.0,1023.3,1026.5,4.0,829.0,,,,,278,128.6886,36.3561
2005-12-07,-4.3,-10.6,4.8,1331.0,651.0,,,,,,,,52.0,73.5,1610.0,778.0,0.9,8.5,5.2,290.0,290.0,290.0,1528.0,1533.0,9.8,7.0,,,,,,-9.1,-12.5,-1.5,,,,,,,,,,,,,,,3.2,1014.6,1025.2,1023.1,1026.5,1346.0,2224.0,,,,,278,128.6886,36.3561
2005-12-08,-4.7,-10.8,3.5,1237.0,643.0,,,,,,,,48.0,69.0,1650.0,1382.0,1.6,12.5,6.3,270.0,270.0,290.0,1519.0,1415.0,9.8,8.1,,,,,,-10.5,-12.3,-1.6,,,,,,,,,,,,,,,2.9,1016.3,1026.9,1024.3,1029.0,1424.0,2307.0,,,,,278,128.6886,36.3561
2005-12-09,-4.6,-12.1,5.5,1410.0,635.0,,,,,,,,46.0,70.8,1429.0,864.0,1.0,10.6,5.6,290.0,290.0,290.0,1422.0,1431.0,9.8,8.0,,,,,,-10.1,-13.3,-1.6,,,,,,,,,,,,,,,3.0,1018.5,1029.1,1026.9,1031.3,1444.0,845.0,,,,,278,128.6886,36.3561
2005-12-10,-2.1,-8.3,5.0,1414.0,106.0,,,,,,,,47.0,66.3,2024.0,1210.0,1.4,7.8,4.8,250.0,270.0,250.0,1240.0,2204.0,9.7,5.5,,,,,,-8.1,-10.1,-1.1,,,,,,,,,,,,,,,3.4,1015.9,1026.4,1023.7,1029.5,1453.0,243.0,,,,,278,128.6886,36.3561
2005-12-11,-5.5,-10.1,0.6,1411.0,735.0,,,,,,,,44.0,62.3,1653.0,1210.0,1.4,8.1,4.7,270.0,290.0,270.0,1528.0,1614.0,9.7,7.3,,,,,,-12.5,-13.6,-2.3,,,,,,,,,,,,,,,2.4,1014.9,1025.5,1023.2,1028.1,1602.0,1025.0,,,,,278,128.6886,36.3561
2005-12-12,-6.7,-13.6,-0.5,1245.0,628.0,,,,,,,,50.0,64.6,1414.0,2246.0,2.6,16.2,7.8,290.0,290.0,290.0,1344.0,1458.0,9.7,8.2,,,,,,-13.5,-17.7,-3.6,,,,,,,,,,,,,,,2.2,1011.4,1022.1,1019.1,1025.5,1441.0,1.0,,,,,278,128.6886,36.3561
2005-12-13,-6.2,-11.8,-0.6,1235.0,738.0,,,,,,,,49.0,61.8,1338.0,2246.0,2.6,16.0,9.3,270.0,290.0,270.0,1251.0,1331.0,9.7,8.3,,,,,,-13.4,-13.6,-3.9,,,,,,,,,,,,,,,2.2,1011.5,1022.1,1019.8,1023.7,1346.0,2325.0,,,,,278,128.6886,36.3561
2005-12-14,-7.1,-14.3,1.8,1418.0,540.0,,,,,,,,45.0,66.8,1448.0,1210.0,1.4,10.0,5.0,290.0,290.0,270.0,1552.0,1447.0,9.7,8.2,,,,,,-13.5,-16.2,-3.7,,,,,,,,,,,,,,,2.2,1013.8,1024.5,1022.8,1026.1,1437.0,914.0,,,,,278,128.6886,36.3561
2005-12-15,-6.4,-13.3,1.6,1450.0,649.0,,,,,,,,47.0,68.3,1444.0,1210.0,1.4,12.8,7.3,270.0,290.0,290.0,1314.0,1321.0,9.7,8.2,,,,,,-12.4,-15.0,-3.2,,,,,,,,,,,,,,,2.5,1012.4,1023.0,1020.6,1024.6,1406.0,11.0,,,,,278,128.6886,36.3561
2005-12-16,-4.0,-13.1,3.2,1455.0,653.0,0.0,,,,,,,57.0,73.6,1551.0,1037.0,1.2,8.8,4.2,270.0,250.0,250.0,1311.0,1346.0,9.7,6.3,,,,,,-8.8,-19.0,-2.6,,,,,,,,,,,,,,,3.4,1012.1,1022.7,1020.6,1025.3,1457.0,821.0,,,,,278,128.6886,36.3561
2005-12-17,-6.6,-12.1,-1.2,1321.0,2318.0,,,,,,,,46.0,51.9,351.0,2938.0,3.4,15.6,8.6,270.0,290.0,290.0,1201.0,1726.0,9.7,6.3,,,,,,-15.8,-14.0,-4.7,,,,,,,,,,,,,,,1.9,1014.3,1025.0,1020.5,1031.4,1358.0,2341.0,,,,,278,128.6886,36.3561
2005-12-18,-9.4,-19.0,0.0,1343.0,729.0,,,,,,,,48.0,72.5,1.0,691.0,0.8,6.8,3.3,290.0,290.0,20.0,1443.0,1646.0,9.7,5.4,,,,,,-14.8,-21.4,-6.7,,,,,,,,,,,,,,,2.2,1018.1,1028.9,1025.5,1033.1,1444.0,334.0,,,,,278,128.6886,36.3561
2005-12-19,-6.8,-14.3,4.6,1438.0,705.0,,,,,,,,37.0,67.6,1652.0,432.0,0.5,6.5,3.4,270.0,270.0,250.0,1403.0,1528.0,9.7,8.4,,,,,,-13.2,-16.2,-3.4,,,,,,,,,,,,,,,2.4,1018.2,1028.9,1027.0,1031.2,1413.0,2309.0,,,,,278,128.6886,36.3561
2005-12-20,-4.9,-14.8,4.0,1353.0,645.0,,,,,,,,40.0,62.1,1507.0,605.0,0.7,5.0,2.8,290.0,270.0,270.0,2101.0,2242.0,9.7,6.4,,,,,,-12.2,-17.1,-3.5,,,,,,,,,,,,,,,2.5,1017.8,1028.4,1023.8,1032.7,2351.0,835.0,,,,,278,128.6886,36.3561
2005-12-21,-5.4,-9.8,0.3,1250.0,739.0,1.0,,,,,,,43.0,61.8,1744.0,1901.0,2.2,12.8,7.2,290.0,290.0,270.0,1454.0,1502.0,9.7,3.9,,,,,,-12.5,-11.6,-3.8,,,,,,,,,,1.8,1.8,1.8,1115.0,1115.0,2.4,1005.5,1016.0,1011.8,1024.1,1516.0,2.0,,,,,278,128.6886,36.3561
2005-12-22,-7.0,-14.5,0.1,1502.0,355.0,,,,,,,,50.0,64.4,1353.0,1814.0,2.1,14.1,6.5,290.0,290.0,290.0,1235.0,1238.0,9.7,8.1,,,,,,-13.7,-16.7,-4.7,,,,,,,,,,,,,,,2.2,1006.1,1016.7,1014.3,1018.4,1440.0,922.0,,,,,278,128.6886,36.3561
2005-12-23,-3.2,-11.1,3.7,1340.0,52.0,0.2,,,,,,,52.0,72.1,2348.0,778.0,0.9,8.6,4.4,360.0,340.0,290.0,1352.0,1400.0,9.7,2.0,,,,,,-8.2,-12.6,-2.6,,,,,,,,,,0.4,0.4,0.4,718.0,718.0,3.5,1006.0,1016.5,1014.5,1019.6,1327.0,2321.0,,,,,278,128.6886,36.3561
2005-12-24,-6.2,-13.6,1.8,1508.0,728.0,,,,,,,,41.0,63.0,1658.0,1037.0,1.2,10.6,5.4,290.0,290.0,250.0,56.0,100.0,9.7,8.5,,,,,,-13.3,-15.8,-3.2,,,,,,,,,,,,,,,2.3,1013.3,1023.9,1019.5,1026.4,3.0,1009.0,,,,,278,128.6886,36.3561
2005-12-25,-3.5,-13.3,5.8,1534.0,424.0,,,,,,,,38.0,60.6,1945.0,1210.0,1.4,11.0,5.0,290.0,270.0,270.0,1519.0,1948.0,9.7,1.8,,,,,,-10.9,-14.8,-3.6,,,,,,,,,,,,,,,2.9,1008.6,1019.1,1014.2,1023.7,1423.0,5.0,,,,,278,128.6886,36.3561
2005-12-26,-6.4,-13.1,0.5,1414.0,735.0,,,,,,,,42.0,58.3,1359.0,1555.0,1.8,9.8,6.0,290.0,290.0,290.0,1228.0,1444.0,9.7,8.4,,,,,,-14.3,-16.1,-3.8,,,,,,,,,,,,,,,2.1,1015.2,1025.9,1021.0,1029.1,13.0,2358.0,,,,,278,128.6886,36.3561
2005-12-27,-8.3,-16.3,1.7,1421.0,728.0,,,,,,,,35.0,62.5,1502.0,1037.0,1.2,9.6,4.7,340.0,270.0,270.0,1551.0,1151.0,9.7,8.4,,,,,,-16.0,-18.2,-4.9,,,,,,,,,,,,,,,1.8,1020.1,1030.9,1028.1,1033.4,1443.0,2332.0,,,,,278,128.6886,36.3561
2005-12-28,-8.0,-16.1,3.7,1530.0,717.0,,,,,,,,32.0,64.4,1643.0,346.0,0.4,4.1,2.1,270.0,250.0,360.0,1559.0,1604.0,9.7,8.1,,,,,,-15.1,-19.2,-3.9,,,,,,,,,,,,,,,2.0,1021.8,1032.6,1029.8,1034.5,1426.0,656.0,,,,,278,128.6886,36.3561
2005-12-29,-7.3,-14.3,2.9,1514.0,652.0,,,,,,,,40.0,63.4,1421.0,259.0,0.3,2.9,1.3,250.0,230.0,200.0,1228.0,1251.0,9.7,5.7,,,,,,-14.4,-16.0,-4.0,,,,,,,,,,,,,,,2.1,1021.3,1032.2,1029.4,1034.4,1459.0,935.0,,,,,278,128.6886,36.3561
2005-12-30,-4.7,-13.0,5.5,1403.0,553.0,,,,,,,,55.0,72.6,1307.0,518.0,0.6,7.1,3.2,250.0,270.0,270.0,1420.0,1428.0,9.7,1.4,,,,,,-9.7,-14.3,-3.4,,,,,,,,,,,,,,,3.2,1020.0,1030.7,1027.7,1033.1,1432.0,226.0,,,,,278,128.6886,36.3561
2005-12-31,-0.2,-6.6,5.5,1145.0,148.0,,,,,,,,54.0,70.4,1339.0,691.0,0.8,6.5,3.8,90.0,90.0,110.0,1058.0,1058.0,9.7,1.6,,,,,,-5.3,-9.3,0.4,,,,,,,,,,,,,,,4.2,1020.5,1030.9,1029.2,1032.4,1452.0,858.0,,,,,278,128.6886,36.3561
