dt,avg_ta,min_ta,max_ta,max_ta_hrmt,min_ta_hrmt,sum_rn,hr1_max_rn,mi10_max_rn,sum_rn_dur,n9_9_rn,mi10_max_rn_hrmt,hr1_max_rn_hrmt,min_rhm,avg_rhm,min_rhm_hrmt,hr24_sum_rws,avg_ws,max_ins_ws,max_ws,max_ins_ws_wd,max_ws_wd,max_wd,max_ins_ws_hrmt,max_ws_hrmt,ss_dur,sum_ss_hr,hr1_max_icsr,sum_gsr,hr1_max_icsr_hrmt,avg_tca,avg_lmac,avg_td,min_tg,avg_ts,avg_m1_5_te,avg_cm5_te,avg_cm10_te,avg_cm20_te,avg_cm30_te,avg_m0_5_te,avg_m1_0_te,avg_m5_0_te,avg_m3_0_te,dd_mes,dd_mefs,sum_dpth_fhsc,dd_mes_hrmt,dd_mefs_hrmt,avg_pv,avg_pa,avg_ps,min_ps,max_ps,min_ps_hrmt,max_ps_hrmt,sum_fog_dur,sum_lrg_ev,sum_sml_ev,iscs,code,x,y
2013-01-01,-1.1,-6.7,4.7,1346.0,643.0,,,,,,,,35.0,46.5,1854.0,2366.0,2.7,9.2,5.2,230.0,250.0,180.0,1548.0,135.0,9.6,7.4,,,,,,-11.2,-9.7,-2.7,,,,,,,,,,,,,,,2.7,1012.6,1017.6,1013.9,1020.6,1323.0,305.0,,,,,106,129.1243,37.5071
2013-01-02,-5.0,-7.5,0.7,56.0,2332.0,0.1,,,,,,,16.0,30.8,902.0,3873.0,4.5,18.6,8.5,360.0,250.0,290.0,1427.0,538.0,9.7,9.0,,,,,,-21.3,-10.5,-4.0,,,,,,,,,,,,,,,1.4,1019.9,1025.1,1016.6,1030.0,43.0,2356.0,,,,,106,129.1243,37.5071
2013-01-03,-6.5,-9.7,-1.3,1524.0,732.0,,,,,,,,14.0,24.0,1254.0,2974.0,3.4,11.4,6.4,250.0,250.0,290.0,457.0,312.0,9.7,9.0,,,,,,-24.1,-13.0,-6.3,,,,,,,,,,,,,,,0.9,1025.9,1031.2,1029.6,1032.6,1353.0,2256.0,,,,,106,129.1243,37.5071
2013-01-04,-4.2,-9.6,1.2,1427.0,517.0,,,,,,,,17.0,33.3,1126.0,1913.0,2.2,6.5,3.9,200.0,200.0,200.0,557.0,119.0,9.7,9.0,,,,,,-18.1,-13.2,-5.4,,,,,,,,,,,,,,,1.5,1023.1,1028.3,1024.4,1032.0,2341.0,1.0,,,,,106,129.1243,37.5071
2013-01-05,-1.1,-6.4,3.1,1537.0,102.0,,,,,,,,15.0,27.5,949.0,2842.0,3.3,12.0,6.8,320.0,290.0,230.0,1244.0,1250.0,9.7,8.9,,,,,,-17.7,-11.5,-4.2,,,,,,,,,,,,,,,1.6,1016.5,1021.6,1018.7,1024.5,1431.0,3.0,,,,,106,129.1243,37.5071
2013-01-06,-0.6,-4.8,4.0,1457.0,433.0,,,,,,,,22.0,36.0,1126.0,1749.0,2.0,5.6,3.7,230.0,230.0,200.0,555.0,2257.0,9.7,8.2,,,,,,-14.0,-9.8,-3.3,,,,,,,,,,,,,,,2.1,1017.6,1022.6,1021.1,1024.4,1406.0,952.0,,,,,106,129.1243,37.5071
2013-01-07,0.2,-4.8,5.9,1306.0,540.0,,,,,,,,15.0,31.6,1204.0,2059.0,2.4,8.4,5.2,20.0,360.0,230.0,1635.0,1430.0,9.7,6.2,,,,,,-15.0,-9.7,-2.4,,,,,,,,,,,,,,,1.9,1016.5,1021.6,1019.0,1023.1,1339.0,47.0,,,,,106,129.1243,37.5071
2013-01-08,0.5,-3.5,5.2,1531.0,735.0,,,,,,,,20.0,30.5,1527.0,2247.0,2.6,10.4,6.7,250.0,250.0,200.0,1957.0,1958.0,9.7,8.8,,,,,,-15.1,-9.9,-1.8,,,,,,,,,,,,,,,1.9,1016.9,1022.0,1020.0,1024.5,1545.0,935.0,,,,,106,129.1243,37.5071
2013-01-09,-3.0,-5.1,0.9,1404.0,2357.0,,,,,,,,16.0,23.1,1346.0,3567.0,4.1,11.2,6.9,290.0,320.0,270.0,37.0,100.0,9.8,9.1,,,,,,-21.4,-11.1,-3.6,,,,,,,,,,,,,,,1.1,1017.2,1022.4,1020.2,1023.7,1403.0,2321.0,,,,,106,129.1243,37.5071
2013-01-10,-3.2,-6.5,0.2,1404.0,759.0,,,,,,,,16.0,25.1,1004.0,2778.0,3.2,10.6,6.0,290.0,360.0,360.0,200.0,1258.0,9.8,9.2,,,,,,-20.6,-12.5,-4.5,,,,,,,,,,,,,,,1.3,1021.3,1026.5,1023.6,1029.0,1.0,2343.0,,,,,106,129.1243,37.5071
2013-01-11,-0.5,-6.3,4.3,1359.0,630.0,,,,,,,,22.0,36.0,1110.0,1985.0,2.3,6.5,4.3,230.0,230.0,200.0,40.0,16.0,9.8,8.8,,,,,,-13.9,-11.8,-2.8,,,,,,,,,,,,,,,2.1,1022.3,1027.4,1024.0,1030.2,2151.0,919.0,,,,,106,129.1243,37.5071
2013-01-12,4.0,-1.8,8.9,1313.0,156.0,,,,,,,,22.0,41.3,324.0,2084.0,2.4,9.1,6.0,290.0,230.0,250.0,1333.0,2330.0,9.8,7.2,,,,,,-8.4,-8.4,-0.7,,,,,,,,,,,,,,,3.3,1016.9,1021.9,1019.8,1024.3,1317.0,1.0,,,,,106,129.1243,37.5071
2013-01-13,2.7,-0.2,6.4,1125.0,442.0,,,,,,,,29.0,53.1,1031.0,1826.0,2.1,6.6,3.9,20.0,250.0,230.0,1322.0,509.0,9.8,1.6,,,,,,-6.0,-8.4,0.0,,,,,,,,,,,,,,,4.0,1018.8,1023.9,1021.4,1026.0,2341.0,915.0,,,,,106,129.1243,37.5071
2013-01-14,2.1,-3.1,8.4,1304.0,754.0,0.1,,,,,,,21.0,56.9,1254.0,3204.0,3.7,15.6,9.1,340.0,20.0,200.0,1547.0,2003.0,9.9,8.0,,,,,,-6.7,-8.4,-0.1,,,,,,,,,,,,,,,3.8,1013.7,1018.8,1013.4,1024.5,1255.0,2400.0,,,,,106,129.1243,37.5071
2013-01-15,1.4,-2.2,5.1,1617.0,807.0,,,,,,,,48.0,65.5,1106.0,1758.0,2.0,6.3,4.0,320.0,110.0,230.0,1.0,1525.0,9.9,5.9,,,,,,-4.4,-9.4,0.1,,,,,,,,,,,,,,,4.4,1019.2,1024.3,1021.3,1027.1,2343.0,802.0,,,,,106,129.1243,37.5071
2013-01-16,2.2,-1.3,5.5,1523.0,2356.0,0.1,,,,,,,28.0,44.9,505.0,2124.0,2.5,9.8,5.1,320.0,20.0,250.0,2253.0,1322.0,9.9,6.4,,,,,,-9.1,-7.1,0.7,,,,,,,,,,,,0.5,,,3.2,1016.1,1021.2,1019.2,1022.3,1345.0,840.0,,,,,106,129.1243,37.5071
2013-01-17,-2.0,-5.4,-0.3,1432.0,2327.0,34.5,,,,,,,81.0,89.8,2312.0,2706.0,3.1,9.0,5.5,320.0,340.0,320.0,29.0,618.0,9.9,4.6,,,,,,-3.4,-8.5,-0.1,,,,,,,,,,,,,,,4.8,1021.7,1026.8,1021.8,1029.1,1.0,2110.0,,,,,106,129.1243,37.5071
2013-01-18,-0.5,-6.0,5.5,1255.0,704.0,,,,,,,,20.0,46.0,1922.0,2110.0,2.4,9.9,6.0,250.0,250.0,200.0,2105.0,2130.0,9.9,9.1,,,,,,-11.7,-8.7,0.1,,,,,,,,,,,,,,,2.6,1021.2,1026.3,1023.7,1028.9,1539.0,917.0,,,,,106,129.1243,37.5071
2013-01-19,1.4,-1.8,5.9,1250.0,202.0,,,,,,,,28.0,51.5,58.0,2872.0,3.3,12.4,7.8,270.0,290.0,270.0,427.0,115.0,10.0,8.9,,,,,,-7.8,-5.8,0.1,,,,,,,,,,,,,,,3.5,1021.7,1026.8,1024.2,1030.0,34.0,2317.0,,,,,106,129.1243,37.5071
2013-01-20,2.0,-3.3,6.2,1239.0,619.0,,,,,,,,49.0,65.8,1159.0,1410.0,1.6,5.4,3.6,230.0,230.0,200.0,405.0,406.0,10.0,1.5,,,,,,-3.8,-6.4,0.1,,,,,,,,,,,,,,,4.7,1027.5,1032.6,1029.7,1035.1,4.0,1011.0,,,,,106,129.1243,37.5071
2013-01-21,2.8,1.7,3.7,21.0,538.0,21.0,,,,,,,72.0,89.8,22.0,1495.0,1.7,5.5,3.6,200.0,200.0,180.0,1123.0,1124.0,10.0,0.0,,,,,,1.2,0.5,0.1,,,,,,,,,,,,,,,6.7,1019.0,1024.0,1018.6,1031.8,2357.0,4.0,,,,,106,129.1243,37.5071
2013-01-22,2.3,1.8,3.3,1351.0,844.0,12.5,,,,,,,73.0,90.0,2252.0,2272.0,2.6,8.0,4.9,320.0,340.0,320.0,855.0,902.0,10.0,0.0,,,,,,0.8,0.7,0.0,,,,,,,,,,,,,,,6.5,1017.5,1022.5,1018.2,1024.3,37.0,1036.0,,,,,106,129.1243,37.5071
2013-01-23,2.7,1.3,4.7,2150.0,644.0,0.1,,,,,,,52.0,80.0,2152.0,1248.0,1.4,8.1,4.7,250.0,270.0,230.0,2154.0,2154.0,10.1,0.0,,,,,,-0.6,-1.9,0.1,,,,,,,,,,,,,,,5.9,1013.4,1018.4,1015.0,1023.9,2356.0,1.0,,,,,106,129.1243,37.5071
2013-01-24,2.6,-2.5,7.3,1348.0,2348.0,,,,,,,,17.0,44.4,2354.0,3020.0,3.5,17.4,7.9,250.0,340.0,290.0,1125.0,2237.0,10.1,8.6,,,,,,-8.9,-4.4,0.1,,,,,,,,,,,,,,,3.4,1006.1,1011.0,1007.5,1015.0,1636.0,4.0,,,,,106,129.1243,37.5071
2013-01-25,-4.8,-7.2,-1.6,1402.0,737.0,,,,,,,,13.0,17.4,1347.0,3746.0,4.3,16.6,7.4,320.0,290.0,290.0,42.0,47.0,10.1,9.6,,,,,,-26.0,-9.4,-4.3,,,,,,,,,,,,,,,0.7,1010.8,1015.9,1012.1,1017.2,26.0,1100.0,,,,,106,129.1243,37.5071
2013-01-26,-4.7,-7.5,-0.4,1510.0,753.0,,,,,,,,17.0,26.3,1143.0,3401.0,3.9,15.7,7.5,250.0,270.0,270.0,203.0,207.0,10.2,9.5,,,,,,-21.5,-9.7,-4.1,,,,,,,,,,,,,,,1.2,1013.2,1018.3,1014.2,1022.0,451.0,2340.0,,,,,106,129.1243,37.5071
2013-01-27,-4.1,-7.8,-0.2,1449.0,640.0,,,,,,,,27.0,39.5,1318.0,2851.0,3.3,10.5,6.6,340.0,360.0,270.0,1606.0,1525.0,10.2,9.3,,,,,,-16.0,-11.1,-3.5,,,,,,,,,,,,,,,1.8,1016.2,1021.4,1019.3,1023.1,1410.0,2303.0,,,,,106,129.1243,37.5071
2013-01-28,0.6,-5.3,5.8,1404.0,337.0,,,,,,,,21.0,39.1,1113.0,2579.0,3.0,11.5,6.4,250.0,320.0,200.0,1920.0,1631.0,10.2,9.4,,,,,,-12.2,-9.5,-1.8,,,,,,,,,,,,,,,2.5,1018.8,1023.8,1022.5,1025.6,1344.0,2341.0,,,,,106,129.1243,37.5071
2013-01-29,5.4,0.2,9.3,1148.0,256.0,,,,,,,,37.0,55.1,1151.0,1766.0,2.0,8.1,4.6,230.0,230.0,230.0,1429.0,1332.0,10.2,7.5,,,,,,-3.2,-5.0,0.6,,,,,,,,,,,,,,,4.9,1020.5,1025.4,1024.5,1027.0,1356.0,2359.0,,,,,106,129.1243,37.5071
2013-01-30,4.7,2.2,8.2,1151.0,232.0,,,,,,,,64.0,79.5,133.0,1529.0,1.8,7.7,4.9,340.0,360.0,230.0,1450.0,1433.0,10.3,3.1,,,,,,1.4,-2.2,1.8,,,,,,,,,,,,,,,6.8,1025.3,1030.3,1027.0,1031.7,1.0,1924.0,,,,,106,129.1243,37.5071
2013-01-31,5.8,0.6,10.5,1432.0,726.0,,,,,,,,56.0,79.1,1101.0,1480.0,1.7,5.1,3.8,110.0,110.0,200.0,1121.0,1133.0,10.3,8.6,,,,,,2.3,-3.4,3.2,,,,,,,,,,,,,,,7.2,1025.0,1030.0,1026.8,1032.2,2359.0,845.0,,,,,106,129.1243,37.5071
2013-02-01,7.7,4.6,13.3,1132.0,2342.0,3.5,,,,,,,62.0,84.0,257.0,1698.0,2.0,8.6,5.3,140.0,140.0,360.0,1206.0,1208.0,10.3,0.2,,,,,,5.0,0.8,6.1,,,,,,,,,,,,,,,8.9,1011.9,1016.8,1011.6,1026.8,1802.0,1.0,,,,,106,129.1243,37.5071
2013-02-02,6.3,1.9,10.5,1223.0,2345.0,,,,,,,,22.0,43.1,1748.0,2642.0,3.1,9.9,6.5,250.0,20.0,270.0,350.0,1325.0,10.4,8.9,,,,,,-6.3,-3.8,3.1,,,,,,,,,,,,,,,4.3,1016.6,1021.6,1013.3,1026.4,1.0,2346.0,,,,,106,129.1243,37.5071
2013-02-03,1.9,-2.6,5.2,2156.0,713.0,0.2,,,,,,,22.0,53.5,1059.0,1672.0,1.9,9.3,5.9,160.0,180.0,230.0,2246.0,2253.0,10.4,4.2,,,,,,-7.0,-5.6,0.0,,,,,,,,,,,,,,,3.8,1019.3,1024.3,1018.2,1028.6,2358.0,754.0,,,,,106,129.1243,37.5071
2013-02-04,4.8,1.0,11.5,1419.0,2355.0,0.3,,,,,,,25.0,60.5,1628.0,1868.0,2.2,9.4,4.8,340.0,340.0,200.0,1428.0,1657.0,10.4,8.0,,,,,,-3.3,-2.8,4.5,,,,,,,,,,,,,,,4.9,1012.1,1017.1,1012.8,1025.2,702.0,2354.0,,,,,106,129.1243,37.5071
2013-02-05,2.5,-0.5,5.2,1508.0,702.0,3.0,,,,,,,50.0,71.6,143.0,1228.0,1.4,4.6,2.8,360.0,360.0,230.0,1230.0,1231.0,10.5,0.0,,,,,,-2.4,-3.3,1.7,,,,,,,,,,,,,,,5.2,1017.2,1022.3,1017.3,1026.0,2352.0,801.0,,,,,106,129.1243,37.5071
2013-02-06,2.5,-0.3,7.1,1450.0,2338.0,3.0,,,,,,,46.0,70.4,2020.0,1926.0,2.2,10.3,5.9,250.0,250.0,250.0,1945.0,1950.0,10.5,4.1,,,,,,-2.8,-3.3,3.7,,,,,,,,,,,,,,,5.2,1010.1,1015.1,1013.7,1017.4,1653.0,3.0,,,,,106,129.1243,37.5071
2013-02-07,-4.6,-10.7,0.2,156.0,2359.0,,,,,,,,14.0,25.0,1122.0,3825.0,4.4,13.8,6.7,250.0,270.0,270.0,753.0,730.0,10.5,9.2,,,,,,-22.3,-11.4,-2.0,,,,,,,,,,,,,,,1.2,1013.4,1018.5,1012.6,1025.5,406.0,2356.0,,,,,106,129.1243,37.5071
2013-02-08,-5.9,-12.7,-1.1,1419.0,348.0,,,,,,,,29.0,39.1,1.0,2319.0,2.7,8.4,4.9,320.0,290.0,250.0,913.0,22.0,10.6,9.7,,,,,,-17.7,-13.4,-3.3,,,,,,,,,,,,,,,1.6,1023.2,1028.4,1025.4,1031.1,1.0,1132.0,,,,,106,129.1243,37.5071
2013-02-09,-1.8,-6.5,2.7,1447.0,725.0,,,,,,,,12.0,28.4,1056.0,1985.0,2.3,9.0,5.6,250.0,250.0,200.0,2237.0,2246.0,10.6,10.0,,,,,,-17.8,-11.3,-1.8,,,,,,,,,,,,,,,1.6,1019.3,1024.4,1022.1,1026.8,1437.0,19.0,,,,,106,129.1243,37.5071
2013-02-10,0.2,-3.9,5.6,1330.0,435.0,,,,,,,,21.0,35.3,1345.0,2535.0,2.9,10.9,6.3,320.0,270.0,290.0,2136.0,1651.0,10.6,9.9,,,,,,-14.0,-8.4,-0.2,,,,,,,,,,,,,,,2.1,1017.8,1022.8,1020.8,1024.4,1310.0,2356.0,,,,,106,129.1243,37.5071
2013-02-11,-1.2,-4.5,1.8,1441.0,747.0,,,,,,,,23.0,51.9,100.0,2207.0,2.6,8.1,5.4,230.0,270.0,270.0,24.0,2.0,10.7,8.0,,,,,,-10.5,-8.2,0.1,,,,,,,,,,,,,,,3.0,1024.4,1029.5,1024.4,1031.3,1.0,1054.0,,,,,106,129.1243,37.5071
2013-02-12,1.2,-2.4,5.9,1244.0,10.0,,,,,,,,23.0,37.9,1108.0,2210.0,2.6,11.1,5.7,270.0,250.0,270.0,2206.0,1816.0,10.7,3.0,,,,,,-11.8,-4.7,0.5,,,,,,,,,,,,,,,2.5,1017.8,1022.8,1017.8,1029.5,1546.0,102.0,,,,,106,129.1243,37.5071
2013-02-13,1.1,-3.9,4.8,1439.0,714.0,,,,,,,,22.0,36.5,1040.0,2149.0,2.5,6.7,4.7,180.0,180.0,270.0,735.0,741.0,10.8,10.0,,,,,,-12.2,-8.2,1.1,,,,,,,,,,,,,,,2.5,1020.0,1025.1,1022.6,1027.0,1.0,949.0,,,,,106,129.1243,37.5071
2013-02-14,4.7,0.0,9.4,1121.0,7.0,,,,,,,,13.0,33.4,1124.0,1850.0,2.1,7.1,5.2,110.0,110.0,200.0,1340.0,1337.0,10.8,8.5,,,,,,-10.3,-5.1,2.2,,,,,,,,,,,,,,,2.9,1017.1,1022.1,1019.0,1025.5,2342.0,805.0,,,,,106,129.1243,37.5071
2013-02-15,2.4,-1.8,6.2,1019.0,2326.0,0.5,,,,,,,19.0,55.9,1040.0,2836.0,3.3,14.2,8.5,20.0,360.0,340.0,1119.0,1114.0,10.8,6.6,,,,,,-7.0,-8.2,2.4,,,,,,,,,,,,,,,3.9,1015.3,1020.4,1018.6,1023.3,1351.0,2355.0,,,,,106,129.1243,37.5071
2013-02-16,-0.9,-4.0,2.2,1602.0,320.0,,,,,,,,26.0,44.3,933.0,1978.0,2.3,7.4,5.3,20.0,20.0,270.0,1100.0,1108.0,10.9,10.3,,,,,,-12.2,-10.2,1.0,,,,,,,,,,,,,,,2.5,1021.6,1026.7,1023.2,1028.3,1.0,2040.0,,,,,106,129.1243,37.5071
2013-02-17,4.1,-3.0,8.9,1632.0,48.0,,,,,,,,27.0,44.9,754.0,1608.0,1.9,7.6,4.1,250.0,110.0,110.0,1749.0,1447.0,10.9,4.1,,,,,,-7.0,-5.7,2.5,,,,,,,,,,,,,,,3.7,1015.0,1020.0,1014.7,1025.9,2112.0,1.0,,,,,106,129.1243,37.5071
2013-02-18,3.7,0.4,7.5,156.0,1858.0,3.0,,,,,,,47.0,67.3,424.0,3331.0,3.9,13.6,8.3,340.0,340.0,340.0,1005.0,1013.0,10.9,3.7,,,,,,-2.4,0.0,4.7,,,,,,,,,,,,,,,5.2,1012.5,1017.5,1013.7,1021.0,422.0,2211.0,,,,,106,129.1243,37.5071
2013-02-19,-0.6,-2.4,2.3,1356.0,550.0,8.5,,,,,,,27.0,60.4,2313.0,2591.0,3.0,9.4,6.1,320.0,20.0,20.0,2314.0,238.0,11.0,7.8,,,,,,-7.9,-5.8,0.8,,,,,,,,,,,,,,,3.5,1016.8,1021.9,1020.3,1024.1,1510.0,927.0,,,,,106,129.1243,37.5071
2013-02-20,-0.3,-4.4,4.8,1545.0,647.0,,,,,,,,14.0,23.6,947.0,3080.0,3.6,10.7,7.0,360.0,360.0,290.0,1343.0,1403.0,11.0,10.5,,,,,,-18.9,-7.1,0.0,,,,,,,,,,,,,,,1.4,1020.2,1025.3,1022.3,1027.2,1.0,2356.0,,,,,106,129.1243,37.5071
2013-02-21,1.0,-2.8,5.5,1529.0,522.0,,,,,,,,18.0,28.4,1431.0,2546.0,2.9,9.9,5.7,320.0,270.0,270.0,1405.0,708.0,11.1,10.4,,,,,,-15.7,-6.0,-0.9,,,,,,,,,,,,,,,1.8,1021.6,1026.6,1024.7,1028.8,1742.0,846.0,,,,,106,129.1243,37.5071
2013-02-22,3.0,-1.1,8.0,1222.0,541.0,,,,,,,,21.0,31.8,2059.0,2748.0,3.2,15.3,7.8,270.0,250.0,270.0,1056.0,1036.0,11.1,8.8,,,,,,-12.5,-5.2,1.5,,,,,,,,,,,,,,,2.4,1017.7,1022.7,1019.6,1025.4,1353.0,115.0,,,,,106,129.1243,37.5071
2013-02-23,1.9,-2.9,7.1,1405.0,522.0,,,,,,,,13.0,26.4,1407.0,3309.0,3.8,16.2,9.1,250.0,270.0,270.0,2110.0,2136.0,11.1,10.5,,,,,,-16.1,-7.3,1.5,,,,,,,,,,,,,,,1.8,1019.1,1024.1,1021.3,1025.9,1547.0,648.0,,,,,106,129.1243,37.5071
2013-02-24,2.1,-0.4,4.8,1435.0,2353.0,,,,,,,,23.0,45.4,922.0,3014.0,3.5,13.2,6.2,270.0,270.0,270.0,23.0,4.0,11.2,9.6,,,,,,-8.8,-3.8,2.8,,,,,,,,,,,,,,,3.2,1023.1,1028.1,1024.2,1029.0,3.0,2325.0,,,,,106,129.1243,37.5071
2013-02-25,1.4,-2.3,5.7,1309.0,551.0,,,,,,,,45.0,66.6,1013.0,1951.0,2.3,8.1,5.4,20.0,20.0,230.0,1336.0,1332.0,11.2,8.1,,,,,,-4.3,-5.6,2.8,,,,,,,,,,,,,,,4.5,1024.1,1029.2,1028.0,1030.9,2400.0,926.0,,,,,106,129.1243,37.5071
2013-02-26,5.0,-1.6,9.8,1332.0,509.0,,,,,,,,37.0,64.0,1849.0,1455.0,1.7,6.7,4.6,20.0,360.0,20.0,1023.0,1026.0,11.3,2.9,,,,,,-1.6,-3.7,3.4,,,,,,,,,,,,,,,5.5,1014.9,1019.8,1015.1,1028.0,2355.0,1.0,,,,,106,129.1243,37.5071
2013-02-27,7.8,4.2,11.7,1033.0,623.0,,,,,,,,28.0,46.1,1016.0,2258.0,2.6,9.7,5.7,270.0,20.0,200.0,348.0,1250.0,11.3,10.4,,,,,,-3.3,-3.0,5.8,,,,,,,,,,,,,,,4.9,1010.9,1015.8,1014.4,1017.0,256.0,2329.0,,,,,106,129.1243,37.5071
2013-02-28,9.7,3.8,13.2,2358.0,538.0,,,,,,,,22.0,40.1,949.0,2048.0,2.4,9.8,6.0,140.0,110.0,110.0,1426.0,1415.0,11.3,9.4,,,,,,-3.8,-4.1,4.5,,,,,,,,,,,,,,,4.9,1009.0,1013.9,1007.6,1017.9,2358.0,549.0,,,,,106,129.1243,37.5071
2013-03-01,8.3,0.8,15.3,213.0,2353.0,,,,,,,,16.0,33.1,1406.0,3304.0,3.8,15.0,7.4,290.0,320.0,270.0,1634.0,804.0,11.4,7.8,,,,,,-7.7,-3.3,7.1,,,,,,,,,,,,,,,3.8,1005.2,1010.0,1004.1,1019.2,503.0,2359.0,,,,,106,129.1243,37.5071
2013-03-02,1.5,-1.4,4.5,1336.0,608.0,,,,,,,,26.0,40.6,921.0,3072.0,3.6,11.0,7.1,360.0,360.0,270.0,1403.0,1410.0,11.4,9.1,,,,,,-10.7,-5.4,3.8,,,,,,,,,,,,,,,2.7,1019.4,1024.4,1019.2,1026.0,1.0,2124.0,,,,,106,129.1243,37.5071
2013-03-03,2.6,-1.7,6.9,1131.0,153.0,,,,,,,,21.0,46.3,1120.0,2030.0,2.3,8.3,6.4,20.0,50.0,230.0,1405.0,1206.0,11.4,9.8,,,,,,-8.1,-5.7,3.7,,,,,,,,,,,,,,,3.3,1015.2,1020.2,1018.2,1025.5,1729.0,1.0,,,,,106,129.1243,37.5071
2013-03-04,4.4,0.3,9.9,1247.0,703.0,,,,,,,,32.0,49.8,340.0,2121.0,2.5,10.1,5.5,360.0,230.0,270.0,1752.0,1240.0,11.5,8.7,,,,,,-5.6,-6.0,3.5,,,,,,,,,,,,,,,4.2,1013.9,1018.8,1016.2,1021.9,1339.0,2206.0,,,,,106,129.1243,37.5071
2013-03-05,8.5,1.4,14.8,1548.0,50.0,,,,,,,,12.0,30.4,1149.0,1946.0,2.3,9.6,4.5,340.0,290.0,110.0,1003.0,950.0,11.5,10.9,,,,,,-9.1,-5.8,5.7,,,,,,,,,,,,,,,3.2,1015.3,1020.2,1017.4,1022.6,1640.0,849.0,,,,,106,129.1243,37.5071
2013-03-06,11.6,7.6,18.0,1240.0,2118.0,,,,,,,,15.0,40.9,229.0,2320.0,2.7,12.1,6.7,250.0,250.0,110.0,307.0,307.0,11.6,6.6,,,,,,-4.0,0.9,8.5,,,,,,,,,,,,,,,5.2,1013.0,1017.8,1013.6,1020.2,2400.0,1057.0,,,,,106,129.1243,37.5071
2013-03-07,14.2,9.2,18.3,1231.0,1.0,,,,,,,,15.0,38.0,429.0,2923.0,3.4,18.3,9.5,250.0,230.0,250.0,738.0,714.0,11.6,8.7,,,,,,-0.5,2.8,9.7,,,,,,,,,,,,,,,6.1,1003.5,1008.3,1006.7,1013.6,1049.0,1.0,,,,,106,129.1243,37.5071
2013-03-08,15.1,10.4,19.6,1400.0,18.0,,,,,,,,20.0,28.6,945.0,3715.0,4.3,20.1,11.9,250.0,250.0,270.0,1202.0,1128.0,11.7,9.1,,,,,,-3.1,1.6,10.5,,,,,,,,,,,,,,,4.9,1000.5,1005.2,999.8,1010.0,1347.0,2305.0,,,,,106,129.1243,37.5071
2013-03-09,8.9,5.4,14.2,35.0,2354.0,,,,,,,,30.0,68.6,4.0,3451.0,4.0,18.1,10.5,360.0,360.0,360.0,2333.0,2333.0,11.7,9.9,,,,,,2.8,-0.6,10.4,,,,,,,,,,,,,,,7.6,1000.2,1005.0,998.3,1010.3,2114.0,934.0,,,,,106,129.1243,37.5071
2013-03-10,4.2,0.2,6.8,212.0,2353.0,,,,,,,,43.0,62.8,1309.0,3823.0,4.4,18.6,11.3,360.0,360.0,360.0,331.0,315.0,11.7,7.3,,,,,,-2.5,-5.0,8.5,,,,,,,,,,,,,,,5.2,1012.2,1017.2,999.7,1024.0,9.0,2353.0,,,,,106,129.1243,37.5071
2013-03-11,4.9,-1.3,8.8,1459.0,442.0,,,,,,,,41.0,61.5,915.0,2174.0,2.5,10.6,7.0,140.0,140.0,200.0,1623.0,1627.0,11.8,10.9,,,,,,-2.1,-5.1,7.5,,,,,,,,,,,,,,,5.3,1018.3,1023.2,1019.4,1026.7,2359.0,802.0,,,,,106,129.1243,37.5071
2013-03-12,11.7,4.2,16.7,1744.0,22.0,,,,,,,,16.0,40.6,128.0,1741.0,2.0,9.4,6.4,230.0,20.0,20.0,2039.0,2153.0,11.8,4.8,,,,,,-2.4,-3.0,8.6,,,,,,,,,,,,,,,5.3,1008.1,1012.9,1009.1,1019.7,2111.0,3.0,,,,,106,129.1243,37.5071
2013-03-13,3.0,1.2,8.4,1.0,2350.0,15.0,,,,,,,65.0,82.8,1617.0,3389.0,3.9,10.1,7.0,340.0,20.0,340.0,624.0,2003.0,11.9,0.0,,,,,,0.3,0.7,4.7,,,,,,,,,,,,,,,6.4,1011.1,1016.1,1007.0,1026.1,329.0,2327.0,,,,,106,129.1243,37.5071
2013-03-14,3.5,0.8,6.0,1401.0,501.0,0.1,,,,,,,55.0,68.9,958.0,2123.0,2.5,10.4,7.0,140.0,140.0,230.0,1556.0,1601.0,11.9,8.0,,,,,,-1.7,-1.6,5.6,,,,,,,,,,,,,,,5.4,1021.8,1026.8,1024.4,1029.6,2346.0,913.0,,,,,106,129.1243,37.5071
2013-03-15,9.6,2.5,17.4,1548.0,112.0,,,,,,,,14.0,38.0,1541.0,1812.0,2.1,8.5,5.1,250.0,110.0,110.0,1558.0,1226.0,11.9,11.1,,,,,,-4.9,-2.5,7.3,,,,,,,,,,,,,,,4.4,1015.8,1020.7,1018.4,1024.4,1652.0,1.0,,,,,106,129.1243,37.5071
2013-03-16,10.0,4.7,14.3,955.0,2340.0,,,,,,,,12.0,42.3,1003.0,2153.0,2.5,15.8,7.4,250.0,230.0,110.0,415.0,416.0,12.0,10.5,,,,,,-3.7,-0.1,10.2,,,,,,,,,,,,,,,5.0,1016.3,1021.2,1017.9,1022.5,415.0,2126.0,,,,,106,129.1243,37.5071
2013-03-17,9.1,1.9,16.5,2114.0,447.0,0.3,,,,,,,25.0,66.4,2123.0,1448.0,1.7,8.7,5.3,320.0,320.0,200.0,2310.0,2340.0,12.0,1.9,,,,,,2.9,-1.6,7.8,,,,,,,,,,,,,,,7.6,1007.2,1012.1,1005.5,1021.9,2232.0,1.0,,,,,106,129.1243,37.5071
2013-03-18,10.8,7.3,14.8,2052.0,407.0,10.5,,,,,,,41.0,78.4,2051.0,1924.0,2.2,8.4,5.7,140.0,140.0,110.0,1511.0,1516.0,12.0,8.8,,,,,,6.6,7.0,11.8,,,,,,,,,,,,,,,9.9,996.7,1001.4,999.2,1006.2,1529.0,1.0,,,,,106,129.1243,37.5071
2013-03-19,9.2,6.4,13.3,10.0,630.0,,,,,,,,44.0,67.0,437.0,2379.0,2.8,12.7,7.5,340.0,340.0,340.0,2336.0,2343.0,12.1,6.5,,,,,,3.2,1.0,10.5,,,,,,,,,,,,,,,7.8,1006.8,1011.6,1003.3,1014.5,1.0,943.0,,,,,106,129.1243,37.5071
2013-03-20,1.7,-0.1,6.9,1.0,2400.0,33.0,,,,,,,78.0,91.9,1.0,3022.0,3.5,11.5,7.2,360.0,360.0,340.0,47.0,18.0,12.1,0.2,,,,,,0.5,0.0,4.1,,,,,,,,,,,,,,,6.4,1007.2,1012.2,1009.4,1017.5,847.0,2319.0,,,,,106,129.1243,37.5071
2013-03-21,2.7,-4.0,7.3,1715.0,629.0,,,,,,,,29.0,58.5,1210.0,1505.0,1.7,7.2,4.8,140.0,110.0,110.0,1503.0,1539.0,12.2,10.9,,,,,,-5.1,-0.8,1.5,,,,,,,,,,,,,,,4.2,1009.9,1014.8,1009.2,1018.9,2324.0,932.0,,,,,106,129.1243,37.5071
2013-03-22,8.3,4.4,12.0,1608.0,55.0,,,,,,,,12.0,39.0,1046.0,2396.0,2.8,12.2,8.0,250.0,230.0,360.0,507.0,501.0,12.2,4.5,,,,,,-5.7,-0.7,4.3,,,,,,,,,,,,,,,4.2,1005.2,1010.1,1007.7,1014.9,509.0,2352.0,,,,,106,129.1243,37.5071
2013-03-23,6.4,3.2,8.7,1706.0,330.0,,,,,,,,49.0,72.3,13.0,2409.0,2.8,11.0,7.6,110.0,140.0,110.0,1451.0,1456.0,12.3,3.1,,,,,,1.6,-0.9,5.8,,,,,,,,,,,,,,,7.0,1009.8,1014.7,1012.1,1018.2,2354.0,733.0,,,,,106,129.1243,37.5071
2013-03-24,5.7,3.3,9.0,1146.0,541.0,0.2,,,,,,,37.0,70.0,732.0,3105.0,3.6,12.8,7.9,20.0,360.0,360.0,1504.0,1446.0,12.3,8.0,,,,,,0.4,-1.5,8.4,,,,,,,,,,,,,,,6.4,1006.7,1011.6,1010.0,1014.3,422.0,2142.0,,,,,106,129.1243,37.5071
2013-03-25,1.4,-0.6,3.9,1.0,2332.0,12.5,,,,,,,82.0,90.9,1.0,2031.0,2.4,7.6,4.3,360.0,360.0,320.0,606.0,607.0,12.3,0.0,,,,,,0.1,-1.5,2.9,,,,,,,,,,,,,,,6.2,1012.3,1017.3,1013.8,1021.0,418.0,2205.0,,,,,106,129.1243,37.5071
2013-03-26,5.1,-0.8,9.2,1337.0,636.0,,,,,,,,31.0,58.1,1339.0,2017.0,2.3,6.8,4.0,200.0,230.0,230.0,507.0,304.0,12.4,10.5,,,,,,-3.0,-1.8,6.0,,,,,,,,,,,,,,,4.9,1014.5,1019.5,1016.8,1022.2,2358.0,1007.0,,,,,106,129.1243,37.5071
2013-03-27,11.0,3.0,15.8,2019.0,113.0,,,,,,,,18.0,43.1,2053.0,2195.0,2.5,11.2,6.9,230.0,230.0,110.0,2154.0,2200.0,12.4,11.1,,,,,,-2.1,-1.2,10.2,,,,,,,,,,,,,,,5.6,1007.9,1012.7,1009.6,1016.9,1635.0,20.0,,,,,106,129.1243,37.5071
2013-03-28,12.5,10.0,18.7,1119.0,2355.0,,,,,,,,18.0,47.4,212.0,2543.0,2.9,12.6,7.2,290.0,230.0,230.0,2213.0,202.0,12.4,8.9,,,,,,0.9,4.3,12.1,,,,,,,,,,,,,,,6.8,1008.5,1013.3,1010.7,1015.8,11.0,2347.0,,,,,106,129.1243,37.5071
2013-03-29,6.2,2.5,10.1,1.0,2327.0,,,,,,,,33.0,48.3,1737.0,3380.0,3.9,11.6,7.2,360.0,340.0,340.0,217.0,225.0,12.5,9.8,,,,,,-4.1,-0.4,10.5,,,,,,,,,,,,,,,4.6,1014.6,1019.6,1014.9,1022.6,49.0,2308.0,,,,,106,129.1243,37.5071
2013-03-30,5.6,1.5,9.2,1323.0,500.0,0.5,,,,,,,33.0,62.3,908.0,2515.0,2.9,8.6,6.1,20.0,360.0,360.0,1543.0,1606.0,12.5,7.1,,,,,,-1.5,-1.3,9.5,,,,,,,,,,,,,,,5.6,1017.0,1022.0,1020.8,1023.2,1427.0,806.0,,,,,106,129.1243,37.5071
2013-03-31,5.7,2.6,8.6,1403.0,2301.0,2.0,,,,,,,52.0,71.3,1343.0,2266.0,2.6,10.9,6.4,20.0,20.0,230.0,1240.0,1202.0,12.6,9.5,,,,,,0.6,0.6,9.9,,,,,,,,,,,,,,,6.4,1017.6,1022.6,1021.5,1024.1,146.0,1023.0,,,,,106,129.1243,37.5071
2013-04-01,9.5,2.9,14.3,1254.0,621.0,,,,,,,,32.0,58.1,903.0,2155.0,2.5,9.0,6.0,360.0,360.0,360.0,1841.0,1811.0,12.6,7.3,,,,,,1.3,-1.0,10.2,,,,,,,,,,,,,,,7.0,1015.0,1019.9,1016.8,1023.3,2400.0,728.0,,,,,106,129.1243,37.5071
2013-04-02,7.6,5.8,10.2,1123.0,2222.0,5.5,3.5,1.0,,,1334.0,1334.0,73.0,80.0,934.0,3095.0,3.6,11.8,7.3,20.0,360.0,340.0,1257.0,1236.0,12.7,3.4,,,,,,4.4,3.3,9.0,,,,,,,,,,,,,,,8.4,1007.6,1012.5,1010.7,1016.8,1229.0,1.0,,,,,106,129.1243,37.5071
2013-04-03,10.5,3.0,15.7,1953.0,350.0,,,,,,,,27.0,68.1,2325.0,2233.0,2.6,9.0,6.7,110.0,110.0,110.0,1258.0,1338.0,12.7,11.0,,,,,,4.2,0.1,11.9,,,,,,,,,,,,,,,8.4,1006.4,1011.2,1008.1,1013.0,1530.0,26.0,,,,,106,129.1243,37.5071
2013-04-04,10.1,6.3,15.6,13.0,2400.0,,,,,,,,25.0,57.8,18.0,2295.0,2.7,10.8,7.0,20.0,360.0,50.0,514.0,521.0,12.7,8.5,,,,,,1.9,2.3,12.2,,,,,,,,,,,,,,,7.0,1014.0,1018.9,1012.0,1021.1,14.0,1024.0,,,,,106,129.1243,37.5071
2013-04-05,9.4,3.8,13.0,1208.0,549.0,,,,,,,,67.0,79.5,1003.0,1669.0,1.9,5.7,3.9,340.0,340.0,70.0,2114.0,2109.0,12.8,6.3,,,,,,5.9,0.8,12.4,,,,,,,,,,,,,,,9.4,1010.4,1015.3,1010.5,1020.0,2400.0,1.0,,,,,106,129.1243,37.5071
2013-04-06,7.0,2.6,9.9,1.0,2340.0,20.5,2.5,1.0,,,2319.0,644.0,80.0,88.3,1719.0,3517.0,4.1,13.3,7.9,340.0,340.0,340.0,1643.0,1549.0,12.8,0.0,,,,,,5.1,2.1,9.3,,,,,,,,,,,,,,,8.9,996.3,1001.1,996.5,1010.5,1550.0,1.0,,,,,106,129.1243,37.5071
2013-04-07,6.1,1.8,10.4,1542.0,608.0,10.5,2.5,0.5,,,7.0,421.0,41.0,62.1,1809.0,3612.0,4.2,15.4,8.6,360.0,340.0,270.0,124.0,130.0,12.8,5.6,,,,,,-1.2,0.1,8.1,,,,,,,,,,,,,,,5.7,998.1,1003.0,998.1,1008.5,245.0,2336.0,,,,,106,129.1243,37.5071
2013-04-08,12.3,5.0,17.8,1442.0,521.0,,,,,,,,19.0,31.8,1937.0,2814.0,3.3,12.7,6.7,250.0,250.0,200.0,2025.0,2032.0,12.9,10.9,,,,,,-4.7,0.2,11.9,,,,,,,,,,,,,,,4.4,1004.8,1009.6,1007.8,1012.0,1534.0,752.0,,,,,106,129.1243,37.5071
2013-04-09,9.3,5.3,14.1,1328.0,2321.0,,,,,,,,15.0,35.4,1528.0,3992.0,4.6,17.9,10.4,250.0,230.0,250.0,1152.0,1132.0,12.9,10.9,,,,,,-6.2,3.1,12.2,,,,,,,,,,,,,,,3.9,1005.3,1010.1,1007.4,1014.9,1504.0,2319.0,,,,,106,129.1243,37.5071
2013-04-10,7.3,3.6,12.0,1426.0,601.0,,,,,,,,23.0,34.9,1624.0,3171.0,3.7,12.3,6.5,250.0,250.0,250.0,1432.0,31.0,13.0,10.7,,,,,,-7.4,0.3,11.3,,,,,,,,,,,,,,,3.5,1009.9,1014.8,1012.5,1016.2,1659.0,723.0,,,,,106,129.1243,37.5071
2013-04-11,7.5,4.7,11.6,1228.0,438.0,0.3,0.3,0.2,,,1313.0,1247.0,28.0,41.5,1112.0,3166.0,3.7,14.2,8.2,270.0,250.0,250.0,1143.0,1149.0,13.0,9.5,,,,,,-4.8,0.0,9.7,,,,,,,,,,,,,,,4.3,1008.5,1013.4,1011.9,1015.9,1701.0,2355.0,,,,,106,129.1243,37.5071
2013-04-12,9.0,4.8,13.1,1440.0,559.0,,,,,,,,23.0,32.6,1127.0,3169.0,3.7,11.5,6.5,320.0,270.0,270.0,1042.0,741.0,13.1,11.0,,,,,,-6.8,0.8,10.7,,,,,,,,,,,,,,,3.7,1010.5,1015.3,1014.3,1016.7,1802.0,1011.0,,,,,106,129.1243,37.5071
2013-04-13,16.6,7.6,22.1,1601.0,332.0,,,,,,,,15.0,21.4,956.0,3282.0,3.8,15.2,8.5,250.0,230.0,230.0,1523.0,1137.0,13.1,11.2,,,,,,-5.8,-0.4,13.4,,,,,,,,,,,,,,,4.1,1003.4,1008.1,1002.3,1015.5,2224.0,2.0,,,,,106,129.1243,37.5071
2013-04-14,14.7,7.2,20.0,1.0,2340.0,0.1,0.1,0.1,,,,,9.0,30.8,1536.0,4516.0,5.2,20.3,12.4,250.0,250.0,250.0,1151.0,925.0,13.1,10.1,,,,,,-3.9,0.3,15.2,,,,,,,,,,,,,,,5.5,997.9,1002.6,998.3,1008.9,911.0,2339.0,,,,,106,129.1243,37.5071
2013-04-15,10.3,4.4,15.8,1617.0,340.0,,,,,,,,17.0,28.0,1519.0,1820.0,2.1,10.4,6.1,250.0,250.0,250.0,1604.0,1555.0,13.2,3.1,,,,,,-7.8,-0.8,9.7,,,,,,,,,,,,,,,3.5,1004.2,1009.0,1007.2,1011.0,2358.0,1106.0,,,,,106,129.1243,37.5071
2013-04-16,9.0,6.2,14.3,1258.0,2237.0,,,,,,,,34.0,66.4,142.0,4063.0,4.7,17.7,11.6,340.0,360.0,360.0,1420.0,1420.0,13.2,9.1,,,,,,2.7,1.5,12.6,,,,,,,,,,,,,,,7.6,1000.0,1004.8,998.9,1011.5,1219.0,2353.0,,,,,106,129.1243,37.5071
2013-04-17,7.3,5.6,8.7,1352.0,311.0,5.0,3.0,1.5,,,302.0,410.0,64.0,78.5,1242.0,1657.0,1.9,5.8,3.7,360.0,360.0,320.0,502.0,511.0,13.2,0.0,,,,,,3.7,5.2,8.9,,,,,,,,,,,,,,,8.0,1008.4,1013.3,1011.3,1015.4,17.0,1007.0,,,,,106,129.1243,37.5071
2013-04-18,8.2,6.4,12.7,1315.0,544.0,,,,,,,,61.0,74.0,1216.0,2750.0,3.2,14.0,8.9,360.0,360.0,360.0,1534.0,1530.0,13.3,1.2,,,,,,3.7,2.7,10.1,,,,,,,,,,,,,,,8.0,1007.4,1012.2,1008.9,1018.2,506.0,2350.0,,,,,106,129.1243,37.5071
2013-04-19,7.8,5.7,11.3,1319.0,424.0,,,,,,,,35.0,52.5,1650.0,2730.0,3.2,9.1,6.3,20.0,360.0,320.0,1244.0,1055.0,13.3,8.8,,,,,,-1.5,2.7,12.3,,,,,,,,,,,,,,,5.5,1014.2,1019.1,1018.1,1020.4,8.0,1012.0,,,,,106,129.1243,37.5071
2013-04-20,5.9,4.3,7.1,341.0,948.0,8.5,2.0,0.5,,,653.0,751.0,51.0,81.1,441.0,1706.0,2.0,7.7,5.0,140.0,140.0,140.0,1532.0,1536.0,13.4,0.0,,,,,,2.7,3.9,7.7,,,,,,,,,,,,,,,7.5,1012.1,1017.0,1014.9,1019.4,1556.0,1.0,,,,,106,129.1243,37.5071
2013-04-21,8.2,3.5,13.3,947.0,336.0,,,,,,,,30.0,58.6,1248.0,2714.0,3.1,12.3,8.2,20.0,360.0,360.0,1357.0,1403.0,13.4,10.6,,,,,,-0.4,-0.3,10.7,,,,,,,,,,,,,,,6.0,1012.5,1017.3,1015.5,1019.0,345.0,2131.0,,,,,106,129.1243,37.5071
2013-04-22,12.9,4.1,18.1,1001.0,134.0,,,,,,,,17.0,41.0,953.0,2723.0,3.2,10.6,7.3,140.0,140.0,200.0,1352.0,1414.0,13.4,11.5,,,,,,-0.5,-0.2,13.5,,,,,,,,,,,,,,,5.9,1014.4,1019.3,1016.9,1021.9,1715.0,1027.0,,,,,106,129.1243,37.5071
2013-04-23,13.1,11.6,17.1,1316.0,302.0,0.2,0.2,0.1,,,,,31.0,60.8,9.0,1279.0,1.5,7.8,5.4,140.0,140.0,230.0,1455.0,1501.0,13.5,0.0,,,,,,5.1,7.6,11.7,,,,,,,,,,,,,,,9.0,1010.0,1014.8,1009.2,1018.6,2400.0,1.0,,,,,106,129.1243,37.5071
2013-04-24,14.2,11.0,19.4,1011.0,338.0,0.2,0.1,0.1,,,,,43.0,68.3,2351.0,1572.0,1.8,9.1,4.9,250.0,360.0,50.0,1000.0,1414.0,13.5,10.9,,,,,,8.0,5.2,17.0,,,,,,,,,,,,,,,10.9,1001.4,1006.1,1003.9,1009.2,547.0,1.0,,,,,106,129.1243,37.5071
2013-04-25,14.6,8.4,20.2,1051.0,1845.0,1.5,1.5,1.5,,,1834.0,1744.0,19.0,40.8,914.0,3076.0,3.6,14.4,7.9,270.0,290.0,270.0,1222.0,1839.0,13.5,8.9,,,,,,1.0,4.4,14.9,,,,,,,,,,,,,,,6.6,1000.6,1005.3,1002.8,1009.0,1530.0,324.0,,,,,106,129.1243,37.5071
2013-04-26,12.6,9.2,18.0,1511.0,2107.0,1.5,1.5,1.5,,,1650.0,1648.0,28.0,51.4,1512.0,3222.0,3.7,12.1,6.9,250.0,250.0,270.0,948.0,950.0,13.6,8.9,,,,,,2.1,4.7,13.9,,,,,,,,,,,,,,,7.2,1003.0,1007.8,1004.6,1011.6,317.0,2352.0,,,,,106,129.1243,37.5071
2013-04-27,12.5,8.6,16.4,1100.0,454.0,,,,,,,,36.0,58.8,1102.0,2124.0,2.5,8.3,5.7,360.0,20.0,200.0,921.0,1201.0,13.6,10.9,,,,,,4.4,4.0,15.7,,,,,,,,,,,,,,,8.4,1010.9,1015.7,1011.4,1018.8,58.0,2337.0,,,,,106,129.1243,37.5071
2013-04-28,13.5,7.5,17.5,1143.0,403.0,,,,,,,,44.0,67.9,934.0,2182.0,2.5,11.4,7.5,140.0,140.0,110.0,1331.0,1331.0,13.6,9.1,,,,,,7.4,2.8,14.9,,,,,,,,,,,,,,,10.5,1012.0,1016.8,1014.0,1019.4,1751.0,757.0,,,,,106,129.1243,37.5071
2013-04-29,18.1,13.6,24.1,1320.0,5.0,,,,,,,,21.0,40.9,1931.0,3010.0,3.5,20.5,10.6,230.0,250.0,180.0,1531.0,1507.0,13.7,6.8,,,,,,3.9,7.8,16.3,,,,,,,,,,,,,,,8.6,1003.4,1008.1,1003.5,1014.7,1545.0,1.0,,,,,106,129.1243,37.5071
2013-04-30,14.6,10.0,21.1,1122.0,2357.0,,,,,,,,17.0,48.1,943.0,3404.0,3.9,11.7,7.3,250.0,20.0,20.0,140.0,1541.0,13.7,8.4,,,,,,1.8,6.0,18.0,,,,,,,,,,,,,,,7.5,1004.4,1009.1,1006.3,1011.8,1406.0,2338.0,,,,,106,129.1243,37.5071
2013-05-01,9.9,7.2,12.4,1414.0,2256.0,1.5,1.0,0.5,,,741.0,846.0,63.0,75.8,1554.0,2690.0,3.1,9.4,6.8,20.0,20.0,50.0,314.0,318.0,13.7,6.5,,,,,,5.7,3.4,15.5,,,,,,,,,,,,,,,9.2,1007.5,1012.3,1011.3,1013.2,1636.0,1047.0,,,,,106,129.1243,37.5071
2013-05-02,8.8,6.8,10.9,1650.0,16.0,5.0,2.8,2.0,,,1043.0,956.0,77.0,86.6,1705.0,1629.0,1.9,6.8,4.2,360.0,20.0,360.0,955.0,1129.0,13.8,1.9,,,,,,6.6,3.8,10.4,,,,,,,,,,,,,,,9.8,1009.1,1013.9,1012.2,1015.5,438.0,2155.0,,,,,106,129.1243,37.5071
2013-05-03,10.6,6.2,14.9,1638.0,550.0,9.0,3.0,2.0,,,1227.0,1142.0,64.0,82.8,820.0,1627.0,1.9,7.4,4.8,320.0,320.0,200.0,2231.0,2237.0,13.8,6.0,,,,,,7.7,3.8,13.1,,,,,,,,,,,,,,,10.6,1010.1,1015.0,1013.4,1016.9,1638.0,2250.0,,,,,106,129.1243,37.5071
2013-05-04,14.8,9.4,18.8,957.0,139.0,0.1,0.1,0.1,,,,,34.0,55.6,1259.0,2173.0,2.5,6.9,5.0,20.0,20.0,180.0,1123.0,1110.0,13.9,12.7,,,,,,5.6,6.8,17.6,,,,,,,,,,,,,,,9.1,1011.6,1016.3,1014.2,1017.6,232.0,2147.0,,,,,106,129.1243,37.5071
2013-05-05,20.6,14.1,27.6,1553.0,8.0,,,,,,,,16.0,28.5,1116.0,3138.0,3.6,12.6,6.4,230.0,140.0,270.0,2152.0,1447.0,13.9,12.6,,,,,,1.0,8.4,19.1,,,,,,,,,,,,,,,6.6,1010.3,1014.9,1011.5,1018.1,1819.0,700.0,,,,,106,129.1243,37.5071
2013-05-06,18.1,13.0,24.8,842.0,2345.0,,,,,,,,19.0,50.0,241.0,3114.0,3.6,13.1,7.1,250.0,270.0,360.0,423.0,309.0,13.9,12.0,,,,,,5.5,11.0,20.7,,,,,,,,,,,,,,,9.6,1011.4,1016.1,1011.5,1022.5,222.0,2349.0,,,,,106,129.1243,37.5071
2013-05-07,12.9,10.2,15.6,1207.0,2352.0,,,,,,,,66.0,78.8,1030.0,2134.0,2.5,8.5,6.0,140.0,110.0,110.0,1759.0,1800.0,14.0,9.2,,,,,,9.1,5.0,19.0,,,,,,,,,,,,,,,11.6,1017.8,1022.7,1021.0,1024.4,2355.0,1000.0,,,,,106,129.1243,37.5071
2013-05-08,15.8,9.6,23.1,2331.0,454.0,,,,,,,,29.0,69.5,2334.0,1290.0,1.5,6.0,3.4,110.0,110.0,110.0,1532.0,1232.0,14.0,11.7,,,,,,9.5,4.2,19.6,,,,,,,,,,,,,,,12.0,1012.2,1016.9,1013.8,1021.0,1812.0,1.0,,,,,106,129.1243,37.5071
2013-05-09,19.9,16.5,24.3,1232.0,2341.0,0.4,0.4,0.2,,,,1725.0,28.0,44.9,1235.0,1648.0,1.9,8.0,4.9,250.0,140.0,180.0,1710.0,1225.0,14.0,7.4,,,,,,7.2,9.3,19.8,,,,,,,,,,,,,,,10.3,1006.6,1011.3,1008.6,1013.8,2352.0,1.0,,,,,106,129.1243,37.5071
2013-05-10,16.8,13.4,23.6,1640.0,548.0,11.5,3.0,1.0,,,855.0,822.0,32.0,72.8,2146.0,1648.0,1.9,15.2,9.1,250.0,250.0,50.0,2240.0,2243.0,14.0,3.7,,,,,,11.0,13.1,17.6,,,,,,,,,,,,,,,13.5,995.7,1000.3,996.6,1008.5,1431.0,1.0,,,,,106,129.1243,37.5071
2013-05-11,19.6,16.2,25.4,1829.0,353.0,,,,,,,,23.0,43.6,1828.0,2730.0,3.2,10.7,7.1,250.0,140.0,250.0,450.0,1302.0,14.1,12.9,,,,,,6.7,11.7,20.4,,,,,,,,,,,,,,,9.8,996.9,1001.5,999.5,1002.8,7.0,2146.0,,,,,106,129.1243,37.5071
2013-05-12,25.7,20.4,30.9,1514.0,1.0,,,,,,,,22.0,29.1,2109.0,4222.0,4.9,16.5,8.4,230.0,230.0,230.0,1331.0,531.0,14.1,12.0,,,,,,6.2,12.3,22.8,,,,,,,,,,,,,,,9.7,997.7,1002.2,1000.4,1004.6,1521.0,2352.0,,,,,106,129.1243,37.5071
2013-05-13,13.8,12.5,24.8,12.0,2338.0,,,,,,,,23.0,84.9,148.0,2826.0,3.3,13.5,9.3,340.0,340.0,360.0,327.0,333.0,14.1,1.7,,,,,,11.2,11.4,19.1,,,,,,,,,,,,,,,13.3,1006.5,1011.2,1004.5,1013.6,2.0,2114.0,,,,,106,129.1243,37.5071
2013-05-14,13.5,12.1,15.6,1410.0,204.0,,,,,,,,81.0,90.5,1412.0,1879.0,2.2,7.9,5.1,360.0,360.0,20.0,1224.0,1226.0,14.2,0.2,,,,,,12.0,10.8,17.1,,,,,,,,,,,,,,,14.0,1007.5,1012.3,1008.8,1014.6,2056.0,1134.0,,,,,106,129.1243,37.5071
2013-05-15,14.5,11.8,19.5,904.0,1914.0,0.3,0.2,0.1,,,,,65.0,82.6,906.0,2777.0,3.2,11.8,8.4,20.0,360.0,360.0,1108.0,1108.0,14.2,5.8,,,,,,11.4,11.0,19.1,,,,,,,,,,,,,,,13.5,1009.7,1014.5,1010.1,1019.7,447.0,2357.0,,,,,106,129.1243,37.5071
2013-05-16,12.8,11.8,15.5,1527.0,507.0,,,,,,,,65.0,74.5,1333.0,2958.0,3.4,9.5,6.3,360.0,360.0,340.0,1142.0,1035.0,14.2,5.1,,,,,,8.3,10.9,18.5,,,,,,,,,,,,,,,10.9,1017.6,1022.4,1019.7,1023.6,1.0,2125.0,,,,,106,129.1243,37.5071
2013-05-17,13.3,8.6,17.0,1253.0,458.0,,,,,,,,64.0,78.5,914.0,2992.0,3.5,11.6,7.5,140.0,110.0,110.0,1526.0,1653.0,14.2,12.5,,,,,,9.5,4.7,19.7,,,,,,,,,,,,,,,11.9,1013.0,1017.8,1013.8,1023.1,2359.0,1.0,,,,,106,129.1243,37.5071
2013-05-18,15.5,11.1,20.1,1217.0,242.0,1.5,2.0,0.5,,,2245.0,2323.0,56.0,78.5,1226.0,996.0,1.2,4.8,2.8,20.0,360.0,50.0,450.0,452.0,14.3,5.1,,,,,,11.6,6.9,19.9,,,,,,,,,,,,,,,13.7,1004.4,1009.1,1006.1,1013.8,2400.0,1.0,,,,,106,129.1243,37.5071
2013-05-19,14.1,13.1,16.1,1637.0,615.0,39.5,7.5,2.0,,,447.0,412.0,80.0,88.4,1612.0,1981.0,2.3,8.2,5.2,360.0,360.0,360.0,1340.0,1342.0,14.3,0.9,,,,,,12.1,12.0,16.3,,,,,,,,,,,,,,,14.1,996.0,1000.7,998.5,1006.1,1544.0,1.0,,,,,106,129.1243,37.5071
2013-05-20,18.1,11.7,22.7,1232.0,512.0,,,,,,,,31.0,63.8,2000.0,1997.0,2.3,10.9,5.9,340.0,250.0,270.0,2056.0,2241.0,14.3,10.8,,,,,,10.3,9.1,20.0,,,,,,,,,,,,,,,12.9,996.1,1000.7,998.9,1003.8,1521.0,2359.0,,,,,106,129.1243,37.5071
2013-05-21,19.8,14.4,23.8,919.0,507.0,,,,,,,,17.0,38.5,2153.0,2724.0,3.2,9.3,6.4,140.0,140.0,110.0,1138.0,1216.0,14.4,12.9,,,,,,4.8,10.3,21.2,,,,,,,,,,,,,,,8.8,1000.3,1005.0,1002.7,1006.4,1735.0,948.0,,,,,106,129.1243,37.5071
2013-05-22,19.5,15.1,26.7,1024.0,2347.0,,,,,,,,24.0,46.8,524.0,1491.0,1.7,8.4,5.4,110.0,110.0,140.0,1157.0,1158.0,14.4,10.1,,,,,,6.7,12.3,23.1,,,,,,,,,,,,,,,10.1,1005.8,1010.4,1005.9,1013.3,24.0,2141.0,,,,,106,129.1243,37.5071
2013-05-23,16.4,13.3,19.9,1242.0,548.0,,,,,,,,58.0,77.9,755.0,1878.0,2.2,9.5,6.2,360.0,360.0,360.0,843.0,846.0,14.4,12.4,,,,,,12.4,10.7,22.4,,,,,,,,,,,,,,,14.5,1009.0,1013.7,1012.0,1016.0,1830.0,1020.0,,,,,106,129.1243,37.5071
2013-05-24,20.8,14.8,27.8,1244.0,139.0,,,,,,,,29.0,63.6,1314.0,2010.0,2.3,14.8,8.7,340.0,360.0,230.0,2351.0,2356.0,14.4,12.6,,,,,,12.7,11.6,24.1,,,,,,,,,,,,,,,14.8,1006.8,1011.4,1009.4,1014.2,1812.0,2355.0,,,,,106,129.1243,37.5071
2013-05-25,15.2,14.3,18.2,1028.0,2036.0,,,,,,,,73.0,84.4,1036.0,3383.0,3.9,15.5,8.6,340.0,340.0,360.0,8.0,12.0,14.5,6.6,,,,,,12.5,15.0,21.3,,,,,,,,,,,,,,,14.5,1012.0,1016.8,1014.2,1018.0,1.0,2124.0,,,,,106,129.1243,37.5071
2013-05-26,15.8,14.3,17.6,1402.0,352.0,,,,,,,,81.0,88.6,753.0,1553.0,1.8,6.8,4.2,110.0,110.0,110.0,1255.0,922.0,14.5,5.4,,,,,,13.9,15.2,22.1,,,,,,,,,,,,,,,15.9,1012.0,1016.7,1015.6,1018.2,1516.0,606.0,,,,,106,129.1243,37.5071
2013-05-27,16.3,15.3,17.7,915.0,338.0,10.5,3.0,1.0,,,2056.0,2006.0,85.0,91.3,1123.0,1867.0,2.2,9.3,6.1,110.0,140.0,20.0,1911.0,1911.0,14.5,0.0,,,,,,14.8,15.5,17.9,,,,,,,,,,,,,,,16.9,1008.8,1013.5,1010.2,1015.8,2359.0,1.0,,,,,106,129.1243,37.5071
2013-05-28,17.5,15.5,20.4,1509.0,2108.0,6.5,2.0,0.5,,,14.0,27.0,76.0,88.1,1512.0,2984.0,3.5,11.0,6.6,110.0,140.0,140.0,858.0,433.0,14.5,0.5,,,,,,15.5,16.4,18.9,,,,,,,,,,,,,,,17.6,1001.5,1006.1,1004.9,1010.1,1557.0,1.0,,,,,106,129.1243,37.5071
2013-05-29,21.0,15.1,27.6,1116.0,404.0,,,,,,,,42.0,62.8,2302.0,2637.0,3.1,13.5,8.1,270.0,250.0,270.0,2238.0,2110.0,14.5,5.9,,,,,,13.0,14.6,19.8,,,,,,,,,,,,,,,15.1,1000.0,1004.6,1002.5,1007.7,1041.0,2359.0,,,,,106,129.1243,37.5071
2013-05-30,24.7,19.1,30.1,1455.0,145.0,,,,,,,,18.0,29.8,1353.0,3863.0,4.5,12.3,6.9,250.0,270.0,270.0,32.0,36.0,14.5,13.1,,,,,,5.1,15.7,24.0,,,,,,,,,,,,,,,8.8,1004.3,1008.9,1006.9,1010.5,1808.0,741.0,,,,,106,129.1243,37.5071
2013-05-31,21.5,17.8,27.0,858.0,1959.0,,,,,,,,21.0,44.4,129.0,2069.0,2.4,8.5,5.9,110.0,140.0,110.0,1416.0,1415.0,14.6,13.3,,,,,,7.9,12.8,24.5,,,,,,,,,,,,,,,11.0,1003.5,1008.1,1006.2,1009.9,1848.0,620.0,,,,,106,129.1243,37.5071
2013-06-01,17.5,13.6,20.8,57.0,2327.0,,,,,,,,52.0,75.5,59.0,1064.0,1.2,4.4,2.9,90.0,20.0,50.0,1841.0,1949.0,14.6,6.2,,,,,,12.9,11.7,22.0,,,,,,,,,,,,,,,15.0,1001.5,1006.2,1004.9,1007.0,1717.0,704.0,,,,,106,129.1243,37.5071
2013-06-02,16.5,12.4,19.2,1502.0,501.0,,,,,,,,74.0,83.5,905.0,3043.0,3.5,10.9,7.4,360.0,360.0,360.0,1311.0,1209.0,14.6,12.8,,,,,,13.6,10.7,23.0,,,,,,,,,,,,,,,15.6,1005.0,1009.6,1006.5,1011.8,1.0,2203.0,,,,,106,129.1243,37.5071
2013-06-03,16.5,14.3,19.0,1418.0,502.0,,,,,,,,73.0,83.9,1509.0,1257.0,1.5,6.8,3.4,90.0,50.0,70.0,1806.0,846.0,14.6,11.3,,,,,,13.6,13.5,24.5,,,,,,,,,,,,,,,15.6,1008.7,1013.4,1010.7,1016.1,246.0,2254.0,,,,,106,129.1243,37.5071
2013-06-04,17.6,13.7,22.5,1255.0,502.0,,,,,,,,63.0,82.0,1301.0,1406.0,1.6,7.7,5.3,360.0,360.0,20.0,840.0,847.0,14.6,8.3,,,,,,14.4,12.4,22.3,,,,,,,,,,,,,,,16.5,1011.0,1015.7,1014.4,1017.0,256.0,1105.0,,,,,106,129.1243,37.5071
2013-06-05,17.7,16.4,20.1,1340.0,525.0,,,,,,,,75.0,84.3,1055.0,2332.0,2.7,9.5,5.6,360.0,360.0,20.0,201.0,933.0,14.6,8.2,,,,,,14.9,13.9,24.1,,,,,,,,,,,,,,,17.0,1013.5,1018.1,1015.7,1019.3,51.0,818.0,,,,,106,129.1243,37.5071
2013-06-06,17.3,16.1,19.5,1614.0,218.0,0.3,0.1,0.1,,,,,78.0,88.6,1620.0,1760.0,2.0,7.1,4.8,360.0,360.0,360.0,1608.0,1616.0,14.7,0.6,,,,,,15.3,16.8,20.7,,,,,,,,,,,,,,,17.4,1012.4,1017.1,1015.6,1018.5,1926.0,1046.0,,,,,106,129.1243,37.5071
2013-06-07,17.8,16.5,20.0,1443.0,1.0,,,,,,,,73.0,84.3,1053.0,1558.0,1.8,7.4,4.5,140.0,110.0,110.0,1533.0,1342.0,14.7,0.5,,,,,,15.0,17.1,22.0,,,,,,,,,,,,,,,17.1,1009.6,1014.2,1012.6,1016.5,1655.0,1.0,,,,,106,129.1243,37.5071
2013-06-08,17.8,16.6,20.4,1352.0,2141.0,,,,,,,,71.0,84.5,1315.0,1484.0,1.7,7.4,4.8,140.0,140.0,110.0,1340.0,1333.0,14.7,3.2,,,,,,15.1,14.1,21.8,,,,,,,,,,,,,,,17.2,1007.1,1011.7,1010.7,1013.4,1530.0,917.0,,,,,106,129.1243,37.5071
2013-06-09,18.9,16.8,21.5,1406.0,1.0,,,,,,,,68.0,82.8,1410.0,1645.0,1.9,6.1,4.4,110.0,110.0,110.0,1212.0,1221.0,14.7,8.0,,,,,,15.8,15.0,25.2,,,,,,,,,,,,,,,18.0,1005.8,1010.4,1009.7,1011.7,237.0,803.0,,,,,106,129.1243,37.5071
2013-06-10,19.2,16.9,21.8,1438.0,208.0,,,,,,,,64.0,79.5,1038.0,1400.0,1.6,4.7,3.0,90.0,50.0,70.0,1008.0,1128.0,14.7,12.0,,,,,,15.4,15.0,27.0,,,,,,,,,,,,,,,17.5,1006.0,1010.7,1009.9,1011.5,37.0,2231.0,,,,,106,129.1243,37.5071
2013-06-11,18.6,15.1,21.2,1539.0,514.0,1.0,1.5,0.5,,,2302.0,2325.0,71.0,80.5,843.0,1445.0,1.7,5.8,3.6,20.0,20.0,360.0,1345.0,1345.0,14.7,0.0,,,,,,15.1,12.3,21.0,,,,,,,,,,,,,,,17.2,1005.7,1010.3,1009.2,1011.4,1619.0,843.0,,,,,106,129.1243,37.5071
2013-06-12,18.7,17.7,22.2,1150.0,2319.0,1.5,1.0,0.5,,,3.0,1.0,78.0,88.4,1201.0,1876.0,2.2,7.4,4.9,340.0,360.0,360.0,1519.0,1316.0,14.7,0.1,,,,,,16.7,18.4,21.5,,,,,,,,,,,,,,,19.0,1004.9,1009.5,1008.1,1011.9,615.0,2152.0,,,,,106,129.1243,37.5071
2013-06-13,19.5,17.5,21.9,1212.0,106.0,0.5,0.5,0.5,,,5.0,1.0,72.0,87.1,1323.0,1139.0,1.3,4.3,3.3,20.0,50.0,50.0,715.0,1224.0,14.7,2.0,,,,,,17.2,18.0,23.5,,,,,,,,,,,,,,,19.6,1008.9,1013.6,1011.2,1015.0,230.0,2236.0,,,,,106,129.1243,37.5071
2013-06-14,19.7,18.6,21.3,1402.0,400.0,1.0,0.5,0.5,,,709.0,347.0,85.0,90.8,1407.0,1070.0,1.2,6.4,3.9,110.0,140.0,50.0,1541.0,1511.0,14.7,0.0,,,,,,18.1,18.3,21.6,,,,,,,,,,,,,,,20.8,1009.5,1014.2,1012.5,1016.3,2351.0,910.0,,,,,106,129.1243,37.5071
2013-06-15,20.4,19.0,23.0,1354.0,448.0,,,,,,,,82.0,89.8,1328.0,1393.0,1.6,7.0,4.5,140.0,140.0,20.0,1630.0,1637.0,14.7,4.8,,,,,,18.6,17.8,25.4,,,,,,,,,,,,,,,21.5,1006.2,1010.8,1008.6,1012.7,2031.0,521.0,,,,,106,129.1243,37.5071
2013-06-16,23.5,20.3,29.7,839.0,6.0,,,,,,,,49.0,75.1,833.0,1576.0,1.8,8.5,5.8,110.0,110.0,50.0,1032.0,1034.0,14.8,12.1,,,,,,18.6,16.5,27.9,,,,,,,,,,,,,,,21.5,1000.8,1005.4,1002.9,1009.0,2359.0,1.0,,,,,106,129.1243,37.5071
2013-06-17,23.9,20.9,30.7,1043.0,2220.0,,,,,,,,32.0,61.6,1034.0,1569.0,1.8,7.2,3.8,320.0,20.0,110.0,1022.0,1459.0,14.8,6.1,,,,,,15.8,17.6,25.7,,,,,,,,,,,,,,,18.0,995.5,1000.0,998.6,1003.0,1919.0,4.0,,,,,106,129.1243,37.5071
2013-06-18,21.0,20.2,22.4,18.0,1756.0,42.0,10.5,3.0,,,2211.0,2208.0,72.0,89.9,17.0,1258.0,1.5,5.1,3.3,360.0,20.0,360.0,1723.0,1742.0,14.8,0.0,,,,,,19.2,20.2,22.0,,,,,,,,,,,,,,,22.3,992.4,997.0,995.7,998.8,1620.0,1.0,,,,,106,129.1243,37.5071
2013-06-19,21.4,18.7,24.7,1519.0,146.0,7.5,4.0,1.5,,,105.0,42.0,76.0,87.0,1032.0,1381.0,1.6,6.3,4.0,340.0,360.0,20.0,141.0,1000.0,14.8,5.2,,,,,,19.0,18.4,24.4,,,,,,,,,,,,,,,22.0,996.3,1000.9,996.4,1004.7,20.0,2248.0,,,,,106,129.1243,37.5071
2013-06-20,21.5,19.0,25.0,1542.0,433.0,,,,,,,,76.0,88.0,1544.0,1253.0,1.5,7.3,4.9,340.0,110.0,110.0,2357.0,1327.0,14.8,3.5,,,,,,19.4,18.3,24.5,,,,,,,,,,,,,,,22.5,1000.5,1005.0,1003.7,1006.1,308.0,807.0,,,,,106,129.1243,37.5071
2013-06-21,22.0,20.5,24.5,1133.0,2321.0,0.3,0.3,0.2,,,1950.0,1901.0,75.0,85.5,1753.0,2853.0,3.3,9.3,5.7,360.0,340.0,360.0,1756.0,222.0,14.8,1.8,,,,,,19.3,20.5,23.7,,,,,,,,,,,,,,,22.4,1003.0,1007.6,1005.8,1009.1,1.0,2142.0,,,,,106,129.1243,37.5071
2013-06-22,20.3,19.3,21.8,1334.0,2345.0,,,,,,,,82.0,88.5,1341.0,1273.0,1.5,5.0,3.7,340.0,340.0,50.0,11.0,18.0,14.8,0.0,,,,,,18.3,18.6,22.2,,,,,,,,,,,,,,,21.0,1003.2,1007.8,1006.7,1009.1,1945.0,750.0,,,,,106,129.1243,37.5071
2013-06-23,21.2,19.2,23.0,1104.0,48.0,0.5,0.5,0.3,,,741.0,651.0,75.0,86.1,2359.0,1190.0,1.4,6.2,4.1,110.0,110.0,110.0,1138.0,1138.0,14.8,0.0,,,,,,18.6,18.6,23.2,,,,,,,,,,,,,,,21.5,1001.0,1005.6,1004.1,1007.0,1640.0,7.0,,,,,106,129.1243,37.5071
2013-06-24,22.0,18.5,25.4,1331.0,537.0,0.1,0.1,0.1,,,,,64.0,82.1,819.0,1358.0,1.6,7.0,3.4,110.0,110.0,20.0,1500.0,1258.0,14.8,11.0,,,,,,18.7,17.3,28.0,,,,,,,,,,,,,,,21.6,1001.2,1005.8,1004.7,1007.2,324.0,2314.0,,,,,106,129.1243,37.5071
2013-06-25,21.3,18.7,24.1,954.0,457.0,,,,,,,,70.0,84.5,947.0,2082.0,2.4,9.6,6.2,110.0,110.0,110.0,1341.0,1141.0,14.8,9.6,,,,,,18.5,16.5,29.3,,,,,,,,,,,,,,,21.3,1002.1,1006.7,1004.6,1008.4,2346.0,837.0,,,,,106,129.1243,37.5071
2013-06-26,21.8,18.9,24.9,1139.0,346.0,0.4,0.4,0.3,,,855.0,805.0,69.0,84.3,1611.0,1708.0,2.0,5.7,4.1,50.0,20.0,20.0,1539.0,1403.0,14.8,8.6,,,,,,18.9,18.5,28.2,,,,,,,,,,,,,,,21.9,999.0,1003.6,1002.5,1005.4,1722.0,2243.0,,,,,106,129.1243,37.5071
2013-06-27,21.6,19.7,24.7,1355.0,341.0,,,,,,,,72.0,81.1,1302.0,1240.0,1.4,5.6,4.1,140.0,110.0,110.0,1408.0,1408.0,14.8,3.3,,,,,,18.2,17.8,27.9,,,,,,,,,,,,,,,20.9,1001.4,1006.0,1005.0,1007.1,19.0,2106.0,,,,,106,129.1243,37.5071
2013-06-28,21.0,19.4,23.5,1345.0,2022.0,0.5,0.5,0.5,,,1132.0,1130.0,76.0,86.1,1350.0,1777.0,2.1,8.9,6.2,110.0,140.0,110.0,1529.0,1533.0,14.7,4.6,,,,,,18.5,18.7,27.7,,,,,,,,,,,,,,,21.3,1002.6,1007.2,1005.8,1009.2,1659.0,2358.0,,,,,106,129.1243,37.5071
2013-06-29,21.2,19.0,24.2,1259.0,506.0,,,,,,,,74.0,87.1,1300.0,1326.0,1.5,5.2,3.5,110.0,340.0,20.0,1624.0,33.0,14.7,4.3,,,,,,18.9,16.5,28.9,,,,,,,,,,,,,,,21.9,1007.3,1011.9,1008.7,1013.6,49.0,2112.0,,,,,106,129.1243,37.5071
2013-06-30,21.9,18.8,24.9,1642.0,315.0,,,,,,,,72.0,85.3,1644.0,1210.0,1.4,7.7,4.9,140.0,110.0,110.0,1431.0,1417.0,14.7,11.0,,,,,,19.2,16.6,28.6,,,,,,,,,,,,,,,22.3,1006.6,1011.2,1009.3,1013.3,1842.0,756.0,,,,,106,129.1243,37.5071
2013-07-01,23.5,18.8,29.5,1407.0,526.0,,,,,,,,52.0,77.5,1408.0,1199.0,1.4,5.9,3.8,110.0,20.0,50.0,1257.0,933.0,14.7,10.7,,,,,,19.2,17.5,30.9,,,,,,,,,,,,,,,22.3,1003.0,1007.6,1006.1,1009.6,1909.0,910.0,,,,,106,129.1243,37.5071
2013-07-02,25.3,19.6,31.9,1841.0,1139.0,1.0,1.0,0.5,,,900.0,859.0,47.0,71.5,2102.0,1793.0,2.1,15.5,7.1,250.0,250.0,230.0,2235.0,2246.0,14.7,0.4,,,,,,19.2,19.1,23.2,,,,,,,,,,,,,,,22.3,994.4,998.9,992.6,1006.2,1830.0,15.0,,,,,106,129.1243,37.5071
2013-07-03,28.6,22.1,34.3,1453.0,952.0,,,,,,,,33.0,48.8,1818.0,2461.0,2.8,16.2,9.0,250.0,250.0,230.0,453.0,442.0,14.7,9.6,,,,,,16.6,20.6,31.9,,,,,,,,,,,,,,,19.0,992.0,996.4,994.0,998.4,1.0,1057.0,,,,,106,129.1243,37.5071
2013-07-04,27.3,23.8,32.1,846.0,1842.0,0.0,0.0,0.0,,,,,46.0,60.5,841.0,2847.0,3.3,14.8,9.2,250.0,250.0,230.0,29.0,35.0,14.7,4.0,,,,,,18.7,22.9,30.9,,,,,,,,,,,,,,,21.7,991.6,996.0,994.5,997.3,1746.0,1044.0,,,,,106,129.1243,37.5071
2013-07-05,24.5,22.2,28.5,1617.0,714.0,1.0,0.5,0.5,,,243.0,12.0,62.0,77.6,1130.0,1716.0,2.0,8.3,4.9,230.0,200.0,200.0,241.0,246.0,14.7,2.1,,,,,,20.2,20.6,24.9,,,,,,,,,,,,,,,23.7,991.4,995.9,994.0,999.2,334.0,2336.0,,,,,106,129.1243,37.5071
2013-07-06,24.9,22.3,28.8,806.0,2056.0,,,,,,,,60.0,75.4,1619.0,1685.0,2.0,7.2,4.9,140.0,140.0,20.0,1354.0,1353.0,14.7,12.0,,,,,,20.1,20.7,32.8,,,,,,,,,,,,,,,23.6,999.7,1004.2,999.2,1006.5,1.0,2353.0,,,,,106,129.1243,37.5071
2013-07-07,25.7,21.6,29.6,905.0,43.0,,,,,,,,58.0,74.9,850.0,1460.0,1.7,6.4,4.3,110.0,110.0,50.0,1004.0,949.0,14.7,7.9,,,,,,20.8,19.7,32.0,,,,,,,,,,,,,,,24.5,1002.5,1007.0,1006.2,1008.2,1719.0,1019.0,,,,,106,129.1243,37.5071
2013-07-08,25.4,23.0,29.6,1422.0,633.0,0.3,0.2,0.1,,,,,62.0,78.6,1209.0,1172.0,1.4,5.4,3.5,360.0,360.0,50.0,2254.0,2310.0,14.6,1.1,,,,,,21.3,22.6,27.5,,,,,,,,,,,,,,,25.4,1002.1,1006.6,1004.6,1008.2,2354.0,817.0,,,,,106,129.1243,37.5071
2013-07-09,30.2,24.8,35.3,1311.0,307.0,0.5,0.5,0.3,,,208.0,118.0,39.0,56.6,1152.0,2772.0,3.2,14.3,7.2,230.0,250.0,230.0,556.0,907.0,14.6,9.4,,,,,,20.2,23.1,34.0,,,,,,,,,,,,,,,23.7,1000.0,1004.4,1003.2,1005.9,1853.0,802.0,,,,,106,129.1243,37.5071
2013-07-10,24.6,22.0,29.6,1001.0,1956.0,1.0,1.0,0.5,,,431.0,435.0,64.0,84.3,142.0,1854.0,2.1,11.6,6.8,360.0,360.0,360.0,1428.0,1418.0,14.6,3.2,,,,,,21.6,21.4,30.1,,,,,,,,,,,,,,,25.8,1000.8,1005.3,1003.7,1007.1,332.0,2201.0,,,,,106,129.1243,37.5071
2013-07-11,23.1,21.9,25.6,911.0,404.0,6.0,3.0,1.0,,,1921.0,1915.0,80.0,91.4,849.0,1587.0,1.8,7.9,4.8,360.0,360.0,20.0,2110.0,2110.0,14.6,1.4,,,,,,21.5,21.6,29.1,,,,,,,,,,,,,,,25.7,1002.1,1006.6,1005.4,1007.5,1859.0,1145.0,,,,,106,129.1243,37.5071
2013-07-12,23.2,21.7,26.3,1015.0,425.0,4.0,3.0,1.0,,,2338.0,2308.0,70.0,89.0,1015.0,1480.0,1.7,8.5,5.6,340.0,340.0,20.0,2154.0,2202.0,14.6,0.0,,,,,,21.1,21.3,23.7,,,,,,,,,,,,,,,25.1,1001.9,1006.4,1005.2,1009.3,512.0,2344.0,,,,,106,129.1243,37.5071
2013-07-13,23.1,21.2,25.5,2029.0,420.0,41.5,20.5,6.5,,,113.0,102.0,81.0,91.5,2234.0,1011.0,1.2,5.5,3.3,340.0,340.0,180.0,18.0,21.0,14.5,0.0,,,,,,21.5,21.0,23.4,,,,,,,,,,,,,,,25.8,1006.0,1010.5,1008.8,1011.7,1.0,1018.0,,,,,106,129.1243,37.5071
2013-07-14,23.9,21.1,28.3,1754.0,1059.0,29.0,17.0,7.5,,,1023.0,1020.0,67.0,85.5,1753.0,1428.0,1.7,14.6,8.7,340.0,340.0,180.0,941.0,951.0,14.5,1.9,,,,,,21.2,20.9,23.5,,,,,,,,,,,,,,,25.2,1005.7,1010.2,1008.6,1012.6,633.0,1026.0,,,,,106,129.1243,37.5071
2013-07-15,22.6,21.3,26.5,12.0,752.0,72.0,9.5,4.0,,,1254.0,1248.0,70.0,91.3,12.0,1985.0,2.3,9.1,5.5,230.0,230.0,200.0,600.0,606.0,14.5,0.0,,,,,,21.0,20.6,22.3,,,,,,,,,,,,,,,25.0,1007.2,1011.8,1010.0,1014.3,2350.0,819.0,,,,,106,129.1243,37.5071
2013-07-16,27.5,21.9,34.5,1449.0,357.0,,,,,,,,41.0,69.5,1453.0,1412.0,1.6,9.4,5.2,200.0,200.0,110.0,1802.0,1804.0,14.5,13.1,,,,,,20.7,20.3,29.7,,,,,,,,,,,,,,,24.4,1002.4,1006.8,1004.2,1010.0,1802.0,1.0,,,,,106,129.1243,37.5071
2013-07-17,27.4,21.9,32.8,1418.0,708.0,0.5,0.5,0.5,,,640.0,606.0,52.0,69.9,1349.0,2019.0,2.3,11.2,6.5,250.0,250.0,270.0,1229.0,1235.0,14.5,7.0,,,,,,21.2,21.2,29.6,,,,,,,,,,,,,,,25.2,1002.0,1006.4,1004.6,1008.1,46.0,2310.0,,,,,106,129.1243,37.5071
2013-07-18,24.0,21.5,30.0,1000.0,2217.0,12.0,11.5,5.5,,,1950.0,1941.0,59.0,85.0,958.0,1303.0,1.5,5.2,3.9,20.0,20.0,140.0,1114.0,1122.0,14.5,3.7,,,,,,21.2,21.4,26.4,,,,,,,,,,,,,,,25.2,1005.9,1010.5,1007.8,1012.6,36.0,2207.0,,,,,106,129.1243,37.5071
2013-07-19,22.6,21.0,25.8,1221.0,437.0,,,,,,,,76.0,89.8,1625.0,1608.0,1.9,7.5,5.1,110.0,110.0,110.0,1328.0,1449.0,14.4,8.4,,,,,,20.8,21.0,26.8,,,,,,,,,,,,,,,24.6,1005.4,1010.0,1008.7,1011.9,1814.0,1.0,,,,,106,129.1243,37.5071
2013-07-20,27.0,22.2,33.1,1725.0,410.0,,,,,,,,55.0,70.6,1006.0,1347.0,1.6,6.8,4.3,160.0,110.0,180.0,1222.0,1227.0,14.4,10.8,,,,,,21.0,20.9,30.1,,,,,,,,,,,,,,,25.0,1002.6,1007.1,1005.3,1009.2,1709.0,1.0,,,,,106,129.1243,37.5071
2013-07-21,28.3,24.1,32.9,1603.0,229.0,,,,,,,,50.0,66.0,809.0,1327.0,1.5,5.3,3.1,180.0,180.0,50.0,555.0,659.0,14.4,7.7,,,,,,21.1,22.3,32.7,,,,,,,,,,,,,,,25.0,1000.6,1005.0,1004.2,1006.3,346.0,2346.0,,,,,106,129.1243,37.5071
2013-07-22,24.7,23.6,27.9,216.0,2059.0,22.0,5.0,1.5,,,904.0,659.0,69.0,89.6,23.0,980.0,1.1,5.3,3.5,230.0,230.0,270.0,624.0,632.0,14.4,0.0,,,,,,22.8,22.7,25.0,,,,,,,,,,,,,,,27.8,1003.1,1007.6,1006.0,1008.9,23.0,1011.0,,,,,106,129.1243,37.5071
2013-07-23,25.2,23.4,29.2,933.0,107.0,8.0,3.0,1.0,,,1528.0,1451.0,69.0,89.1,939.0,1061.0,1.2,4.4,2.6,230.0,340.0,230.0,2010.0,1447.0,14.3,1.3,,,,,,23.2,22.7,26.5,,,,,,,,,,,,,,,28.4,998.6,1003.1,999.4,1008.0,2349.0,1.0,,,,,106,129.1243,37.5071
2013-07-24,29.5,24.4,33.6,1432.0,19.0,0.2,0.2,0.2,,,,,46.0,57.0,1600.0,2527.0,2.9,12.1,7.4,250.0,230.0,230.0,1851.0,2017.0,14.3,8.7,,,,,,19.9,22.7,27.4,,,,,,,,,,,,,,,23.3,992.3,996.7,995.6,999.4,1455.0,1.0,,,,,106,129.1243,37.5071
2013-07-25,29.0,25.7,33.1,1508.0,405.0,,,,,,,,39.0,50.1,1457.0,2336.0,2.7,11.6,5.9,250.0,250.0,270.0,624.0,620.0,14.3,11.9,,,,,,17.4,20.6,32.8,,,,,,,,,,,,,,,19.9,994.1,998.5,997.1,1000.1,30.0,2219.0,,,,,106,129.1243,37.5071
2013-07-26,27.5,23.5,32.6,1216.0,2344.0,,,,,,,,42.0,60.1,1132.0,1777.0,2.1,8.8,4.2,90.0,110.0,140.0,1822.0,1523.0,14.3,11.7,,,,,,18.7,20.7,34.2,,,,,,,,,,,,,,,21.6,996.8,1001.3,999.7,1003.4,51.0,2325.0,,,,,106,129.1243,37.5071
2013-07-27,26.2,23.3,29.9,806.0,110.0,,,,,,,,56.0,75.1,809.0,1489.0,1.7,6.8,4.0,20.0,20.0,50.0,818.0,825.0,14.2,11.7,,,,,,21.3,20.8,34.5,,,,,,,,,,,,,,,25.4,999.7,1004.2,1002.8,1005.2,46.0,1102.0,,,,,106,129.1243,37.5071
2013-07-28,25.4,23.6,28.1,1406.0,316.0,0.5,0.5,0.5,,,130.0,129.0,71.0,86.8,1359.0,949.0,1.1,6.1,3.9,360.0,360.0,20.0,359.0,402.0,14.2,0.0,,,,,,22.9,23.4,26.8,,,,,,,,,,,,,,,28.0,998.3,1002.8,999.7,1004.8,2353.0,128.0,,,,,106,129.1243,37.5071
2013-07-29,26.2,24.3,34.2,1107.0,2234.0,,,,,,,,52.0,83.8,1102.0,1909.0,2.2,8.3,5.5,360.0,20.0,20.0,1121.0,1121.0,14.2,7.3,,,,,,23.2,22.9,31.9,,,,,,,,,,,,,,,28.4,995.8,1000.3,998.7,1002.4,349.0,2116.0,,,,,106,129.1243,37.5071
2013-07-30,25.0,24.0,27.4,1034.0,102.0,,,,,,,,74.0,85.1,1412.0,1812.0,2.1,5.9,3.8,140.0,140.0,360.0,1844.0,1920.0,14.1,1.2,,,,,,22.3,23.5,30.1,,,,,,,,,,,,,,,26.8,998.0,1002.5,1000.8,1003.8,2354.0,956.0,,,,,106,129.1243,37.5071
2013-07-31,25.7,23.5,33.0,1333.0,418.0,2.5,1.5,0.5,,,701.0,807.0,49.0,83.6,1344.0,2183.0,2.5,10.9,6.6,20.0,360.0,360.0,1441.0,1442.0,14.1,6.7,,,,,,22.6,22.6,28.8,,,,,,,,,,,,,,,27.5,996.6,1001.0,998.6,1004.3,408.0,2308.0,,,,,106,129.1243,37.5071
2013-08-01,25.3,22.7,29.1,1156.0,532.0,,,,,,,,73.0,85.1,1158.0,1693.0,2.0,6.2,4.4,360.0,20.0,360.0,913.0,940.0,14.1,6.6,,,,,,22.5,19.9,32.0,,,,,,,,,,,,,,,27.3,1003.4,1007.9,1004.2,1010.7,4.0,2231.0,,,,,106,129.1243,37.5071
2013-08-02,24.1,23.1,25.5,1305.0,913.0,5.0,3.4,2.0,,,604.0,603.0,87.0,92.1,1307.0,1791.0,2.1,6.3,4.5,140.0,110.0,110.0,1000.0,919.0,14.1,0.0,,,,,,22.7,23.2,25.9,,,,,,,,,,,,,,,27.5,1007.3,1011.9,1010.6,1013.4,1.0,1053.0,,,,,106,129.1243,37.5071
2013-08-03,28.3,22.9,35.8,1454.0,504.0,,,,,,,,41.0,70.3,1530.0,1322.0,1.5,6.8,3.7,290.0,230.0,230.0,1728.0,1219.0,14.0,11.0,,,,,,21.8,21.7,32.4,,,,,,,,,,,,,,,26.2,1003.5,1008.0,1005.7,1011.7,2356.0,1.0,,,,,106,129.1243,37.5071
2013-08-04,28.7,25.1,33.0,1238.0,501.0,,,,,,,,54.0,68.5,1436.0,1550.0,1.8,15.4,5.4,140.0,140.0,110.0,1353.0,1459.0,14.0,10.9,,,,,,22.2,22.3,34.4,,,,,,,,,,,,,,,26.7,998.5,1003.0,1001.1,1005.7,1555.0,1.0,,,,,106,129.1243,37.5071
2013-08-05,28.8,25.1,32.7,929.0,509.0,0.0,0.0,0.0,,,,,48.0,64.0,920.0,1868.0,2.2,8.6,5.6,110.0,110.0,110.0,1324.0,1404.0,14.0,10.8,,,,,,21.2,21.4,34.8,,,,,,,,,,,,,,,25.1,997.5,1002.0,1000.2,1003.2,1710.0,2110.0,,,,,106,129.1243,37.5071
2013-08-06,29.3,25.2,33.8,1254.0,505.0,,,,,,,,49.0,64.4,1251.0,1559.0,1.8,7.2,4.7,250.0,140.0,250.0,46.0,1135.0,13.9,7.9,,,,,,21.8,21.8,32.8,,,,,,,,,,,,,,,26.1,1000.1,1004.5,1002.1,1005.9,24.0,2355.0,,,,,106,129.1243,37.5071
2013-08-07,29.7,25.9,34.9,1035.0,427.0,,,,,,,,50.0,68.3,1036.0,1344.0,1.6,6.6,3.9,110.0,360.0,250.0,1432.0,137.0,13.9,9.3,,,,,,23.0,22.9,35.6,,,,,,,,,,,,,,,28.2,1000.9,1005.4,1003.8,1007.0,1753.0,605.0,,,,,106,129.1243,37.5071
2013-08-08,31.3,27.5,35.0,1748.0,8.0,,,,,,,,45.0,60.1,1255.0,1469.0,1.7,7.2,3.9,20.0,110.0,110.0,2316.0,1454.0,13.9,11.3,,,,,,22.5,25.6,36.8,,,,,,,,,,,,,,,27.2,998.1,1002.5,1001.1,1004.5,2328.0,103.0,,,,,106,129.1243,37.5071
2013-08-09,32.5,29.0,36.1,1317.0,13.0,,,,,,,,45.0,57.6,211.0,1886.0,2.2,11.9,5.5,320.0,180.0,270.0,148.0,213.0,13.8,9.1,,,,,,22.9,26.2,36.4,,,,,,,,,,,,,,,27.9,997.9,1002.3,1000.5,1004.5,147.0,2236.0,,,,,106,129.1243,37.5071
2013-08-10,30.3,26.0,35.4,1141.0,2241.0,0.1,0.1,0.1,,,,,46.0,59.5,1143.0,1560.0,1.8,8.4,4.9,270.0,250.0,200.0,1206.0,1212.0,13.8,5.7,,,,,,21.4,21.9,31.0,,,,,,,,,,,,,,,25.5,1001.8,1006.3,1003.9,1008.6,158.0,1442.0,,,,,106,129.1243,37.5071
2013-08-11,29.4,24.8,35.0,1021.0,2303.0,,,,,,,,31.0,53.1,1028.0,1632.0,1.9,8.4,3.6,250.0,250.0,140.0,56.0,56.0,13.8,12.5,,,,,,18.6,20.4,36.5,,,,,,,,,,,,,,,21.5,1005.0,1009.4,1007.7,1010.3,47.0,810.0,,,,,106,129.1243,37.5071
2013-08-12,28.7,24.8,32.9,915.0,1.0,,,,,,,,50.0,70.3,1416.0,1422.0,1.6,6.0,4.0,110.0,110.0,50.0,1437.0,1044.0,13.7,10.8,,,,,,22.6,21.8,36.8,,,,,,,,,,,,,,,27.6,1005.0,1009.5,1008.5,1010.9,1835.0,801.0,,,,,106,129.1243,37.5071
2013-08-13,29.0,24.8,34.1,927.0,2257.0,,,,,,,,44.0,66.3,928.0,1546.0,1.8,6.1,3.9,110.0,110.0,230.0,1053.0,1045.0,13.7,12.5,,,,,,21.8,20.9,37.3,,,,,,,,,,,,,,,26.2,1004.2,1008.7,1008.0,1009.8,1809.0,712.0,,,,,106,129.1243,37.5071
2013-08-14,28.7,24.1,34.6,956.0,29.0,,,,,,,,38.0,62.8,957.0,2147.0,2.5,8.2,5.7,110.0,140.0,140.0,1442.0,1444.0,13.7,12.5,,,,,,20.5,20.3,36.4,,,,,,,,,,,,,,,24.2,1004.0,1008.5,1007.4,1009.8,1753.0,620.0,,,,,106,129.1243,37.5071
2013-08-15,29.3,25.2,34.0,1018.0,314.0,,,,,,,,43.0,59.0,1014.0,1935.0,2.2,9.2,6.8,140.0,140.0,110.0,1428.0,1430.0,13.6,12.2,,,,,,20.1,20.3,36.1,,,,,,,,,,,,,,,23.6,1003.0,1007.5,1006.2,1008.8,1622.0,226.0,,,,,106,129.1243,37.5071
2013-08-16,30.1,26.5,35.6,1221.0,544.0,,,,,,,,37.0,57.0,1225.0,1703.0,2.0,10.2,6.8,140.0,140.0,230.0,1438.0,1440.0,13.6,11.5,,,,,,20.4,21.4,34.8,,,,,,,,,,,,,,,24.1,1000.4,1004.8,1003.4,1006.6,1551.0,1.0,,,,,106,129.1243,37.5071
2013-08-17,30.4,26.3,35.0,1414.0,550.0,,,,,,,,36.0,51.0,1159.0,2314.0,2.7,10.9,6.9,250.0,250.0,250.0,2209.0,2214.0,13.6,10.1,,,,,,18.8,22.6,35.5,,,,,,,,,,,,,,,21.8,998.1,1002.5,1000.9,1004.0,1701.0,1.0,,,,,106,129.1243,37.5071
2013-08-18,29.8,27.1,35.2,1426.0,303.0,,,,,,,,39.0,57.3,1420.0,1575.0,1.8,9.3,4.8,250.0,250.0,270.0,419.0,426.0,13.5,2.1,,,,,,20.3,23.1,34.4,,,,,,,,,,,,,,,23.9,999.1,1003.6,1001.9,1004.8,105.0,2213.0,,,,,106,129.1243,37.5071
2013-08-19,27.4,24.9,30.6,1543.0,2219.0,0.0,0.0,0.0,,,,,63.0,76.4,20.0,1872.0,2.2,7.6,5.5,340.0,110.0,110.0,1756.0,1204.0,13.5,7.6,,,,,,22.7,21.8,33.3,,,,,,,,,,,,,,,27.6,1001.0,1005.5,1004.3,1007.0,1417.0,2237.0,,,,,106,129.1243,37.5071
2013-08-20,26.4,22.6,29.2,1336.0,533.0,0.0,0.0,0.0,,,,,67.0,77.9,830.0,2515.0,2.9,9.3,6.5,50.0,360.0,360.0,1453.0,1312.0,13.5,10.5,,,,,,22.0,19.1,35.5,,,,,,,,,,,,,,,26.5,1003.7,1008.2,1006.3,1010.0,46.0,2322.0,,,,,106,129.1243,37.5071
2013-08-21,25.4,23.9,27.1,1151.0,636.0,0.3,0.1,0.1,,,,,77.0,83.4,241.0,1845.0,2.1,6.7,4.8,140.0,140.0,110.0,1735.0,1744.0,13.4,0.0,,,,,,22.2,23.1,27.2,,,,,,,,,,,,,,,26.8,1005.4,1009.9,1009.1,1010.9,1819.0,944.0,,,,,106,129.1243,37.5071
2013-08-22,27.6,23.4,32.2,1354.0,446.0,6.5,6.5,5.0,,,507.0,443.0,60.0,80.3,1354.0,1634.0,1.9,9.6,5.7,110.0,140.0,180.0,1400.0,1422.0,13.4,9.2,,,,,,23.7,21.7,31.8,,,,,,,,,,,,,,,29.4,1003.8,1008.3,1006.6,1009.9,1825.0,812.0,,,,,106,129.1243,37.5071
2013-08-23,25.9,22.9,29.2,12.0,758.0,31.0,22.0,7.5,,,702.0,648.0,63.0,80.1,1534.0,1449.0,1.7,10.8,6.0,320.0,320.0,180.0,704.0,706.0,13.3,1.3,,,,,,22.1,21.0,26.6,,,,,,,,,,,,,,,26.7,1001.9,1006.4,1005.4,1008.9,1448.0,713.0,,,,,106,129.1243,37.5071
2013-08-24,26.1,22.6,30.7,921.0,2347.0,,,,,,,,44.0,66.4,952.0,2024.0,2.3,6.1,4.9,20.0,20.0,20.0,1152.0,1158.0,13.3,11.3,,,,,,19.1,20.0,29.9,,,,,,,,,,,,,,,22.2,1001.9,1006.4,1005.6,1007.3,1509.0,137.0,,,,,106,129.1243,37.5071
2013-08-25,24.6,19.7,29.2,1435.0,457.0,,,,,,,,56.0,72.9,840.0,1913.0,2.2,6.1,4.6,20.0,20.0,230.0,1039.0,1118.0,13.3,11.3,,,,,,19.3,17.8,30.5,,,,,,,,,,,,,,,22.4,1001.8,1006.3,1005.1,1007.3,55.0,950.0,,,,,106,129.1243,37.5071
2013-08-26,22.7,20.0,28.0,1100.0,1642.0,3.5,3.4,2.0,,,1619.0,1610.0,49.0,75.1,944.0,2084.0,2.4,7.5,4.9,110.0,110.0,230.0,1303.0,1252.0,13.2,7.4,,,,,,17.8,19.0,26.3,,,,,,,,,,,,,,,20.4,1000.1,1004.7,1003.2,1006.2,1550.0,1.0,,,,,106,129.1243,37.5071
2013-08-27,25.0,20.0,29.5,1342.0,8.0,,,,,,,,52.0,73.3,910.0,1929.0,2.2,7.5,4.3,50.0,20.0,200.0,1036.0,1211.0,13.2,9.1,,,,,,19.7,18.6,28.6,,,,,,,,,,,,,,,23.0,1002.4,1007.0,1004.3,1009.0,24.0,2349.0,,,,,106,129.1243,37.5071
2013-08-28,24.5,21.9,27.6,1128.0,458.0,,,,,,,,69.0,81.6,921.0,2085.0,2.4,9.4,6.5,140.0,110.0,110.0,1557.0,1606.0,13.2,3.8,,,,,,21.0,20.9,26.7,,,,,,,,,,,,,,,24.9,1002.7,1007.3,1004.1,1009.8,2348.0,925.0,,,,,106,129.1243,37.5071
2013-08-29,24.1,21.0,30.3,1228.0,440.0,5.0,4.3,1.5,,,1623.0,1600.0,54.0,80.5,1342.0,1998.0,2.3,14.2,8.6,340.0,340.0,200.0,1522.0,1509.0,13.1,0.4,,,,,,20.2,19.7,23.6,,,,,,,,,,,,,,,23.8,994.0,998.5,992.9,1004.1,1307.0,1.0,,,,,106,129.1243,37.5071
2013-08-30,25.2,22.2,28.5,1400.0,642.0,,,,,,,,65.0,84.5,2054.0,1841.0,2.1,13.0,7.5,340.0,340.0,110.0,2153.0,2220.0,13.1,10.1,,,,,,22.3,21.0,28.7,,,,,,,,,,,,,,,26.9,997.1,1001.6,999.0,1003.1,54.0,2357.0,,,,,106,129.1243,37.5071
2013-08-31,21.0,19.3,23.4,1546.0,2342.0,12.0,5.5,2.0,,,330.0,331.0,63.0,76.1,1619.0,3316.0,3.8,10.9,6.7,320.0,360.0,340.0,13.0,843.0,13.0,2.6,,,,,,16.5,17.9,22.0,,,,,,,,,,,,,,,18.8,1003.5,1008.1,1003.0,1012.0,115.0,2249.0,,,,,106,129.1243,37.5071
2013-09-01,21.5,17.7,25.3,1313.0,505.0,,,,,,,,55.0,70.3,1212.0,1348.0,1.6,7.3,3.1,360.0,50.0,50.0,1317.0,1503.0,13.0,9.6,,,,,,15.6,16.7,26.3,,,,,,,,,,,,,,,17.8,1008.5,1013.1,1011.9,1014.1,1.0,2215.0,,,,,106,129.1243,37.5071
2013-09-02,21.3,17.1,25.8,1308.0,338.0,,,,,,,,64.0,78.8,852.0,1749.0,2.0,6.5,5.1,50.0,20.0,20.0,1119.0,1129.0,13.0,7.3,,,,,,17.3,16.4,24.6,,,,,,,,,,,,,,,19.8,1009.1,1013.8,1012.8,1014.8,1512.0,1023.0,,,,,106,129.1243,37.5071
2013-09-03,20.2,17.6,23.4,1337.0,347.0,,,,,,,,57.0,74.0,1358.0,1966.0,2.3,7.8,4.9,340.0,340.0,340.0,1312.0,1037.0,12.9,0.7,,,,,,15.3,16.0,22.5,,,,,,,,,,,,,,,17.4,1008.5,1013.2,1012.0,1014.7,1651.0,835.0,,,,,106,129.1243,37.5071
2013-09-04,20.2,17.0,23.6,1305.0,2329.0,0.0,0.0,0.0,,,,,52.0,69.3,1308.0,3305.0,3.8,13.2,7.3,360.0,360.0,320.0,1156.0,1048.0,12.9,7.4,,,,,,14.2,14.5,24.1,,,,,,,,,,,,,,,16.2,1009.1,1013.7,1011.7,1016.2,520.0,2248.0,,,,,106,129.1243,37.5071
2013-09-05,19.4,14.7,23.6,1115.0,444.0,,,,,,,,59.0,74.5,855.0,1641.0,1.9,5.4,3.8,20.0,20.0,200.0,1106.0,1059.0,12.8,5.7,,,,,,14.5,13.4,23.7,,,,,,,,,,,,,,,16.6,1013.6,1018.3,1015.8,1020.0,42.0,2223.0,,,,,106,129.1243,37.5071
2013-09-06,19.4,17.6,22.7,1036.0,416.0,2.5,1.0,0.5,,,1551.0,1532.0,64.0,81.8,911.0,1201.0,1.4,4.2,2.9,230.0,230.0,200.0,2245.0,2253.0,12.8,0.0,,,,,,16.1,16.7,21.2,,,,,,,,,,,,,,,18.3,1014.7,1019.4,1018.7,1020.5,1858.0,957.0,,,,,106,129.1243,37.5071
2013-09-07,19.8,17.1,24.3,1250.0,2355.0,0.2,0.1,0.1,,,,,63.0,81.5,1312.0,1348.0,1.6,4.5,3.1,110.0,110.0,110.0,1306.0,1314.0,12.8,4.4,,,,,,16.3,15.9,22.4,,,,,,,,,,,,,,,18.6,1012.8,1017.4,1016.3,1019.1,1842.0,1.0,,,,,106,129.1243,37.5071
2013-09-08,21.6,17.1,26.9,943.0,13.0,,,,,,,,41.0,70.8,952.0,1557.0,1.8,5.3,2.9,230.0,200.0,200.0,718.0,624.0,12.7,11.0,,,,,,15.7,14.9,27.5,,,,,,,,,,,,,,,17.9,1012.6,1017.3,1016.2,1018.3,321.0,2129.0,,,,,106,129.1243,37.5071
2013-09-09,20.9,17.1,24.7,1213.0,538.0,,,,,,,,71.0,80.9,957.0,1459.0,1.7,5.3,3.2,140.0,110.0,230.0,1740.0,1741.0,12.7,3.8,,,,,,17.4,15.7,25.2,,,,,,,,,,,,,,,19.9,1011.4,1016.1,1014.1,1018.0,2338.0,621.0,,,,,106,129.1243,37.5071
2013-09-10,22.0,17.9,27.1,1023.0,342.0,4.5,3.5,1.5,,,2243.0,2218.0,54.0,80.1,1006.0,1492.0,1.7,6.0,3.8,110.0,110.0,110.0,1233.0,1234.0,12.6,4.6,,,,,,18.2,16.6,24.7,,,,,,,,,,,,,,,20.9,1009.2,1013.9,1012.8,1014.9,1722.0,947.0,,,,,106,129.1243,37.5071
2013-09-11,21.5,19.6,26.0,1248.0,405.0,3.0,1.5,1.0,,,620.0,530.0,68.0,86.0,1246.0,1013.0,1.2,5.9,4.0,180.0,180.0,180.0,1139.0,1147.0,12.6,0.8,,,,,,19.0,19.7,23.3,,,,,,,,,,,,,,,22.0,1008.9,1013.5,1012.1,1014.7,1556.0,2359.0,,,,,106,129.1243,37.5071
2013-09-12,21.6,19.8,25.3,1121.0,419.0,0.5,0.5,0.5,,,1708.0,1708.0,75.0,88.5,1125.0,1289.0,1.5,8.0,4.7,360.0,360.0,360.0,1134.0,1138.0,12.6,0.1,,,,,,19.5,18.7,22.2,,,,,,,,,,,,,,,22.7,1012.0,1016.6,1014.5,1017.8,40.0,1018.0,,,,,106,129.1243,37.5071
2013-09-13,22.9,20.1,27.0,1534.0,543.0,0.1,0.1,0.1,,,,,65.0,85.5,1918.0,1440.0,1.7,10.1,6.6,360.0,340.0,360.0,2053.0,2113.0,12.5,0.1,,,,,,20.2,19.6,23.9,,,,,,,,,,,,,,,23.7,1006.3,1010.8,1008.1,1015.4,1501.0,10.0,,,,,106,129.1243,37.5071
2013-09-14,21.6,19.9,25.4,1657.0,2040.0,12.5,5.0,1.5,,,911.0,859.0,68.0,86.4,2231.0,1571.0,1.8,8.0,4.1,340.0,230.0,200.0,1459.0,934.0,12.5,1.0,,,,,,19.2,17.5,21.3,,,,,,,,,,,,,,,22.3,1004.6,1009.2,1005.9,1012.5,1447.0,947.0,,,,,106,129.1243,37.5071
2013-09-15,22.2,18.4,27.8,937.0,2328.0,,,,,,,,41.0,73.8,1551.0,2538.0,2.9,10.4,7.1,340.0,360.0,360.0,1434.0,1434.0,12.5,11.0,,,,,,17.0,16.7,25.3,,,,,,,,,,,,,,,19.5,1003.9,1008.5,1007.4,1009.8,1447.0,2038.0,,,,,106,129.1243,37.5071
2013-09-16,19.6,15.1,24.1,1036.0,2238.0,,,,,,,,51.0,72.0,1408.0,2125.0,2.5,7.1,5.0,20.0,20.0,320.0,932.0,940.0,12.4,7.6,,,,,,14.1,13.5,22.2,,,,,,,,,,,,,,,16.2,1007.5,1012.2,1008.5,1014.7,15.0,2356.0,,,,,106,129.1243,37.5071
2013-09-17,21.7,14.9,27.8,1016.0,11.0,,,,,,,,36.0,60.3,1444.0,1832.0,2.1,5.5,3.9,230.0,230.0,200.0,606.0,611.0,12.4,10.0,,,,,,13.4,13.2,25.1,,,,,,,,,,,,,,,15.4,1012.6,1017.2,1014.0,1018.8,120.0,2103.0,,,,,106,129.1243,37.5071
2013-09-18,21.9,18.4,26.3,1012.0,637.0,,,,,,,,51.0,73.1,1030.0,2330.0,2.7,9.0,6.0,360.0,360.0,360.0,1241.0,1553.0,12.3,10.7,,,,,,16.7,16.0,26.5,,,,,,,,,,,,,,,19.0,1016.7,1021.3,1018.3,1023.7,49.0,2215.0,,,,,106,129.1243,37.5071
2013-09-19,20.7,16.3,24.9,1333.0,447.0,,,,,,,,60.0,79.9,925.0,1619.0,1.9,5.5,4.1,90.0,50.0,200.0,1200.0,1140.0,12.3,9.5,,,,,,17.0,14.9,25.4,,,,,,,,,,,,,,,19.5,1014.6,1019.3,1016.1,1023.4,2354.0,1.0,,,,,106,129.1243,37.5071
2013-09-20,22.5,16.9,28.4,936.0,140.0,,,,,,,,43.0,68.5,1316.0,1588.0,1.8,6.7,4.2,110.0,110.0,200.0,1338.0,1338.0,12.3,9.7,,,,,,16.2,13.9,27.2,,,,,,,,,,,,,,,18.5,1009.9,1014.5,1013.3,1016.1,1428.0,1.0,,,,,106,129.1243,37.5071
2013-09-21,23.2,20.2,28.3,925.0,607.0,,,,,,,,50.0,69.6,925.0,2841.0,3.3,14.6,7.7,360.0,360.0,340.0,1444.0,1402.0,12.2,8.7,,,,,,17.2,16.6,27.7,,,,,,,,,,,,,,,19.6,1011.2,1015.8,1014.1,1018.5,102.0,2313.0,,,,,106,129.1243,37.5071
2013-09-22,18.7,16.6,21.6,1.0,2259.0,57.5,16.5,8.0,,,149.0,142.0,67.0,85.0,1735.0,2272.0,2.6,9.4,6.7,50.0,20.0,320.0,316.0,347.0,12.2,0.0,,,,,,16.1,15.4,19.0,,,,,,,,,,,,,,,18.3,1016.5,1021.2,1017.9,1023.0,313.0,953.0,,,,,106,129.1243,37.5071
2013-09-23,20.1,17.1,24.0,1449.0,402.0,0.2,0.2,0.1,,,,,66.0,81.8,940.0,1530.0,1.8,6.5,4.0,140.0,110.0,200.0,1530.0,1525.0,12.1,5.2,,,,,,16.7,16.4,23.9,,,,,,,,,,,,,,,19.0,1012.5,1017.2,1013.8,1021.5,2351.0,25.0,,,,,106,129.1243,37.5071
2013-09-24,20.3,17.2,24.4,1114.0,125.0,4.5,2.5,1.0,,,1327.0,1322.0,66.0,87.6,1121.0,1271.0,1.5,9.3,4.9,340.0,340.0,230.0,2114.0,2122.0,12.1,1.2,,,,,,18.1,16.1,21.6,,,,,,,,,,,,,,,20.9,1006.2,1010.8,1009.7,1014.0,1707.0,6.0,,,,,106,129.1243,37.5071
2013-09-25,16.3,14.7,19.1,1.0,2338.0,9.0,3.5,1.0,,,423.0,422.0,72.0,87.3,1248.0,2280.0,2.6,9.2,5.5,320.0,340.0,340.0,539.0,528.0,12.0,0.0,,,,,,14.1,13.9,16.7,,,,,,,,,,,,,,,16.1,1008.0,1012.7,1009.8,1014.8,14.0,2244.0,,,,,106,129.1243,37.5071
2013-09-26,16.2,13.8,19.9,1317.0,2331.0,3.5,2.0,1.0,,,915.0,915.0,63.0,80.6,1508.0,1543.0,1.8,10.8,7.1,20.0,20.0,200.0,955.0,1001.0,12.0,2.5,,,,,,12.8,12.6,19.1,,,,,,,,,,,,,,,14.8,1012.2,1016.9,1014.4,1018.5,300.0,1053.0,,,,,106,129.1243,37.5071
2013-09-27,17.4,10.7,23.9,1407.0,608.0,,,,,,,,31.0,65.6,1009.0,2245.0,2.6,8.8,6.0,110.0,140.0,200.0,1628.0,1630.0,12.0,10.6,,,,,,10.5,9.6,20.6,,,,,,,,,,,,,,,12.8,1013.2,1017.9,1016.3,1019.5,1705.0,617.0,,,,,106,129.1243,37.5071
2013-09-28,18.4,14.1,23.5,1155.0,633.0,0.2,0.1,0.1,,,,,42.0,66.3,1143.0,1318.0,1.5,5.0,3.2,200.0,180.0,200.0,2230.0,2236.0,11.9,0.1,,,,,,11.8,12.7,18.7,,,,,,,,,,,,,,,13.9,1011.9,1016.6,1015.0,1017.9,1340.0,2026.0,,,,,106,129.1243,37.5071
2013-09-29,17.0,15.5,18.5,1514.0,333.0,51.0,7.5,2.5,,,1002.0,1001.0,76.0,92.3,103.0,794.0,0.9,5.3,3.0,180.0,340.0,320.0,24.0,1633.0,11.9,0.0,,,,,,15.7,15.3,17.6,,,,,,,,,,,,,,,17.9,1012.6,1017.3,1016.3,1018.5,135.0,1001.0,,,,,106,129.1243,37.5071
2013-09-30,18.4,17.3,19.8,914.0,7.0,32.5,11.0,3.5,,,119.0,44.0,84.0,89.5,2113.0,2619.0,3.0,8.5,5.0,320.0,320.0,340.0,1340.0,1625.0,11.9,0.0,,,,,,16.6,16.8,19.3,,,,,,,,,,,,,,,18.9,1013.8,1018.5,1015.5,1020.6,238.0,2108.0,,,,,106,129.1243,37.5071
2013-10-01,19.3,16.2,21.7,1334.0,2354.0,,,,,,,,70.0,78.3,1103.0,1723.0,2.0,7.5,4.6,20.0,360.0,250.0,1441.0,1441.0,11.8,0.6,,,,,,15.3,16.7,21.4,,,,,,,,,,,,,,,17.4,1013.2,1017.9,1008.5,1020.3,2354.0,13.0,,,,,106,129.1243,37.5071
2013-10-02,19.7,,25.7,1502.0,,4.0,2.0,1.5,,,1932.0,2157.0,58.0,77.1,1459.0,1951.0,2.3,,,,,20.0,,,11.8,2.8,,,,,,15.4,14.5,21.1,,,,,,,,,,,,,,,17.5,1005.8,1010.4,1007.1,1014.0,1415.0,2357.0,,,,,106,129.1243,37.5071
2013-10-03,16.7,12.9,21.4,1209.0,2226.0,4.5,3.5,1.0,,,21.0,22.0,32.0,62.6,1052.0,1775.0,2.1,7.0,4.4,340.0,20.0,180.0,404.0,1128.0,11.7,10.4,,,,,,8.8,9.3,20.9,,,,,,,,,,,,,,,11.5,1011.7,1016.4,1014.0,1018.3,1.0,948.0,,,,,106,129.1243,37.5071
2013-10-04,16.9,11.0,22.7,1428.0,547.0,,,,,,,,34.0,64.6,1019.0,2130.0,2.5,6.3,4.0,200.0,230.0,230.0,521.0,512.0,11.7,10.9,,,,,,9.9,8.5,21.0,,,,,,,,,,,,,,,12.3,1015.7,1020.5,1017.5,1022.2,3.0,2205.0,,,,,106,129.1243,37.5071
2013-10-05,17.4,10.4,23.6,1125.0,553.0,,,,,,,,42.0,72.9,959.0,1962.0,2.3,5.8,4.1,230.0,230.0,230.0,143.0,150.0,11.7,8.2,,,,,,12.1,8.5,20.8,,,,,,,,,,,,,,,14.4,1019.0,1023.7,1021.4,1025.7,246.0,2213.0,,,,,106,129.1243,37.5071
2013-10-06,19.1,16.6,21.4,1201.0,202.0,10.5,3.0,1.0,,,1524.0,2231.0,74.0,87.4,914.0,3187.0,3.7,9.8,6.7,50.0,20.0,340.0,1313.0,912.0,11.6,0.0,,,,,,16.9,15.2,18.2,,,,,,,,,,,,,,,19.2,1021.6,1026.3,1024.9,1028.0,2338.0,1010.0,,,,,106,129.1243,37.5071
2013-10-07,19.5,18.1,23.1,1145.0,416.0,4.5,1.0,0.5,,,223.0,208.0,78.0,90.8,1147.0,1791.0,2.1,6.8,4.6,20.0,360.0,340.0,1233.0,1232.0,11.6,2.3,,,,,,17.8,16.9,20.2,,,,,,,,,,,,,,,20.4,1016.7,1021.4,1018.0,1024.8,2349.0,1.0,,,,,106,129.1243,37.5071
2013-10-08,19.2,18.0,20.3,1352.0,1716.0,58.0,13.5,4.5,,,1329.0,1239.0,88.0,92.3,249.0,3823.0,4.4,14.7,10.1,20.0,20.0,20.0,1631.0,1635.0,11.5,0.0,,,,,,17.9,17.5,19.2,,,,,,,,,,,,,,,20.5,1011.1,1015.8,1011.8,1018.2,2347.0,517.0,,,,,106,129.1243,37.5071
2013-10-09,18.0,16.0,21.7,1220.0,608.0,1.0,0.9,0.5,,,217.0,139.0,67.0,82.4,1221.0,2426.0,2.8,9.6,5.5,340.0,320.0,340.0,256.0,251.0,11.5,8.7,,,,,,14.8,14.4,20.5,,,,,,,,,,,,,,,16.9,1009.8,1014.5,1011.2,1015.7,30.0,900.0,,,,,106,129.1243,37.5071
2013-10-10,19.7,15.4,24.5,1700.0,615.0,,,,,,,,62.0,79.3,926.0,1590.0,1.8,5.8,3.4,230.0,230.0,230.0,417.0,358.0,11.5,5.2,,,,,,15.9,12.9,19.6,,,,,,,,,,,,,,,18.1,1008.6,1013.3,1009.3,1016.4,2342.0,831.0,,,,,106,129.1243,37.5071
2013-10-11,20.4,15.6,25.6,1340.0,2216.0,,,,,,,,27.0,47.8,1348.0,2948.0,3.4,17.7,9.1,230.0,250.0,230.0,1131.0,1138.0,11.4,9.9,,,,,,8.2,11.8,23.0,,,,,,,,,,,,,,,11.3,1003.4,1007.9,1004.9,1012.5,1402.0,2400.0,,,,,106,129.1243,37.5071
2013-10-12,17.9,13.5,23.8,1434.0,601.0,,,,,,,,20.0,36.4,1416.0,2685.0,3.1,13.1,7.6,250.0,250.0,270.0,35.0,38.0,11.4,10.7,,,,,,2.5,9.4,20.4,,,,,,,,,,,,,,,7.4,1012.3,1017.0,1011.7,1018.7,35.0,911.0,,,,,106,129.1243,37.5071
2013-10-13,17.1,12.7,21.9,1322.0,641.0,,,,,,,,36.0,58.5,1009.0,2296.0,2.7,7.2,4.7,250.0,270.0,200.0,1.0,2.0,11.4,9.4,,,,,,8.5,9.8,19.8,,,,,,,,,,,,,,,11.2,1017.1,1021.8,1018.2,1023.1,1.0,1147.0,,,,,106,129.1243,37.5071
2013-10-14,17.4,11.1,25.3,1521.0,632.0,,,,,,,,46.0,68.6,1006.0,1618.0,1.9,5.5,3.8,230.0,230.0,230.0,7.0,10.0,11.3,10.1,,,,,,11.3,8.9,20.4,,,,,,,,,,,,,,,13.5,1013.1,1017.8,1015.1,1020.7,1605.0,1.0,,,,,106,129.1243,37.5071
2013-10-15,12.7,8.8,17.7,50.0,2025.0,47.5,15.5,3.5,,,711.0,1018.0,55.0,78.9,2336.0,5109.0,5.9,18.0,11.4,20.0,20.0,360.0,831.0,835.0,11.3,0.0,,,,,,9.0,8.1,12.2,,,,,,,,,,,,,,,11.7,1014.4,1019.2,1016.7,1020.8,335.0,2005.0,,,,,106,129.1243,37.5071
2013-10-16,10.6,6.1,14.5,1303.0,2327.0,,,,,,,,42.0,62.0,1253.0,4229.0,4.9,15.4,8.9,360.0,360.0,360.0,559.0,600.0,11.2,5.0,,,,,,3.1,4.0,9.7,,,,,,,,,,,,,,,7.7,1017.1,1021.9,1018.5,1025.8,325.0,2351.0,,,,,106,129.1243,37.5071
2013-10-17,12.0,5.9,18.3,1139.0,46.0,,,,,,,,39.0,70.6,1039.0,2173.0,2.5,6.7,4.5,110.0,140.0,200.0,1450.0,1514.0,11.2,10.1,,,,,,6.3,3.5,12.9,,,,,,,,,,,,,,,9.6,1023.5,1028.4,1025.7,1029.3,6.0,848.0,,,,,106,129.1243,37.5071
2013-10-18,13.8,8.3,20.1,1053.0,701.0,,,,,,,,42.0,66.0,1036.0,2344.0,2.7,7.9,5.1,110.0,110.0,230.0,1318.0,1358.0,11.2,8.3,,,,,,7.2,6.1,14.4,,,,,,,,,,,,,,,10.2,1024.6,1029.4,1028.5,1031.2,1412.0,826.0,,,,,106,129.1243,37.5071
2013-10-19,15.5,9.9,20.9,1354.0,152.0,,,,,,,,49.0,69.4,1354.0,1799.0,2.1,5.3,3.3,20.0,320.0,200.0,1124.0,1625.0,11.1,3.3,,,,,,9.7,8.0,16.4,,,,,,,,,,,,,,,12.0,1022.1,1026.9,1024.7,1029.1,2359.0,1.0,,,,,106,129.1243,37.5071
2013-10-20,15.7,13.0,18.5,1109.0,2316.0,0.4,0.4,0.2,,,,2115.0,55.0,72.5,1109.0,2724.0,3.2,8.8,5.0,320.0,340.0,320.0,1117.0,1247.0,11.1,0.7,,,,,,10.6,12.3,16.0,,,,,,,,,,,,,,,12.8,1016.3,1021.1,1019.2,1024.7,1555.0,1.0,,,,,106,129.1243,37.5071
2013-10-21,14.4,12.4,18.0,1217.0,305.0,1.0,0.5,0.5,,,1.0,1.0,60.0,71.3,1115.0,2936.0,3.4,9.9,6.3,340.0,340.0,320.0,1128.0,1007.0,11.0,5.2,,,,,,9.2,10.0,14.0,,,,,,,,,,,,,,,11.6,1016.8,1021.6,1019.6,1024.1,613.0,2307.0,,,,,106,129.1243,37.5071
2013-10-22,15.5,13.8,18.7,1419.0,254.0,0.5,0.5,0.5,,,1022.0,1003.0,60.0,68.3,1347.0,3455.0,4.0,9.6,5.9,20.0,20.0,20.0,1357.0,1331.0,11.0,2.1,,,,,,9.6,11.2,14.6,,,,,,,,,,,,,,,11.9,1020.4,1025.2,1024.0,1026.2,1.0,1009.0,,,,,106,129.1243,37.5071
2013-10-23,15.0,12.0,17.7,1140.0,2400.0,,,,,,,,63.0,71.3,1024.0,2457.0,2.8,8.2,4.8,360.0,340.0,320.0,40.0,1114.0,11.0,2.3,,,,,,9.7,9.2,15.5,,,,,,,,,,,,,,,12.1,1017.9,1022.6,1020.1,1025.1,2359.0,9.0,,,,,106,129.1243,37.5071
2013-10-24,14.9,10.3,20.6,1326.0,553.0,,,,,,,,57.0,74.3,948.0,1862.0,2.2,6.4,4.7,20.0,20.0,230.0,1337.0,1114.0,10.9,9.2,,,,,,10.2,7.9,17.0,,,,,,,,,,,,,,,12.5,1011.0,1015.7,1013.3,1020.1,1716.0,1.0,,,,,106,129.1243,37.5071
2013-10-25,11.7,7.7,15.7,1445.0,525.0,,,,,,,,33.0,58.0,634.0,2654.0,3.1,9.6,6.0,20.0,360.0,360.0,1204.0,1150.0,10.9,9.8,,,,,,3.3,3.7,13.8,,,,,,,,,,,,,,,7.8,1010.3,1015.1,1013.6,1016.7,1351.0,929.0,,,,,106,129.1243,37.5071
2013-10-26,12.0,7.6,16.4,1133.0,2257.0,,,,,,,,47.0,63.8,1134.0,2470.0,2.9,8.2,4.8,320.0,360.0,320.0,233.0,1254.0,10.9,4.8,,,,,,5.1,3.7,12.2,,,,,,,,,,,,,,,8.8,1011.0,1015.8,1014.3,1018.0,400.0,2356.0,,,,,106,129.1243,37.5071
2013-10-27,12.9,8.2,19.1,1222.0,25.0,,,,,,,,28.0,54.3,1058.0,2105.0,2.4,6.1,3.8,230.0,140.0,200.0,612.0,1512.0,10.8,10.1,,,,,,3.4,3.8,13.6,,,,,,,,,,,,,,,7.8,1015.7,1020.5,1017.9,1022.5,18.0,2136.0,,,,,106,129.1243,37.5071
2013-10-28,13.0,8.2,19.4,1433.0,115.0,,,,,,,,24.0,55.1,1153.0,1943.0,2.2,5.9,4.0,230.0,230.0,230.0,634.0,625.0,10.8,8.3,,,,,,3.6,4.3,13.5,,,,,,,,,,,,,,,8.0,1018.4,1023.2,1022.1,1024.6,1345.0,910.0,,,,,106,129.1243,37.5071
2013-10-29,15.4,6.7,22.1,1253.0,648.0,,,,,,,,22.0,46.6,1052.0,2350.0,2.7,10.0,5.7,270.0,270.0,230.0,1400.0,1354.0,10.7,8.4,,,,,,3.4,4.2,15.6,,,,,,,,,,,,,,,7.9,1016.0,1020.8,1018.8,1023.3,1517.0,1.0,,,,,106,129.1243,37.5071
2013-10-30,13.4,9.2,16.3,1239.0,2257.0,,,,,,,,38.0,61.0,918.0,2776.0,3.2,10.0,6.2,20.0,360.0,360.0,1110.0,1145.0,10.7,9.5,,,,,,5.5,6.5,14.5,,,,,,,,,,,,,,,9.1,1018.8,1023.6,1019.6,1025.8,14.0,1913.0,,,,,106,129.1243,37.5071
2013-10-31,13.4,8.5,19.6,1315.0,331.0,,,,,,,,43.0,75.6,1021.0,1949.0,2.3,5.9,3.9,110.0,140.0,230.0,1429.0,1409.0,10.7,8.8,,,,,,9.0,6.0,14.1,,,,,,,,,,,,,,,11.6,1020.4,1025.2,1023.4,1026.6,1446.0,801.0,,,,,106,129.1243,37.5071
2013-11-01,13.8,9.1,19.0,1233.0,510.0,,,,,,,,55.0,77.6,1024.0,1803.0,2.1,6.9,5.1,20.0,20.0,200.0,1148.0,1143.0,10.6,6.5,,,,,,9.8,5.8,13.5,,,,,,,,,,,,,,,12.2,1021.3,1026.1,1024.4,1028.3,2358.0,941.0,,,,,106,129.1243,37.5071
2013-11-02,15.8,10.8,20.9,1043.0,411.0,0.1,,,,,,,52.0,70.5,1046.0,1704.0,2.0,6.3,4.0,230.0,230.0,200.0,744.0,743.0,10.6,2.4,,,,,,10.3,8.6,14.5,,,,,,,,,,,,,,,12.5,1016.5,1021.3,1019.3,1024.5,1543.0,4.0,,,,,106,129.1243,37.5071
2013-11-03,14.6,10.3,20.9,1114.0,641.0,,,,,,,,34.0,62.8,1103.0,1800.0,2.1,6.7,4.3,270.0,270.0,230.0,100.0,106.0,10.6,8.9,,,,,,7.3,6.3,15.1,,,,,,,,,,,,,,,10.3,1014.1,1018.8,1017.0,1020.9,1406.0,148.0,,,,,106,129.1243,37.5071
2013-11-04,13.0,8.3,16.9,1254.0,2338.0,0.0,,,,,,,46.0,64.5,941.0,2715.0,3.1,14.4,7.0,340.0,340.0,320.0,1155.0,1156.0,10.5,8.3,,,,,,6.3,5.2,12.9,,,,,,,,,,,,,,,9.6,1018.3,1023.1,1018.0,1027.2,11.0,2149.0,,,,,106,129.1243,37.5071
2013-11-05,12.8,7.1,18.9,1419.0,454.0,,,,,,,,29.0,52.3,1239.0,2114.0,2.4,7.5,4.7,140.0,110.0,200.0,1454.0,1454.0,10.5,9.9,,,,,,2.7,4.2,12.6,,,,,,,,,,,,,,,7.5,1019.9,1024.7,1021.8,1027.4,2337.0,828.0,,,,,106,129.1243,37.5071
2013-11-06,15.3,10.7,17.1,1152.0,46.0,,,,,,,,41.0,53.5,231.0,1609.0,1.9,8.8,5.0,250.0,250.0,200.0,1743.0,1743.0,10.5,0.5,,,,,,5.7,4.9,11.2,,,,,,,,,,,,,,,9.2,1013.1,1017.9,1014.3,1022.1,2355.0,31.0,,,,,106,129.1243,37.5071
2013-11-07,15.1,8.5,20.9,1402.0,2348.0,,,,,,,,10.0,34.1,1349.0,2692.0,3.1,16.1,8.3,250.0,270.0,250.0,1046.0,1037.0,10.4,9.4,,,,,,-2.2,3.1,13.7,,,,,,,,,,,,,,,5.6,1009.9,1014.7,1011.1,1020.1,357.0,2354.0,,,,,106,129.1243,37.5071
2013-11-08,11.3,7.0,14.5,1204.0,645.0,0.2,,,,,,,25.0,52.4,1123.0,3095.0,3.6,12.0,7.4,320.0,320.0,340.0,224.0,227.0,10.4,9.2,,,,,,1.2,1.7,12.9,,,,,,,,,,,,,,,6.9,1021.3,1026.2,1020.1,1028.6,1.0,2128.0,,,,,106,129.1243,37.5071
2013-11-09,13.5,7.5,18.9,1349.0,243.0,0.5,,,,,,,34.0,60.9,1351.0,1407.0,1.6,6.9,4.1,360.0,360.0,230.0,2348.0,2357.0,10.4,2.9,,,,,,5.7,5.9,13.6,,,,,,,,,,,,,,,9.3,1015.6,1020.4,1010.3,1028.3,2346.0,1.0,,,,,106,129.1243,37.5071
2013-11-10,10.7,6.3,15.1,1000.0,2344.0,0.2,,,,,,,24.0,51.3,2141.0,3205.0,3.7,12.5,7.2,340.0,360.0,270.0,44.0,1158.0,10.3,8.2,,,,,,-0.3,1.0,12.0,,,,,,,,,,,,,,,6.8,1008.9,1013.7,1010.1,1015.9,5.0,2333.0,,,,,106,129.1243,37.5071
2013-11-11,4.2,0.3,7.9,1419.0,2226.0,,,,,,,,22.0,42.8,1107.0,2975.0,3.4,11.3,7.0,270.0,270.0,270.0,9.0,109.0,10.3,9.4,,,,,,-7.9,-3.0,6.6,,,,,,,,,,,,,,,3.4,1014.7,1019.7,1015.9,1021.7,1.0,946.0,,,,,106,129.1243,37.5071
2013-11-12,5.7,0.2,10.6,1504.0,2.0,,,,,,,,26.0,41.9,1147.0,2383.0,2.8,9.5,5.9,320.0,360.0,270.0,938.0,1226.0,10.3,9.4,,,,,,-6.6,-3.8,6.5,,,,,,,,,,,,,,,3.8,1014.2,1019.1,1016.9,1020.6,1427.0,2327.0,,,,,106,129.1243,37.5071
2013-11-13,6.3,1.7,12.3,1441.0,613.0,,,,,,,,38.0,60.1,1229.0,2098.0,2.4,7.9,5.1,20.0,20.0,200.0,1401.0,1401.0,10.2,9.1,,,,,,-1.2,-1.4,7.7,,,,,,,,,,,,,,,5.7,1017.1,1022.1,1020.6,1023.5,1.0,1037.0,,,,,106,129.1243,37.5071
2013-11-14,8.5,2.7,11.7,1447.0,212.0,,,,,,,,24.0,45.3,1410.0,1302.0,1.5,5.7,3.8,360.0,340.0,230.0,2108.0,2121.0,10.2,0.0,,,,,,-2.9,-0.3,5.8,,,,,,,,,,,,,,,5.0,1014.0,1018.9,1016.7,1021.5,1522.0,1.0,,,,,106,129.1243,37.5071
2013-11-15,10.8,6.9,15.8,1340.0,2327.0,,,,,,,,27.0,55.3,1139.0,1777.0,2.1,7.2,5.4,250.0,20.0,230.0,359.0,1211.0,10.2,9.2,,,,,,2.0,1.8,9.7,,,,,,,,,,,,,,,7.1,1013.9,1018.8,1017.6,1020.1,255.0,2107.0,,,,,106,129.1243,37.5071
2013-11-16,9.2,5.2,15.8,1422.0,428.0,,,,,,,,30.0,53.8,1416.0,1803.0,2.1,5.3,3.6,50.0,20.0,200.0,1306.0,1259.0,10.1,9.0,,,,,,-0.1,0.4,8.6,,,,,,,,,,,,,,,6.1,1011.6,1016.4,1011.6,1019.9,2355.0,1.0,,,,,106,129.1243,37.5071
2013-11-17,8.1,4.6,12.1,1327.0,2338.0,,,,,,,,21.0,38.3,2008.0,4132.0,4.8,17.5,9.7,250.0,250.0,250.0,2111.0,2054.0,10.1,8.6,,,,,,-5.9,1.9,7.5,,,,,,,,,,,,,,,4.2,1004.1,1009.0,1006.8,1011.6,1245.0,1.0,,,,,106,129.1243,37.5071
2013-11-18,4.0,2.2,7.2,1339.0,2309.0,,,,,,,,16.0,28.8,1241.0,5430.0,6.3,23.1,12.8,270.0,250.0,270.0,1151.0,1152.0,10.1,9.4,,,,,,-12.8,-0.2,4.4,,,,,,,,,,,,,,,2.3,1003.6,1008.6,1006.3,1011.1,1208.0,12.0,,,,,106,129.1243,37.5071
2013-11-19,3.9,0.0,7.1,1159.0,426.0,,,,,,,,30.0,37.3,1114.0,4107.0,4.8,15.0,8.4,250.0,270.0,270.0,1321.0,1337.0,10.1,9.1,,,,,,-9.5,-3.6,3.6,,,,,,,,,,,,,,,3.0,1006.5,1011.4,1009.1,1013.7,28.0,2358.0,,,,,106,129.1243,37.5071
2013-11-20,4.8,1.3,9.9,1330.0,557.0,,,,,,,,24.0,33.4,1331.0,3223.0,3.7,12.7,6.7,290.0,270.0,270.0,1157.0,1156.0,10.0,9.3,,,,,,-10.2,-4.2,4.8,,,,,,,,,,,,,,,2.8,1011.0,1016.0,1013.5,1019.6,41.0,2325.0,,,,,106,129.1243,37.5071
2013-11-21,6.2,0.2,11.7,1425.0,714.0,,,,,,,,27.0,39.9,1048.0,1665.0,1.9,6.5,3.5,270.0,110.0,200.0,1732.0,1301.0,10.0,9.4,,,,,,-6.7,-5.3,4.9,,,,,,,,,,,,,,,3.7,1015.8,1020.7,1019.4,1021.8,139.0,2245.0,,,,,106,129.1243,37.5071
2013-11-22,7.3,2.6,13.4,1258.0,548.0,,,,,,,,20.0,39.1,1240.0,1983.0,2.3,6.9,4.2,270.0,20.0,200.0,252.0,1316.0,10.0,9.3,,,,,,-6.1,-3.4,5.8,,,,,,,,,,,,,,,3.9,1017.0,1022.0,1020.8,1023.1,1357.0,1053.0,,,,,106,129.1243,37.5071
2013-11-23,9.7,4.0,16.1,1535.0,121.0,,,,,,,,19.0,37.8,1036.0,2150.0,2.5,10.9,5.8,270.0,270.0,230.0,1334.0,1335.0,10.0,9.1,,,,,,-4.6,-3.3,6.9,,,,,,,,,,,,,,,4.4,1016.3,1021.2,1019.2,1022.5,1508.0,745.0,,,,,106,129.1243,37.5071
2013-11-24,10.8,4.7,15.1,1313.0,722.0,0.5,,,,,,,24.0,52.1,1106.0,2762.0,3.2,10.7,7.3,110.0,140.0,200.0,1425.0,1434.0,9.9,5.8,,,,,,1.1,0.3,7.9,,,,,,,,,,,,,,,6.8,1010.0,1014.8,1001.0,1022.1,2358.0,725.0,,,,,106,129.1243,37.5071
2013-11-25,8.8,3.3,13.6,529.0,2400.0,2.5,,,,,,,25.0,48.0,2337.0,5639.0,6.5,26.4,16.2,230.0,250.0,250.0,921.0,925.0,9.9,8.7,,,,,,-2.2,0.2,6.9,,,,,,,,,,,,,,,5.8,995.2,1000.0,993.4,1008.7,445.0,2356.0,,,,,106,129.1243,37.5071
2013-11-26,4.7,1.5,8.8,1400.0,529.0,,,,,,,,17.0,32.6,538.0,4380.0,5.1,21.3,13.4,270.0,250.0,250.0,134.0,140.0,9.9,9.2,,,,,,-11.2,-2.3,3.1,,,,,,,,,,,,,,,2.9,1009.4,1014.3,1007.2,1016.6,45.0,2237.0,,,,,106,129.1243,37.5071
2013-11-27,3.4,-1.5,7.6,1304.0,2338.0,,,,,,,,25.0,49.8,1928.0,3005.0,3.5,13.8,7.0,230.0,250.0,250.0,2236.0,2130.0,9.9,1.6,,,,,,-6.7,-4.4,2.7,,,,,,,,,,,,,,,4.1,1007.8,1012.7,1007.2,1016.8,1441.0,2348.0,,,,,106,129.1243,37.5071
2013-11-28,-0.5,-3.4,3.4,1531.0,552.0,,,,,,,,23.0,31.9,1147.0,3256.0,3.8,14.1,7.4,270.0,250.0,270.0,2116.0,1323.0,9.8,9.1,,,,,,-15.3,-7.4,-0.4,,,,,,,,,,,,,,,1.9,1011.3,1016.3,1014.6,1018.2,2121.0,841.0,,,,,106,129.1243,37.5071
2013-11-29,2.3,-1.6,6.3,1522.0,650.0,,,,,,,,17.0,28.0,1118.0,3279.0,3.8,13.4,8.4,250.0,270.0,250.0,457.0,511.0,9.8,9.2,,,,,,-14.7,-5.6,0.8,,,,,,,,,,,,,,,2.0,1011.4,1016.4,1014.0,1018.0,101.0,2255.0,,,,,106,129.1243,37.5071
2013-11-30,7.4,1.8,12.4,1238.0,423.0,,,,,,,,29.0,40.5,14.0,2116.0,2.4,11.8,6.6,340.0,320.0,250.0,1357.0,1637.0,9.8,9.2,,,,,,-5.4,-4.7,3.8,,,,,,,,,,,,,,,4.2,1013.4,1018.3,1016.4,1019.8,1355.0,2058.0,,,,,106,129.1243,37.5071
2013-12-01,7.9,3.6,13.6,1353.0,615.0,,,,,,,,26.0,46.6,1438.0,1774.0,2.1,7.8,5.3,270.0,250.0,230.0,1456.0,1518.0,9.8,8.4,,,,,,-3.3,-1.9,5.1,,,,,,,,,,,,,,,4.9,1013.7,1018.6,1017.0,1019.8,1417.0,1018.0,,,,,106,129.1243,37.5071
2013-12-02,7.2,2.8,12.8,1339.0,731.0,,,,,,,,25.0,40.0,137.0,2327.0,2.7,9.2,5.7,290.0,250.0,200.0,1028.0,1032.0,9.8,9.0,,,,,,-5.8,-6.0,4.3,,,,,,,,,,,,,,,4.1,1013.6,1018.5,1017.4,1019.5,1404.0,923.0,,,,,106,129.1243,37.5071
2013-12-03,7.6,3.8,12.3,1044.0,411.0,,,,,,,,32.0,46.8,1529.0,2289.0,2.6,8.1,5.1,270.0,270.0,200.0,1221.0,1407.0,9.7,8.6,,,,,,-3.3,-1.0,4.8,,,,,,,,,,,,,,,4.8,1013.6,1018.5,1016.8,1019.7,1437.0,824.0,,,,,106,129.1243,37.5071
2013-12-04,8.7,3.5,13.4,1425.0,757.0,,,,,,,,31.0,44.3,1648.0,1943.0,2.2,8.1,4.1,250.0,250.0,180.0,2031.0,1956.0,9.7,8.6,,,,,,-3.1,-1.0,6.0,,,,,,,,,,,,,,,4.9,1013.4,1018.3,1016.9,1019.9,1423.0,843.0,,,,,106,129.1243,37.5071
2013-12-05,8.9,5.4,13.0,1431.0,2206.0,,,,,,,,29.0,42.6,208.0,2570.0,3.0,13.6,9.1,270.0,270.0,290.0,553.0,555.0,9.7,2.0,,,,,,-3.3,-2.6,5.4,,,,,,,,,,,,,,,4.8,1010.8,1015.7,1013.7,1018.1,2354.0,945.0,,,,,106,129.1243,37.5071
2013-12-06,5.9,3.6,8.3,39.0,734.0,,,,,,,,23.0,34.6,524.0,2575.0,3.0,8.5,5.7,250.0,360.0,270.0,2304.0,1142.0,9.7,8.7,,,,,,-8.7,-2.3,3.3,,,,,,,,,,,,,,,3.2,1012.4,1017.4,1013.6,1019.3,3.0,2311.0,,,,,106,129.1243,37.5071
2013-12-07,6.7,1.9,11.5,1342.0,734.0,,,,,,,,33.0,45.8,1.0,2648.0,3.1,9.6,5.5,250.0,270.0,270.0,1451.0,349.0,9.7,8.2,,,,,,-4.4,-3.6,4.6,,,,,,,,,,,,,,,4.5,1016.5,1021.4,1019.0,1024.1,2.0,2331.0,,,,,106,129.1243,37.5071
2013-12-08,6.8,1.9,12.8,1153.0,731.0,,,,,,,,29.0,54.3,1144.0,1926.0,2.2,5.6,3.9,230.0,50.0,200.0,141.0,1422.0,9.7,8.7,,,,,,-2.1,-2.0,4.4,,,,,,,,,,,,,,,5.2,1017.6,1022.5,1019.7,1024.8,2254.0,826.0,,,,,106,129.1243,37.5071
2013-12-09,7.8,4.1,12.6,1420.0,134.0,0.3,,,,,,,48.0,68.0,459.0,2116.0,2.4,10.2,6.1,340.0,320.0,230.0,2124.0,2133.0,9.7,0.2,,,,,,2.1,1.2,6.5,,,,,,,,,,,,,,,7.2,1003.8,1008.7,1003.2,1019.8,1709.0,1.0,,,,,106,129.1243,37.5071
2013-12-10,3.1,0.7,6.7,1.0,2233.0,9.0,,,,,,,49.0,73.0,1537.0,2798.0,3.2,9.3,5.9,320.0,340.0,320.0,211.0,218.0,9.6,2.6,,,,,,-1.5,-3.1,3.7,,,,,,,,,,,,,,,5.6,1006.4,1011.3,1004.7,1013.5,7.0,1034.0,,,,,106,129.1243,37.5071
2013-12-11,1.7,-1.5,5.1,1150.0,2348.0,,,,,,,,27.0,36.6,403.0,3953.0,4.6,17.2,9.9,270.0,250.0,270.0,1435.0,1500.0,9.6,8.5,,,,,,-11.7,-3.9,0.1,,,,,,,,,,,,,,,2.6,1004.1,1009.1,1005.5,1013.9,1105.0,2358.0,,,,,106,129.1243,37.5071
2013-12-12,0.6,-3.2,5.1,1358.0,430.0,1.0,,,,,,,22.0,46.6,1056.0,3267.0,3.8,14.0,7.9,270.0,250.0,270.0,2358.0,2400.0,9.6,7.0,,,,,,-11.0,-7.5,-0.6,,,,,,,,,,,,,,,3.0,1009.6,1014.6,1011.1,1018.8,1913.0,854.0,,,,,106,129.1243,37.5071
2013-12-13,-2.4,-4.2,2.9,2.0,714.0,,,,,,,,19.0,28.1,1357.0,3483.0,4.0,16.0,8.8,250.0,250.0,290.0,1103.0,23.0,9.6,8.9,,,,,,-18.6,-7.3,-1.2,,,,,,,,,,,,,,,1.4,1014.3,1019.4,1011.9,1021.5,6.0,2359.0,,,,,106,129.1243,37.5071
2013-12-14,1.0,-3.8,5.0,1514.0,129.0,,,,,,,,21.0,29.8,909.0,3030.0,3.5,15.1,7.1,340.0,290.0,320.0,1557.0,1603.0,9.6,8.7,,,,,,-15.1,-7.2,-2.1,,,,,,,,,,,,,,,2.0,1017.3,1022.4,1019.3,1025.0,1453.0,2240.0,,,,,106,129.1243,37.5071
2013-12-15,0.7,-2.4,5.0,1243.0,2342.0,,,,,,,,18.0,32.5,1246.0,2504.0,2.9,10.2,5.5,270.0,360.0,320.0,346.0,1328.0,9.6,8.9,,,,,,-14.4,-7.8,-1.3,,,,,,,,,,,,,,,2.1,1023.5,1028.6,1024.4,1031.6,9.0,2237.0,,,,,106,129.1243,37.5071
2013-12-16,1.8,-4.2,7.4,1441.0,532.0,,,,,,,,22.0,47.4,1044.0,1689.0,2.0,5.7,3.6,230.0,200.0,200.0,200.0,207.0,9.6,5.7,,,,,,-8.5,-7.2,-0.5,,,,,,,,,,,,,,,3.3,1023.5,1028.6,1026.7,1031.4,1703.0,1.0,,,,,106,129.1243,37.5071
2013-12-17,2.5,-0.1,3.9,1220.0,138.0,6.5,,,,,,,58.0,79.5,438.0,1982.0,2.3,6.8,4.0,340.0,320.0,320.0,2156.0,2255.0,9.6,0.0,,,,,,-0.8,-3.3,1.0,,,,,,,,,,,,,,,5.9,1022.7,1027.7,1026.3,1029.4,1403.0,1022.0,,,,,106,129.1243,37.5071
2013-12-18,3.6,2.6,5.3,1244.0,453.0,1.0,,,,,,,71.0,81.4,2220.0,2749.0,3.2,7.8,4.8,320.0,340.0,320.0,1650.0,1314.0,9.6,0.5,,,,,,0.7,1.1,3.3,,,,,,,,,,,,,,,6.4,1018.1,1023.1,1020.0,1027.0,2339.0,9.0,,,,,106,129.1243,37.5071
2013-12-19,1.2,-3.2,4.3,1100.0,2353.0,0.2,,,,,,,28.0,49.8,1726.0,2644.0,3.1,12.9,6.8,270.0,270.0,270.0,1802.0,1716.0,9.6,7.5,,,,,,-9.0,-5.0,1.1,,,,,,,,,,,,,,,3.5,1011.3,1016.3,1013.7,1020.1,2400.0,4.0,,,,,106,129.1243,37.5071
2013-12-20,1.3,-4.8,7.2,1435.0,342.0,3.0,,,,,,,24.0,51.6,1504.0,3456.0,4.0,15.6,7.8,320.0,320.0,290.0,734.0,743.0,9.6,7.3,,,,,,-8.4,-6.9,-0.8,,,,,,,,,,,,,,,3.4,1012.0,1017.1,1013.3,1021.3,613.0,2324.0,,,,,106,129.1243,37.5071
2013-12-21,2.8,0.0,6.2,1300.0,2124.0,0.5,,,,,,,44.0,61.4,1210.0,2809.0,3.3,9.3,5.9,340.0,360.0,320.0,1132.0,1333.0,9.6,5.6,,,,,,-4.0,-3.8,1.8,,,,,,,,,,,,,,,4.6,1018.8,1023.8,1020.9,1026.1,137.0,2342.0,,,,,106,129.1243,37.5071
2013-12-22,1.4,-2.0,5.7,1118.0,749.0,,,,,,,,42.0,61.9,1118.0,2118.0,2.5,8.9,5.6,360.0,360.0,230.0,1351.0,1324.0,9.6,6.9,,,,,,-5.2,-4.5,0.3,,,,,,,,,,,,,,,4.3,1022.5,1027.6,1026.1,1029.1,1.0,958.0,,,,,106,129.1243,37.5071
2013-12-23,1.4,-2.0,7.2,1313.0,544.0,,,,,,,,32.0,53.0,1253.0,2032.0,2.4,7.8,5.4,20.0,20.0,200.0,1331.0,1431.0,9.6,8.3,,,,,,-7.3,-4.6,0.0,,,,,,,,,,,,,,,3.5,1020.3,1025.4,1023.3,1027.1,1329.0,1.0,,,,,106,129.1243,37.5071
2013-12-24,1.9,-1.6,6.5,1152.0,321.0,,,,,,,,30.0,62.9,147.0,2407.0,2.8,11.0,6.5,20.0,360.0,290.0,1314.0,1251.0,9.6,7.3,,,,,,-4.6,-5.3,0.1,,,,,,,,,,,,,,,4.4,1024.5,1029.6,1026.1,1031.5,57.0,1951.0,,,,,106,129.1243,37.5071
2013-12-25,4.2,-2.8,9.9,1537.0,719.0,,,,,,,,15.0,48.8,1819.0,1680.0,1.9,5.1,3.4,110.0,230.0,230.0,1350.0,747.0,9.6,7.4,,,,,,-7.0,-5.5,0.7,,,,,,,,,,,,,,,3.8,1020.5,1025.5,1021.1,1031.1,2358.0,2.0,,,,,106,129.1243,37.5071
2013-12-26,4.1,1.0,7.8,1451.0,2345.0,0.0,,,,,,,29.0,42.1,1454.0,2603.0,3.0,11.0,6.3,250.0,250.0,270.0,604.0,607.0,9.6,2.4,,,,,,-7.8,-2.8,1.8,,,,,,,,,,,,,,,3.4,1012.2,1017.2,1013.7,1021.3,1415.0,8.0,,,,,106,129.1243,37.5071
2013-12-27,-0.8,-4.4,2.9,1238.0,2359.0,,,,,,,,32.0,40.4,1725.0,3453.0,4.0,11.4,6.4,270.0,270.0,270.0,2252.0,1625.0,9.6,6.8,,,,,,-12.6,-6.2,-0.9,,,,,,,,,,,,,,,2.4,1011.5,1016.5,1014.4,1018.1,36.0,1943.0,,,,,106,129.1243,37.5071
2013-12-28,-2.4,-5.6,2.2,1425.0,621.0,,,,,,,,16.0,25.3,1532.0,3012.0,3.5,10.2,5.8,270.0,270.0,270.0,8.0,17.0,9.6,9.0,,,,,,-19.9,-9.6,-3.0,,,,,,,,,,,,,,,1.3,1012.7,1017.8,1016.3,1018.8,1437.0,1015.0,,,,,106,129.1243,37.5071
2013-12-29,1.1,-3.9,5.1,1202.0,659.0,,,,,,,,12.0,30.9,1213.0,2393.0,2.8,12.4,6.4,250.0,250.0,290.0,159.0,202.0,9.6,9.0,,,,,,-15.1,-9.7,-1.9,,,,,,,,,,,,,,,2.0,1011.8,1016.8,1016.1,1018.1,1340.0,1.0,,,,,106,129.1243,37.5071
2013-12-30,4.9,1.4,8.8,1256.0,106.0,,,,,,,,27.0,37.9,1444.0,2585.0,3.0,10.3,5.5,340.0,250.0,250.0,658.0,256.0,9.6,7.4,,,,,,-8.3,-4.6,0.6,,,,,,,,,,,,,,,3.3,1008.9,1013.9,1011.4,1016.6,1448.0,3.0,,,,,106,129.1243,37.5071
2013-12-31,5.6,0.9,9.4,1312.0,714.0,,,,,,,,27.0,37.9,1054.0,2331.0,2.7,15.5,7.0,270.0,270.0,250.0,2248.0,2251.0,9.6,7.3,,,,,,-7.9,-5.8,0.6,,,,,,,,,,,,,,,3.4,1004.7,1009.6,1005.5,1013.6,2048.0,242.0,,,,,106,129.1243,37.5071
