dt,avg_ta,min_ta,max_ta,max_ta_hrmt,min_ta_hrmt,sum_rn,hr1_max_rn,mi10_max_rn,sum_rn_dur,n9_9_rn,mi10_max_rn_hrmt,hr1_max_rn_hrmt,min_rhm,avg_rhm,min_rhm_hrmt,hr24_sum_rws,avg_ws,max_ins_ws,max_ws,max_ins_ws_wd,max_ws_wd,max_wd,max_ins_ws_hrmt,max_ws_hrmt,ss_dur,sum_ss_hr,hr1_max_icsr,sum_gsr,hr1_max_icsr_hrmt,avg_tca,avg_lmac,avg_td,min_tg,avg_ts,avg_m1_5_te,avg_cm5_te,avg_cm10_te,avg_cm20_te,avg_cm30_te,avg_m0_5_te,avg_m1_0_te,avg_m5_0_te,avg_m3_0_te,dd_mes,dd_mefs,sum_dpth_fhsc,dd_mes_hrmt,dd_mefs_hrmt,avg_pv,avg_pa,avg_ps,min_ps,max_ps,min_ps_hrmt,max_ps_hrmt,sum_fog_dur,sum_lrg_ev,sum_sml_ev,iscs,code,x,y
1981-07-03,16.3,14.9,17.4,0.0,2400.0,67.8,41.7,10.8,14.25,3.8,600.0,540.0,89.0,92.8,1200.0,3678.0,4.3,12.0,10.0,340.0,340.0,340.0,1034.0,1140.0,14.7,0.0,,,,9.5,-999.0,15.2,13.4,17.7,16.8,18.0,18.3,18.6,19.0,18.7,17.9,11.6,12.1,,,,,,17.2,1009.5,1012.8,1009.8,1015.5,0.0,2203.0,,2.0,2.5, -{비}-0020.  {비}0340-{비}{강도2}0600-{비}{강도1}0900-{비}{강도0}1200-{비}{강도0}1500-1535.  {비}1620- {비}{강도0}1800-1820.   -{박무}-{박무}{강도0}0300-{박무}{강도0}0600-{박무}{강도0}0900-{박무}{강도0}1200-{박무}{강도0}1500-{박무} {강도0}1800-1845.   {천둥}{강도0}(NW)0620-{뇌전}{강도0}(NW8-10)0627-{뇌전}{강도0}(N6-8)0632-{뇌전}{강도0}(N8-1 0)0636-{뇌전}{강도0}(NE8-10)0641-0656.,90,128.5647,38.2509
1981-07-03,15.5,11.4,19.6,220.0,2400.0,31.7,8.3,3.1,12.77,14.5,510.0,450.0,93.0,96.5,350.0,1817.0,2.1,6.8,5.0,110.0,110.0,110.0,1240.0,1230.0,14.7,0.0,,4.76,,10.0,-999.0,14.9,8.1,18.1,14.1,18.8,19.3,19.6,19.5,19.5,17.2,,,,,,,,17.2,922.6,1017.1,1014.1,1019.7,0.0,2100.0,8.53,,0.4,{비}0220-{비}{강도0}0300-{소나기}0455-{비}0522-{비}{강도0}0600-{비}{강도0}0900-{비}{강도0}1200-{비}{강도0}1500-1506. {천둥}{강도1}(NW 3-4)0502-{뇌전}{강도1}(NW{이동}N 1-2)-{뇌전}{강도1}(N{이동}NE 3-4)0517-0533. {박무}1025-{시정(미만)}{1km}{안개}1115-{시정(미만)}{0.5km}{안개}1142-{안개}{강도1}1200-{시정(이상)}{0.5km}{안개}1325-{시정(이상)}{1km}{박무}1420-{박무}{강도0}1500-{시정(미만)}{1km}{안개}1515-{시정(미만)}{0.5km}{안개}1530-{안개}{강도1}1800-{시정(이상)}{0.5km}{안개}2035-{시정(이상)}{1km}{박무}2042-{박무}{강도2}2100-{박무}{강도1}2400-,100,128.7587,37.6869
1981-07-03,19.5,17.5,22.1,2.0,1030.0,40.4,12.8,6.7,11.45,14.6,640.0,600.0,78.0,87.8,2001.0,2282.0,2.6,9.5,5.3,320.0,340.0,340.0,630.0,950.0,14.7,0.0,,3.83,,10.0,-999.0,17.4,17.4,20.6,19.2,21.9,22.5,23.3,23.3,23.4,21.8,14.9,15.1,,,,,,19.9,1002.2,1011.0,1008.7,1012.8,0.0,2130.0,,2.3,2.4,-{비}-0143.  {소나기}0426-{소나기}{강도0}0600-{비}0750-{비}{강도2}0900-{비}{강도0}1200-1410.  {천둥}{강도0}(NW)0507-0510.  {천둥}{강도0}(SW)0544-0552.  {천둥}{강도0}(W)0632-0640.,101,127.7357,37.9026
1981-07-03,17.0,15.4,18.0,1213.0,2305.0,18.6,3.9,1.3,13.85,11.0,1330.0,1300.0,87.0,93.3,1715.0,1653.0,1.9,8.9,4.3,360.0,360.0,360.0,1326.0,1320.0,14.7,0.0,,4.86,,10.0,-999.0,15.9,15.2,18.3,17.0,18.8,19.3,19.7,19.9,20.5,18.5,12.1,14.2,,,,,,18.1,1010.0,1013.2,1010.7,1015.4,0.0,2225.0,,0.1,0.3,-{비}0215.  {비}0331-0422.  {비}0535-{비}{강도0}0600-{비}{강도0}0900-{비}{강도0}1200-{비}{강도0}1500-1620.  -{박무}-{박무}{강도0}0300-{박무}{강도1}0600-{박무}{강도0}0900-{박무}{강도0}1200-{박무}{강도0}1500-{박무}{강도0}1800-{박무}{강도0}2100-{박무}{강도0}2400-  {천둥}{강도0}(W)0514-0527.,105,128.891,37.7515
1981-07-03,21.7,20.6,23.3,1710.0,2354.0,8.1,5.9,2.7,14.13,3.9,500.0,420.0,83.0,89.5,1800.0,1954.0,2.3,6.0,3.5,200.0,200.0,50.0,348.0,350.0,14.7,0.0,,3.0,,10.0,-999.0,19.9,16.9,22.9,20.4,22.9,23.2,23.1,22.9,23.2,21.7,12.1,12.9,,,,,,23.2,999.7,1009.8,1008.5,1010.7,458.0,2200.0,3.37,1.3,1.8,-{박무}-{박무}{강도1}0300-{박무}{강도1}0600-{시정(미만)}{1km}{안개}0745-{시정(미만)}{0.5km}{안개}0820-{안개}{강도1}0900-{시정(이상)}{0.5km}{안개}1020-{시정(이상)}{1km}{박무}1107-{박무}{강도2}1200-{박무}{강도0}1500-{박무}{강도0}1800-{박무}{강도0}2100-{박무}{강도0}2400-  -{비}-{비}{강도0}0300-{소나기}0410-{비}0540-{비}{강도0}0600-0650.  {비}0720-{비}{강도0}0900-{안개비}0925-{비}1130-{비}{강도0}1200-1310.{비}2232-{비}{강도0}2400-,108,126.9658,37.5714
1981-07-03,21.5,19.8,22.5,1800.0,1200.0,8.3,6.9,2.0,9.08,8.7,408.0,337.0,86.0,93.3,1922.0,2621.0,3.0,9.8,6.8,230.0,230.0,230.0,231.0,240.0,14.6,0.0,,3.92,,10.0,-999.0,20.3,19.8,23.4,19.0,21.9,23.2,22.5,22.6,22.6,21.2,12.8,14.5,,,,,,23.9,1001.7,1009.9,1008.8,1010.7,143.0,2220.0,13.9,0.7,1.2,-{비}-0042.  {소나기}0331-{소나기}{강도0}0600-0612.  {안개비}1021-{안개비}{강도0}1200-1326.  {비}2123-{비}{강도0}2400-  -{안개}-{안개}{강도2}0300-{안개}{강도2}0600-{안개}{강도2}0900-{시정(이상)}{0.2km}{안개}1125-{안개}{강도1}1200-{시정(이상)}{0.5km}{안개}1232-{시정(이상)}{1km}{박무}1354-{박무}{강도2}1500-{박무}{강도2}1800-{박무}{강도1}2100-{박무}{강도2}2400-,112,126.6244,37.4776
1981-07-03,22.9,20.1,26.2,1700.0,2400.0,58.6,37.0,8.5,11.33,49.8,1153.0,1125.0,81.0,92.5,1630.0,705.0,0.8,,3.0,0.0,360.0,50.0,,1850.0,14.7,4.1,,17.79,,10.0,,21.6,19.8,25.5,,0.0,0.0,0.0,0.0,22.5,21.3,,,,,,,,25.8,992.3,,,,,,,0.2,0.4,-{비}-{비}{강도0}0300-0349.  {비}0706-{비}{강도1}0900-1335.  {비}2025-{비}{강도0}2100-2127.  -{박무}-{박무}{강도1}0300-{박무}{강도1}0900-{박무}{강도0}1500-{박무}{강도1}2100-  {뇌전}{강도1}(W 4)0735.,114,127.9466,37.3375
1981-07-03,22.5,21.8,23.7,1900.0,640.0,16.7,8.2,4.9,14.88,14.0,610.0,555.0,89.0,94.0,1900.0,779.0,0.9,5.0,3.3,250.0,250.0,70.0,510.0,520.0,14.6,0.0,,1.67,,10.0,-999.0,21.4,21.5,23.3,17.6,23.4,23.4,22.8,23.0,23.0,19.9,12.1,13.3,,,,,,25.6,1006.3,1010.7,1009.5,1011.4,555.0,2235.0,,0.9,1.1,{비}0015-{비}{강도0}0300-{소나기}0550-{소나기}{강도0}0600-{시정(미만)}{1km}{소나기}0610-{시정(이상)}{1km}{소나기}0625-{비}0635-{비}{강도0}0900-{비}{강도0}1200-1215.  {안개비}1330-{안개비}{강도0}1500-1520.  {뇌전}{강도0}(SW 6-9)0550-{뇌전}{강도1}(SW 3-5)0600-{뇌전}{강도2}(SW 1-2)0610-{뇌전}{강도1}(SW{이동}W 3-5)0620-0632.  {비}1550-1630.  {비}1917-1931.  {비}2202-2211  -{박무}-{박무}{강도0}0300-{박무}{강도0}0600-{박무}{강도1}0900-1130.  {박무}1620-{박무}{강도0}1800-2007.,119,126.9853,37.2723
1981-07-03,23.4,21.0,26.5,1130.0,1350.0,16.5,14.5,6.0,2.03,18.6,1340.0,1300.0,78.0,90.8,1730.0,285.0,0.3,,4.5,0.0,320.0,230.0,,1350.0,14.8,1.0,,,,9.7,,21.8,19.9,25.7,,0.0,0.0,0.0,0.0,22.1,20.2,,,,,,,,26.1,1002.4,,,,,,,1.5,2.5,{비}0838-0845.  {비}1245-1420.  {비}2050-{비}{강도0}2100-2110.,127,127.9525,36.9705
1981-07-03,22.4,20.6,24.9,1332.0,630.0,1.5,1.0,0.8,2.17,20.1,447.0,445.0,88.0,94.3,1326.0,2886.0,3.3,5.7,4.3,180.0,180.0,180.0,555.0,140.0,14.6,0.0,,5.16,,10.0,-999.0,21.4,20.3,23.8,17.8,23.5,23.4,22.8,22.9,21.9,19.3,,,,,,,,25.5,1007.7,1010.2,1009.4,1010.9,0.0,2220.0,14.33,1.0,1.5,{소나기}0445-0515.  {안개비}2220-{안개비}{강도0}2400-  -{안개}-{안개}{강도0}0300-{시정(미만)}{0.5km}{안개}0330-{시정(이상)}{0.5km}{안개}0420-{시정(미만)}{1km}{박무}0440-{박무}{강도1}0600-{시정(미만)}{1km}{안개}0645-{시정(미만)}{0.5km}{안개}0715-{안개}{강도1}0900-{시정(미만)}{0.2km}{안개}0910-{시정(이상)}{0.2km}{안개}0940-{시정(이상)}{0.5km}{안개}1030-{시정(이상)}{1km}{박무}1125-{박무}{강도1}1200-{박무}{강도0}1500-{시정(미만)}{1km}{안개}1650-{시정(미만)}{0.5km}{안개}1710-{안개}{강도1}1800-{안개}{강도1}2100-{시정(이상)}{0.5km}{안개}2120-{시정(이상)}{1km}{박무}2150-{박무}{강도1}2400-,129,126.4939,36.7766
1981-07-03,17.6,16.2,19.4,1458.0,2400.0,0.3,0.2,0.2,0.92,2.1,1409.0,1350.0,78.0,83.5,2201.0,2742.0,3.2,10.1,6.3,340.0,360.0,340.0,2056.0,830.0,14.6,0.0,,,,10.0,-999.0,14.7,15.9,18.5,16.6,19.9,20.2,20.3,20.0,19.7,18.5,12.2,13.9,,,,,,16.8,1007.6,1013.6,1011.8,1015.4,0.0,2400.0,3.67,1.3,2.0,-{박무}-{박무}{강도0}0300-{시정(미만)}{1km}{안개}0400-{시정(미만)}{0.5km}{안개}0416-{안개}{강도1}0600-{시정(이상)} {0.5km}{안개}0725-{시정(이상)}{1km}{박무}0740-0755.  {박무}1130-{박무}{강도0}1200-1310.  {비}1350-1430.  {비}1530-1545.,130,129.4128,36.9918
1981-07-03,24.9,22.9,29.5,1337.0,600.0,83.5,62.7,17.4,5.33,99.0,1710.0,1650.0,68.0,85.8,1333.0,1908.0,2.2,8.6,6.8,200.0,200.0,180.0,1448.0,1450.0,14.6,1.8,,8.04,,9.0,-999.0,22.2,21.9,26.8,18.7,26.1,25.3,24.8,24.4,23.3,21.0,12.9,15.0,,,,,,26.8,1003.5,1010.4,1009.2,1011.2,1451.0,2206.0,,0.3,0.5,{비}0240-{비}{강도0}0300-0435.  {비}0815-0845.  {비}1515-{소나기}1657-{시정(미만)}{1km}{소나기}1705-{시정(미만)}{0.5km}{소나기}1712-{시정(이상)}{0.5km}{소나기}1722-{시정(이상)}{1km}{소나기}1732-{비}1750-{비}-{비}{강도0}1800-1810.  {박무}2210-{박무}{강도0}2400-{천둥}{강도0}(W)1554.  {천둥}{강도0}(SW)1705.,131,127.4407,36.6392
1981-07-03,26.0,23.7,29.2,1535.0,620.0,0.2,0.2,0.2,2.03,2.5,540.0,540.0,75.0,89.8,1352.0,2085.0,2.4,8.0,6.8,200.0,200.0,230.0,1545.0,1550.0,14.5,2.9,,,,10.0,-999.0,24.1,22.2,26.7,18.2,26.2,25.2,24.5,24.0,22.5,20.5,12.5,14.2,,,,,,30.0,1001.6,1010.5,1009.7,1011.6,0.0,2200.0,,3.2,4.8,{박무}0125-{박무}{강도0}0300-{박무}{강도0}0600-0742.  {비}0320-0342.  {비}0540-{비}{강도0}0600-0720.,133,127.3721,36.372
1981-07-03,24.3,21.9,28.4,1438.0,550.0,4.5,2.0,0.8,5.87,11.5,902.0,812.0,63.0,86.0,1516.0,1242.0,1.4,9.7,5.5,290.0,270.0,20.0,1537.0,1500.0,14.5,2.0,,,,10.0,-999.0,21.6,17.2,24.7,,25.5,25.0,23.6,22.8,21.6,19.0,,,,,,,,25.8,982.2,1010.4,1009.1,1011.5,1528.0,2301.0,0.72,1.0,1.5,-{박무}-{박무}{강도0}0300-{시정(미만)}{1km}{안개}0542-{안개}{강도0}0600-{시정(미만)}{0.5km}{안개}0605-{시정(이상)}{0.5km}{안개}0610-{시정(이상)}{1km}{박무}0625-{박무}{강도0}0900-1111.  -{비}-0210.  {비}0324-0448.  {소나기}0712-{비}0840-{비}{강도0}0900-0930.  {천둥}{강도0}(W)0724-{뇌전}{강도0}(W6~7)0738-{뇌전}{강도0}(W{이동}NW4~5)0746-{뇌전}{강도0}(NW{이동}N4~6)0753-{뇌전}{강도0}(N{이동}NE3~4)0803-0813.,135,127.9946,36.2203
1981-07-03,19.9,17.6,23.8,310.0,2400.0,0.1,0.1,0.1,2.17,0.1,920.0,840.0,85.0,91.8,1305.0,1996.0,2.3,6.4,5.0,20.0,20.0,20.0,1435.0,1330.0,14.5,0.0,,2.82,,8.0,-999.0,18.4,17.5,22.3,,22.3,22.9,23.2,22.7,,,,,,,,,,21.4,1012.0,1012.8,1010.4,1014.6,205.0,2400.0,3.03,0.8,1.3,{비}0820-{비}{강도0}0900-0940. {비}1845-1935. {박무}0410-{시정(미만)}{1km}{안개}0513-{시정(미만)}{0.5km}{안개}0534-{안개}{강도1}0600-{시정(이상)}{0.5km}{안개}0725-{시정(이상)}{1km}{박무}0815-{박무}{강도0}0900-1015.,138,129.38,36.032
1981-07-03,23.7,22.9,25.4,1224.0,630.0,0.7,0.7,0.5,3.67,0.7,557.0,555.0,89.0,95.3,1325.0,2590.0,3.0,9.1,5.3,250.0,250.0,250.0,145.0,107.0,14.5,0.0,,,,10.0,-999.0,22.9,20.9,23.5,18.5,24.1,23.8,23.3,23.0,22.1,20.5,,,,,,,,27.9,1007.2,1010.4,1009.7,1011.1,551.0,2205.0,,0.4,0.9,{소나기}0555-{소나기}{강도0}0600-0624.  {안개비}0814-{안개비}{강도0}0900-1125.  {박무}0733-{박무}{강도1}0900-{박무}{강도0}1200-{박무}{강도1}1500-{박무}{강도1}1800-{박무}{강도0}2100-2235.  {천둥}{강도0}(NW 10-12)0540-{천둥}{강도0}(NW 8-10)0600-{천둥}{강도1}(NW-N 6-7)0612-{천둥}{강도0}(N-NE 8-10)0618-0631.,140,126.7057,35.993
1981-07-03,24.2,19.9,29.6,1330.0,2351.0,8.6,3.6,2.0,5.72,4.5,20.0,1843.0,58.0,85.0,1328.0,2856.0,3.3,12.5,8.0,140.0,140.0,110.0,2055.0,1740.0,14.5,5.5,,11.47,,9.0,-999.0,21.4,19.5,24.9,19.9,25.2,25.9,25.4,24.6,24.0,22.0,13.5,16.5,,,,,,25.5,1004.0,1011.1,1009.9,1012.6,1652.0,2316.0,,4.2,4.4,-{비}-0136.  {비}0746-{비}{강도0}0900-1020.  {비}1824-1957.  -{박무}-{박무}{강도0}0300-{박무}{강도0}0600-{박무}{강도0}0900-{박무}{강도0}1200-1242.  {박무}1840-{박무}{강도0}2100-{박무}{강도0}2400-  {번개}{강도0}(SW 2-3)0015-0022.  {뇌전}{강도0}(S 4-5)0041-{뇌전}{강도1}(S 1-2)0049-{천둥}{강도0}(S)0058-{천둥}{강도0}(S{이동}SW 4)0107-{번개}{강도0}(SW 3)0110-0119.,143,128.6522,35.8282
1981-07-03,24.0,22.3,26.2,1630.0,801.0,24.4,17.0,9.1,7.08,14.4,740.0,726.0,85.0,90.0,1410.0,711.0,0.8,4.3,2.3,180.0,160.0,180.0,2126.0,805.0,14.5,0.0,,3.51,,9.8,-999.0,22.2,21.6,24.8,18.6,24.7,24.6,24.2,23.8,22.8,20.7,13.9,15.6,,,,,,26.8,1004.6,1010.8,1010.0,1011.4,1702.0,1200.0,,0.2,0.6,-{비}-0015{비}0130-0215{소나기}0410-{소나기}{강도0}0600-0650{소나기}0720-{시정(미만)}{1km}{소나기}0738-{시정(이상)}{1km}{소나기}0755-0830{비}0910-0950{비}1130-1155{비}1910-1935{비}2005-{시정(미만)}{1km}{비}2025-{시정(이상)}{1km}{비}2035-2050   {박무}1510-{박무}{강도0}1800-{박무}{강도0}2100-{박무}{강도0}2400-   {천둥}{강도0}(SW)0420-{천둥}{강도0}(SW-S)0430-0435{천둥}{강도0}(S)0525-{천둥}{강도0}(S-Z)0555-{천둥}{강도0}(S-Z)0600-{뇌전}{강도1}(Z1)0625-{뇌전}{강도1}(Z-NE1)0710-{뇌전}{강도0}(NE5-10)0740-0805,146,127.155,35.8215
1981-07-03,22.2,18.4,24.8,1134.0,2400.0,0.1,0.1,0.1,0.57,4.2,1106.0,1106.0,80.0,87.0,1457.0,848.0,1.0,6.1,4.3,20.0,180.0,20.0,1620.0,1220.0,14.5,0.0,,,,7.5,-999.0,19.9,17.4,24.0,,23.8,23.6,23.5,23.1,22.6,21.4,,,,,,,,23.4,1007.8,1011.6,1010.5,1014.3,204.0,2351.0,,1.7,1.9,{비}0642-0645.  {비}0825-0838.  {비}1106-1115.{박무}0727-{박무}{강도0}0900-{박무}{강도0}1200-1212. {천둥}(NW)0907-0915.,152,129.3203,35.5601
1981-07-03,24.1,22.6,26.0,1305.0,1630.0,29.2,18.2,7.5,14.35,24.7,1535.0,1510.0,83.0,91.3,1330.0,1887.0,2.2,8.9,5.8,230.0,250.0,160.0,1406.0,1140.0,14.4,0.0,,4.23,,10.0,-999.0,22.5,22.6,24.7,,24.4,24.1,23.9,23.6,23.1,21.4,,,,,,,,27.3,1002.1,1010.5,1009.5,1011.0,410.0,2205.0,,0.8,1.3,-{비}-0005.  {비}0119-{비}{강도0}0300-0303.  {소나기}0310-0404.  {안개비}0642-0716.  {소나기}0821-{비}0843-{비}{강도0}0900-0945.  {비}1141-{비}{강도0}1200-1214.  {소나기}1445-{소나기}{강도0}1500-{시정(미만)}{1km}{소나기}1532-{시정(이상)}{1km}{소나기}1553-{비}1742-{비}{강도0}1800-{비}{강도0}2100-2352.   {천둥}{강도0}(S)0340-{뇌전}{강도0}(S{이동}SW5-7)0346-{천둥}{강도0}(SW)0351-0358.  {천둥}{강도0}(S)1411-1415.  {천둥}{강도0}(S)1451-{천둥}{강도0}(S)1500-{뇌전}{강도0}(S 3-4)1540-{천둥}{강도0}(S)1548-1554.  {천둥}{강도0}(S)1616-{뇌전}{강도0}(S 3-4)1618-{천둥}{강도0}(S)1622-1628.,156,126.8916,35.1729
1981-07-03,21.2,17.6,24.5,1410.0,2400.0,2.5,1.3,1.0,4.27,3.7,50.0,8.0,90.0,92.8,1500.0,3090.0,3.6,11.9,9.7,250.0,200.0,200.0,1050.0,1040.0,14.4,0.0,,6.78,,10.0,-999.0,20.0,17.1,23.7,18.6,23.4,24.0,23.2,23.0,22.5,20.5,14.3,15.4,,,,,,23.5,1003.7,1011.9,1010.8,1014.1,325.0,2400.0,0.68,1.1,1.5,{비}0008-0102.  {비}0625-0631.  {소나기}0923-0928.  {소나기}1100-1117.  {비}1123-{비}{강도0}1200-1325.  {비}1620-1632.  {비}2320-{비}{강도0}2400-  {천둥}{강도0}(S)0908-{천둥}{강도0}(S{이동}SW)0915-0921.  {천둥}{강도0}(NW)1042.,159,129.032,35.1047
1981-07-03,22.2,20.6,23.8,1723.0,655.0,8.0,3.3,1.9,5.7,20.6,818.0,1300.0,90.0,92.0,1105.0,2558.0,3.0,9.6,8.7,230.0,230.0,230.0,822.0,832.0,14.4,0.0,,,,10.0,-999.0,20.8,17.4,24.1,19.5,23.5,23.7,23.1,22.7,22.3,20.4,,,,,,,,24.6,1007.1,1011.7,1010.8,1012.7,1813.0,1125.0,2.13,1.2,1.6,-{박무}{강도0}-0110.  {박무}0421-{박무}{강도0}0600-{박무}{강도0}0900-0920.  {박무}1125-{박무}{강도1}1200-{박무}{강도1}1500-{박무}{강도0}1800-{시정(미만)}{1km}{안개}1950-{시정(미만)}{0.5km}{안개}1956-{시정(이상)}{0.5km}{안개}2001-{시정(이상)}{1km}{박무}2047-{박무}{강도2}2100-{시정(미만)}{1km}{안개}2242-{시정(이상)}{1km}{박무}2353-{박무}{강도1}2400-  {천둥}{강도0}(SE)1043-1044.  {천둥}{강도0}(SW)1748.{비}0518-0537.  {안개비}0643-{비}0703-{소나기}9818-{비}0822-{비}{강도0}0900-0905.{비}1208-{소나기}1225-{비}1240-1405.  {비}1940-2040.  {소나기}2354-2358.,162,128.4356,34.8454
1981-07-03,23.4,22.2,24.3,1725.0,300.0,23.7,10.6,6.0,7.32,22.3,1143.0,1102.0,91.0,92.0,300.0,3550.0,4.1,9.8,7.2,200.0,200.0,200.0,601.0,610.0,14.4,0.0,,1.68,,10.0,-999.0,21.9,22.0,23.8,,23.6,23.7,23.6,22.7,22.4,20.6,,,,,,,,26.4,1005.0,1011.6,1010.5,1012.3,1717.0,1208.0,,0.6,0.9,{비}0442-0513.  {비}1031-1035.  {소나기}1043-{시정(미만)}{1km}{소나기}1139-{소나기}{강도2}1200-{시정(이상)}{1km}{소나기}1208-{시정(미만)}{1km}{소나기}1226-{시정(이상)}{1km}{소나기}1241-1342.  {비}1526-1548.  {비}1746-1754.  {비}1809-1911.  {소나기}1956-{소나기}{강도0}2100-{시정(미만)}{1km}{소나기}2131-{시정(이상)}{1km}{소나기}2152-2209.  {천둥}{강도0}(SW)1107-{뇌전}{강도0}(SW 3~7)1136-{뇌전}{강도0}(SW{이동}S 5~10)1200-{뇌전}{강도0}(S{이동}SE 4~7)1234-{뇌전}{강도0}(SE{이동}S 5~10)1242-1254.{천둥}{강도0}(S)2035-{뇌전}{강도0}(S 3~7)2041-{뇌전}{강도0}(S{이동}SW 4~7)2100-{뇌전}{강도0}(SW{이동}W 3~7)2118-2136.,165,126.3812,34.8169
1981-07-03,22.6,21.4,23.8,1414.0,103.0,19.9,8.8,5.6,11.5,25.8,1152.0,1146.0,96.0,97.8,1116.0,2008.0,2.3,6.3,5.0,230.0,230.0,230.0,1002.0,1004.0,14.4,0.0,,,,10.0,-999.0,22.2,21.2,23.7,,23.2,22.8,22.4,22.1,20.6,19.2,,,,,,,,26.9,1004.6,1012.5,1011.7,1013.9,1718.0,1147.0,12.02,0.4,0.7,-{안개}-{시정(이상)}{0.2km}{안개}0112-{시정(이상)}{0.5km}{안개}0146-{시정(미만)}{0.5km}{안개}0213-{시정(미만)}{0.2km}{안개}0243-{안개}{강도2}0300-{안개}{강도2}0600-{시정(이상)}{0.2km}{안개}0713-{시정(이상)}{0.5km}{안개}0734-{시정(이상)}{1km}{박무}0802-{박무}{강도1}0900-{박무}{강도0}1200-{박무}{강도0}1500-{박무}{강도0}1800-{시정(미만)}{1km}{안개}1822-{시정(이상)}{1km}{박무}1958-{박무}{강도0}2100-{시정(미만)}{1km}{안개}2137-{시정(미만)}{0.5km}{안개}2221-{안개}{강도1}2400-{안개비}0523-{안개비}{강도2}0600-{비}0807-{비}{강도0}0900-0945.  {소나기}1134-{시정(미만)}{1km}{소나기}1146-{시정(미만)}{0.5km}{소나기}1156-{소나기}{강도2}1200-{시정(이상)}{0.5km}{소나기}1201-{시정(이상)}{1km}{소나기}1204-1333.  {소나기}1512-{소나기}{강도0}1800-{비}1808-2021.{천둥}{강도0}(SW 8-10)0820-0834.  {천둥}{강도0}(S 5-8)1114-{뇌전}{강도1}(S{이동}SW 3)1121-{뇌전}{강도0}(S{이동}SW5-10)1128-1134.  {뇌전}{강도0}(SW 5-8)1136-{뇌전}{강도1}(Z 2)1157-{뇌전}{강도0}(Z 3)1200-{뇌전}{강도0}(Z{이동}NE 5-8)1209-1218.  {뇌전}{강도0}(W 5-8)1654-1716.,168,127.7406,34.7393
1981-07-03,23.7,22.4,24.8,1750.0,0.0,9.8,6.5,2.5,7.23,9.2,2135.0,2120.0,93.0,96.3,20.0,1872.0,2.2,,4.0,0.0,200.0,200.0,,1550.0,14.4,0.0,,6.78,,10.0,,23.4,22.0,24.4,,0.0,0.0,0.0,0.0,21.7,19.7,,,,,,,,28.8,1010.3,,,,,,1.05,0.6,0.7,{소나기}0413-0721. {소나기}0851-{소나기}{강도0}0900-0904. {비}1013-{안개비}1041-1129. {소나기}2051-{소나기}{강도0}2100-2328. {뇌전}{강도0}(SW5-10)2145-2320. {박무}0345-{박무}{강도0}0900-{시정(미만)}{1km}{안개}1040-{시정(이상)}{1km}{박무}1143-{박무}{강도0}1500-{박무}{강도0}2100-. {천둥}{강도0}(NE)0932-0941. {뇌전}{강도0}(NW5-10)2045-{뇌전}{강도0}(NW)2100-2125.,170,126.7018,34.3959
1981-07-03,27.9,25.6,30.6,1315.0,0.0,0.1,0.1,0.1,0.32,0.4,540.0,540.0,64.0,75.8,1240.0,4794.0,5.5,15.7,9.2,200.0,200.0,200.0,1015.0,840.0,14.3,5.7,,17.22,,9.0,-999.0,23.2,22.3,27.6,,27.3,26.6,25.8,25.3,24.2,21.9,,,,,,,,28.5,1008.2,1010.9,1009.5,1011.5,1744.0,1200.0,,,5.9,{소나기}0250-0256.  {소나기}0456-0500.  {소나기}0540-0549.,184,126.5297,33.5141
1981-07-03,25.6,23.0,30.0,1221.0,2338.0,1.0,0.5,0.5,1.08,0.5,,,79.0,91.8,1235.0,3828.0,4.4,,8.0,0.0,230.0,230.0,,20.0,14.3,7.7,,31.17,,7.7,,23.8,22.4,28.0,,0.0,0.0,0.0,0.0,22.8,21.3,,,,,,,,29.6,1011.8,,,,,,,,4.3,{소나기}0234-0246. {소나기}0532-0625. {무지개}(SE)1908-1911.,188,126.8804,33.3868
1981-07-03,24.9,23.2,26.4,1319.0,120.0,1.2,0.7,0.4,4.5,0.0,226.0,225.0,87.0,92.3,1510.0,2720.0,3.1,10.7,5.2,250.0,250.0,200.0,545.0,620.0,14.3,0.0,,,,10.0,-999.0,23.6,23.1,26.2,19.9,26.0,25.2,24.3,23.7,23.5,21.7,,,,,,,,29.0,1006.3,1012.4,1011.3,1013.4,1805.0,1200.0,12.42,2.5,3.0,-{안개}-{안개}{강도0}0300-{안개}{강도0}0600-{안개}{강도0}0900-{안개}{강도0}1200-{시정(이상)}{1km}{박무}1225-{박무}{강도0}1500-{박무}{강도0}1800-1930.  {비}1820-1825.  {비}0125-{비}{강도0}0300-0420.  {비}0540-{비}{강도0}0600-0710.,189,126.5653,33.2461
1981-07-03,21.1,20.0,24.8,1630.0,640.0,52.0,38.0,10.0,14.5,14.5,622.0,604.0,75.0,86.8,1735.0,180.0,0.2,,2.0,0.0,320.0,140.0,,640.0,14.6,1.0,,2.89,,10.0,,18.5,18.2,24.1,,0.0,0.0,0.0,0.0,23.0,20.3,,,,,,,,21.3,1006.5,,,,,,,0.5,0.6,-{비}-{비}{강도0}0300-{시정(미만)}{1km}{소나기}0612-{시정(미만)}{0.5km}{소나기}0623-{시정(미만)}{0.5km}{소나기}0640-{시정(미만)}{1km}{소나기}0643-{비}0730-{비}{강도0}0900-1430.,202,127.4945,37.4886
1981-07-03,22.2,20.0,24.6,1655.0,2400.0,148.0,61.0,15.0,10.5,60.5,800.0,800.0,95.0,98.3,1720.0,378.0,0.4,,2.5,0.0,20.0,320.0,,830.0,14.6,0.6,,7.4,,10.0,,21.8,19.2,23.3,,0.0,0.0,0.0,0.0,23.1,20.6,,,,,,,,26.2,1001.6,,,,,,,0.5,0.8,{비}0030-0415.  {비}0635-{소나기}0756-{소나기}{강도1}0900-{비}0940-1320.{뇌전}{강도0}(NW7-8)0725-0830.,203,127.4842,37.264
1981-07-03,17.7,14.2,21.9,0.0,2400.0,50.5,32.0,10.0,9.25,5.0,650.0,620.0,81.0,88.3,2100.0,2712.0,3.1,,6.0,0.0,340.0,20.0,,1450.0,14.7,0.4,,4.83,,10.0,,14.6,13.8,18.7,,0.0,0.0,0.0,0.0,20.3,19.3,,,,,,,,16.7,989.5,,,,,,,0.3,0.8,{비}0205-0220. {비}0430-{비}{강도0}0900-1330.,211,128.1671,38.0599
1981-07-03,20.3,17.6,23.1,12.0,2400.0,45.2,12.0,6.0,9.0,9.2,847.0,800.0,83.0,93.3,1720.0,336.0,0.4,,1.5,,70.0,70.0,,1740.0,14.7,0.1,,11.25,,10.0,,18.2,17.0,21.5,,0.0,0.0,0.0,0.0,21.0,18.6,,,,,,,,21.0,995.6,,,,,,,1.1,1.4,{비}0447-{비}{강도1}0900-1341.  {비}1536-1542.  {천둥}{강도0}(W)0412-0447.  {천둥}{강도1}(W)0525-{천둥}{강도0}(SW)0529-0531.  -{박무}-{박무}{강도0}0300-{박무}{강도1}0900-{박무}{강도0}1500-1630.,212,127.8804,37.6836
1981-07-03,22.0,21.2,23.3,1130.0,300.0,45.5,28.0,10.0,15.83,41.5,1340.0,1320.0,81.0,93.5,1740.0,582.0,0.7,,2.5,0.0,20.0,20.0,,1700.0,14.6,0.6,,8.28,,10.0,,21.1,20.8,24.2,,0.0,0.0,0.0,0.0,22.0,19.3,,,,,,,,25.0,982.1,,,,,,,0.2,0.4,-{비}-{비}{강도0}0300-0350.  {비}0810-{비}{강도0}0900-{비}{강도1}1500-1620.  {비}2010-{비}{강도0}2100-,221,128.1943,37.1593
1981-07-03,24.2,21.9,28.8,1255.0,2400.0,40.1,33.4,13.0,4.67,52.8,1900.0,1825.0,78.0,89.3,1300.0,495.0,0.6,,4.0,0.0,270.0,250.0,,1620.0,14.6,4.4,,13.01,,9.3,,22.7,21.3,26.7,,0.0,0.0,0.0,0.0,23.4,22.0,,,,,,,,27.6,989.9,,,,,,,,2.4,{비}0410-0525. {비}1605-{소나기}1638-1930. {천둥}{강도0}(NW)1515-{천둥}{강도0}(N)1530-1545. {천둥}{강도0}(SE)1640-{천둥}{강도1}(S)1700-{천둥}{강도0}(S)1710-1715.,226,127.7342,36.4876
1981-07-03,24.9,22.4,28.6,1340.0,500.0,0.7,0.7,0.2,0.85,22.3,,3.0,73.0,91.3,1310.0,1074.0,1.2,,3.5,0.0,340.0,250.0,,1450.0,14.6,6.2,,17.52,,10.0,,23.8,22.3,25.9,,0.0,0.0,0.0,0.0,22.6,19.9,,,,,,,,29.4,1008.3,,,,,,,3.2,4.6,-{박무}-{박무}{강도0}0900-{박무}{강도0}1500-{박무}{강도0}2100-  {비}0003-0045.,232,127.1213,36.7796
1981-07-03,23.2,22.0,25.5,1400.0,300.0,0.0,0.0,0.0,1.25,1.5,,,90.0,95.8,1400.0,2757.0,3.2,,6.0,0.0,200.0,200.0,,100.0,14.5,3.4,,4.2,,10.0,,22.8,21.6,25.4,,0.0,0.0,0.0,0.0,22.7,19.4,,,,,,,,27.8,1002.7,,,,,,,,0.9,-{박무}-{박무}{강도0}0900-{박무}{강도0}1500-{박무}{강도0}2100-  {안개비}0815-{안개비}{강도0}0900-0930.,235,126.5574,36.3272
1981-07-03,24.1,23.0,25.9,1400.0,440.0,0.0,0.0,0.0,3.5,3.0,,,80.0,93.0,1400.0,1197.0,1.4,,5.0,0.0,200.0,200.0,,130.0,14.5,1.7,,7.55,,10.0,,23.1,22.4,25.6,,0.0,0.0,0.0,0.0,23.0,21.6,,,,,,,,28.2,1009.6,,,,,,,1.3,2.5,{안개비}0942-1123.  {안개비}1832-2021.  -{박무}-{박무}{강도0}0300-{박무}{강도0}0900-{박무}{강도0}1500-{박무}{강도0}2100-.,236,126.9208,36.2724
1981-07-03,25.5,22.5,29.7,1450.0,420.0,11.2,6.0,2.0,2.92,5.6,630.0,620.0,69.0,83.0,1500.0,915.0,1.1,,3.5,0.0,270.0,270.0,,1530.0,14.5,7.9,,27.03,,9.0,,22.6,20.1,28.0,,0.0,0.0,0.0,0.0,23.0,21.2,,,,,,,,27.5,995.9,,,,,,,,4.0,{박무}0520-{박무}{강도0}0900-1320.  {비}0220-{비}{강도0}0300-0320.  {비}0620-0740.  {비}0810-0845.,238,127.4818,36.1056
1981-07-03,24.4,22.3,25.9,1410.0,550.0,9.9,7.0,5.5,1.3,5.2,649.0,644.0,86.0,89.0,1505.0,1881.0,2.2,,4.0,0.0,200.0,200.0,,1500.0,14.5,0.0,,,,9.7,,22.7,22.0,25.2,,0.0,0.0,0.0,0.0,22.5,20.5,,,,,,,,27.5,1010.2,,,,,,,1.0,1.3,{비}0507-{시정(미만)}{1km}{비}0508-{시정(이상)}{1km}{비}0514-0521.{비}0644-{시정(미만)}{1km}{비}0649-{시정(이상)}{1km}{비}0700-0714.{비}1852-1926.{뇌전}{강도0}(W5-10)0500-{뇌전}{강도0}(NW3-5)0524-0545.{뇌전}{강도0}(NE8-10)0634-{뇌전}{강도0}(NE4-6)0705-0725.,243,126.7166,35.7296
1981-07-03,22.9,21.7,25.4,1320.0,2230.0,25.9,9.5,6.5,5.72,22.5,930.0,900.0,86.0,91.3,1800.0,603.0,0.7,,2.0,0.0,270.0,230.0,,1700.0,14.5,1.5,,9.67,,10.0,,21.6,20.9,24.5,,0.0,0.0,0.0,0.0,22.2,20.5,,,,,,,,25.8,984.6,1010.5,,,,,,0.9,1.6,{소나기}0456-0510. {소나기}0621-0804. {소나기}0828-{소나기}{강도0}0900-{시정(미만)}{1km}{소나기}0926-{시정(이상)}{1km}{소나기}0945-1010.{소나기}1120-1126. {소나기}1746-1848. {소나기}1906-1954. {소나기}2010-2018. {천둥}{강도0}(SW 5-6)0453-{뇌전}{강도0}(SW{이동}W 3)0510-{뇌전}{강도0}(W{이동}NW 4-5)0518-0532. {천둥}{강도0}(NE 4-5)0816-{천둥}{강도0}(NE 4-5)0900-{천둥}{강도0}(NE{이동}N 6-7)0920-0948.,244,127.2856,35.612
1981-07-03,23.9,21.5,26.5,1400.0,714.0,33.0,9.0,5.0,8.13,5.0,500.0,420.0,86.0,90.3,300.0,897.0,1.0,,3.0,0.0,270.0,270.0,,1340.0,14.5,1.8,,5.06,,8.0,,22.5,18.9,20.8,,0.0,0.0,0.0,0.0,23.5,22.0,,,,,,,,27.3,1005.7,1009.1,,,,,,0.4,0.7,{소나기}0415-{시정(미만)}{1km}{소나기}0455-{시정(이상)}{1km}{소나기}0510-{시정(미만)}{1km}{소나기}0718-{시정(이상)}{1km}{소나기}0724-{비}0810-{비}{강도0}0900-1134.  {비}1735-1824.  {뇌전}{강도0}(SW 7-9)0440-{뇌전}{강도0}(SW{이동}W 6-7)0447-{뇌전}{강도0}(W{이동}NW 8-9)0457-{뇌전}{강도0}(NW{이동}N 10-12)0506-{뇌전}{강도0}(N{이동}NE 10-13)0520-0535.,245,126.8661,35.5632
1981-07-03,23.1,21.8,25.6,1730.0,930.0,119.1,38.5,12.5,11.85,85.2,905.0,840.0,74.0,85.8,1720.0,294.0,0.3,,4.5,0.0,90.0,90.0,,820.0,14.5,0.1,,6.77,,10.0,,20.6,20.2,23.7,,0.0,0.0,0.0,0.0,23.6,20.1,,,,,,,,24.2,1000.7,1014.2,,,,,,0.2,0.3,{소나기}0250-{시정(미만)}{1km}{소나기}0405-{시정(이상)}{1km}{소나기}0421-0520. {소나기}0640-{시정(미만)}{1km}{소나기}0810-{소나기}{강도2}0900-{시정(이상)}{1km}{소나기}1035-1106. {소나기}1250-{시정(미만)}{1km}{소나기}1302-{시정(이상)}{1km}{소나기}1324-1410. {소나기}1425-1435. {소나기}1450-{소나기}{강도0}1500-1515. {소나기}1525-{시정(미만)}{1km}{소나기}1530-{시정(이상)}{1km}{소나기}1545-1555. {소나기}1745-2015. {뇌전}{강도0}(S 10~15)0323-{뇌전}{강도1}(S{이동}SW 3~4)0405-{뇌전}{강도0}(SW{이동}W 5~7)0439-0510. {천둥}{강도0}(SW)0652-{뇌전}{강도0}(SW 8~10)0744-{뇌전}{강도1}(SW{이동}Z 2)0807-{뇌전}{강도2}(Z{이동}NE 1)0815-{뇌전}{강도0}(NE 8~10)0820-0835. {뇌전}{강도1}(SE 4~5)0830-{뇌전}{강도2}(SE 1)0900-{뇌전}{강도1}(SE{이동}E 2~3)0925-{뇌전}{강도0}(E{이동}NE 5~7)0940-1018.,247,127.333,35.4054
1981-07-03,23.6,21.9,26.3,1030.0,2400.0,68.5,43.5,12.0,11.95,74.5,1600.0,1550.0,84.0,90.8,1030.0,432.0,0.5,,3.0,0.0,230.0,230.0,,1450.0,14.4,0.4,,9.41,,9.3,,22.0,20.5,24.3,,0.0,0.0,0.0,0.0,22.9,21.3,,,,,,,,26.5,1004.1,,,,,,,0.7,1.2,-{비}-0135.  {소나기}0330-0557.  {소나기}0630-0732.  {소나기}1040-1120.  {소나기}1215-1320.  {소나기}1420-{소나기}{강도0}1500-{시정(미만)}{1km}{소나기}1600-{시정(미만)}{0.5km}{소나기}1602-{시정(이상)}{0.5km}{소나기}1605-{시정(이상)}{1km}{소나기}1610-{시정(미만)}{1km}{소나기}1613-{시정(미만)}{0.5km}{소나기}1632-{시정(이상)}{0.5km}{소나기}1634-{시정(이상)}{1km}{소나기}1645-1910.  {천둥}{강도0}(N)0855-{천둥}{강도0}(N)0900-0903.{천둥}{강도0}(NW)1210-{뇌전}{강도0}(NW 4~6)1223-{뇌전}{강도0}(NW{이동}N 5~7)1247-1255.  {뇌전}{강도0}(NW 4~6)1332-{뇌전}{강도0}(NW{이동}N 5~8)1340-1347. {뇌전}{강도0}(W 5~7)1447-{뇌전}{강도0}(W{이동}NW 6~8)1458-{뇌전}{강도0}(NW 6~8)1500-{뇌전}{강도0}(NW{이동}N 8~10)1504-1515.  {소나기}2342-,256,127.2391,35.075
1981-07-03,23.4,22.4,25.9,1148.0,326.0,5.5,2.0,1.5,2.67,3.0,758.0,752.0,88.0,92.3,1158.0,537.0,0.6,,3.0,0.0,230.0,230.0,,1220.0,14.4,0.1,,9.12,,10.0,,22.3,22.0,25.3,,0.0,0.0,0.0,0.0,21.6,20.3,,,,,,,,26.9,1008.1,,,,,,,0.4,0.8,{소나기}0340-0402.  {소나기}0724-0734.  {소나기}0752-0814.  {소나기}1054-1118.  {비}1234-1356.{천둥}{강도0}(SW)1042-{뇌전}{강도0}(SW{이동}S 5-10)1103-{뇌전}{강도0}(S{이동}SE 5-10)1112-1148.  {뇌전}{강도0}(W 8)1226-{뇌전}{강도0}(W{이동}NW 5-10)1242-{뇌전}{강도0}(NW{이동}N 5-10)1256-1327.,260,126.9195,34.6889
1981-07-03,24.2,23.4,25.0,1605.0,650.0,17.4,5.0,3.0,12.0,12.1,657.0,635.0,90.0,94.5,1605.0,1521.0,1.8,,4.0,0.0,250.0,250.0,,550.0,14.4,0.6,,6.75,,10.0,,23.3,23.1,25.0,,0.0,0.0,0.0,0.0,22.4,20.3,,,,,,,,28.7,1006.5,,,,,,,0.4,0.7,{소나기}0252-{소나기}{강도0}0300-0425. {소나기}0635-0730. {소나기}0858-{소나기}{강도0}0900-1246. {안개비}1652-{소나기}2012-{소나기}2100-2236.  {천둥}{강도0}(SW 10-12)0637-0703. {천둥}{강도0}(SW 8-12)0907-{천둥}{강도0}(SW{이동}W8-10)0957-{천둥}{강도0}(W{이동}NW 10-12)1135-1249.  {뇌전}{강도0}(N 8-12)2016-{뇌전}{강도0}(N{이동}NW 8-10)2100-2225.  -{박무}-{박무}{강도2}0300-0803. {박무}1340-{박무}{강도0}1500-{박무}{강도1}2100-,261,126.5691,34.5538
1981-07-03,24.0,22.7,25.3,1202.0,654.0,7.0,2.0,2.0,5.55,7.0,1103.0,744.0,90.0,95.3,249.0,897.0,1.0,,3.0,0.0,270.0,270.0,,1000.0,14.4,0.3,,9.37,,10.0,,23.8,21.9,24.6,,0.0,0.0,0.0,0.0,21.5,20.2,,,,,,,,29.4,1015.6,,,,,,,0.6,0.9,-{박무}-{박무}{강도0}0300-0628.  {비}0426-0528.  {소나기}0744-0826.  {소나기}1041-1124.  {소나기}1323-{소나기}{강도0}1500-1514.  {소나기}1951-{소나기}{강도0}2100-2104.  {뇌전}{강도0}(S 6-8)0822-{뇌전}{강도0}(W{이동}SE 8-9)0829-0842.  {뇌전}{강도0}(NW 9-10)1051-{뇌전}{강도0}(NW{이동}N 12-14)1127-1141.  {뇌전}{강도0}(SW 6-8)1339-{뇌전}{강도0}(SW{이동}W 4-6)1358- {뇌전}{강도0}(W{이동}NW 6-8)1419-{뇌전}{강도0}(NW{이동}N 9-11)1441-{뇌전}{강도0}(N 10-12)1500-1516.,262,127.2757,34.6182
1981-07-03,25.6,23.0,30.0,1221.0,2338.0,1.0,0.5,,1.08,0.5,,,79.0,91.8,1235.0,,4.4,,8.0,0.0,230.0,230.0,,20.0,14.3,7.7,,31.17,,7.7,,23.8,22.4,28.0,,0.0,0.0,0.0,0.0,22.8,21.3,,,,,,,,29.6,1011.8,,,,,,,,4.3,,265,126.8804,33.3868
1981-07-03,22.9,20.9,26.3,1200.0,1455.0,5.9,5.5,3.5,2.67,7.0,1455.0,1450.0,76.0,92.8,1150.0,129.0,0.1,,3.5,0.0,320.0,160.0,,1500.0,14.6,2.2,,,,10.0,,21.8,20.4,24.8,,0.0,0.0,0.0,0.0,24.1,21.9,,,,,,,,26.1,999.0,,,,,,,1.4,1.8,-{박무}-{박무}{강도0}0300-{박무}{강도0}0900-1020.  {소나기}1335-{소나기}{강도1}1500-{비}1515-1615.  {천둥}{강도0}(SW)1340-{뇌전}{강도0}(SW 4-5)1347-1400.  {박무}1930-{박무}{강도0}2100-,272,128.5169,36.8718
1981-07-03,24.1,22.2,28.4,1300.0,500.0,22.3,17.0,11.0,2.48,28.9,1505.0,1500.0,68.0,81.0,1250.0,444.0,0.5,,5.0,0.0,50.0,140.0,,1500.0,14.6,3.1,,,,10.0,,21.0,21.0,25.7,,0.0,0.0,0.0,0.0,23.8,21.3,,,,,,,,24.8,1000.3,,,,,,,,1.6,-{박무}{강도0}0900-{박무}{강도0}1500-{박무}{강도0}2100-. {소나기}0931-0949. {소나기}1441-{소나기}{강도0}1500-1621. {천둥}{강도0}(NW)1356-{천둥}{강도0}(N)1427-{천둥}{강도0}(NE)1438-{천둥}{강도0}(NE)1500-{뇌전}{강도0}(E6-7)1508-{천둥}{강도0}(E)1521-1541.,273,128.1488,36.6273
1981-07-03,18.9,17.2,21.7,0.0,2400.0,4.1,3.0,1.0,3.27,4.1,1700.0,1640.0,81.0,90.3,910.0,774.0,0.9,,3.0,0.0,50.0,50.0,,1750.0,14.6,0.4,,10.87,,10.0,,17.1,16.7,22.3,,0.0,0.0,0.0,0.0,21.9,17.9,,,,,,,,19.5,1015.7,,,,,,,0.3,0.8,{박무}0950-{박무}{강도0}1500-{박무}{강도0}2100-  {소나기}1313-1321.  {비}1548-1856.,277,129.4093,36.5334
1981-07-03,25.0,21.3,29.6,1240.0,2400.0,3.3,1.7,1.5,3.33,3.3,910.0,856.0,64.0,85.3,1325.0,606.0,0.7,,4.0,0.0,50.0,270.0,,1620.0,14.5,3.3,,20.69,,8.7,,22.1,20.9,26.9,,0.0,0.0,0.0,0.0,24.0,21.7,,,,,,,,26.7,1002.8,,,,,,,1.9,2.6,{소나기}0856-{소나기}{강도0}0900-0935. {소나기}1525-1532. {소나기}1536-1810. {박무}0340-{박무}{강도0}0900-{박무}{강도0}1500-{박무}{강도0}2100- {천둥}{강도0}(W)0855-{천둥}{강도0}(W)0900-{뇌전}{강도0}(Z 5)0908-0915. {천둥}{강도0}(NW)1504-{천둥}{강도0}(N)1520-{뇌전}{강도0}(N 10)1535-{뇌전}{강도0}(N 6)1540-{뇌전}{강도0}(Z 4)1605-{뇌전}{강도0}(S 5)1656-1726.,278,128.6886,36.3561
1981-07-03,24.9,22.6,30.0,1300.0,403.0,2.9,2.0,1.0,2.12,2.1,905.0,830.0,61.0,85.5,1335.0,552.0,0.6,,3.5,0.0,90.0,140.0,,1750.0,14.5,3.9,,19.49,,10.0,,22.6,20.2,27.8,,0.0,0.0,0.0,0.0,23.0,20.1,,,,,,,,27.5,1005.8,,,,,,,,3.3,-{박무}-{박무}{강도0}0300-{박무}{강도0}0900-1110.  {박무}2020-{박무}{강도0}2100-  -{소나기}-0020.  {소나기}0225-0252.{소나기}0830-{소나기}{강도0}0900-0920.  {소나기}1727-1757.,279,128.3206,36.1306
1981-07-03,22.7,17.5,29.6,1251.0,2400.0,1.2,0.7,0.3,1.5,0.6,840.0,832.0,69.0,82.3,1249.0,801.0,0.9,,2.5,0.0,50.0,50.0,,1630.0,14.5,4.0,,17.32,,10.0,,19.4,16.3,25.9,,0.0,0.0,0.0,0.0,23.6,22.0,,,,,,,,22.7,1003.0,,,,,,,,2.3,-{박무}-{박무}{강도0}0900-{박무}{강도0}1500-{박무}{강도0}2100-  -{비}-0016.  {비}0832-{비}{강도0}0900-0912.  {비}1834-1908.,281,128.9514,35.9774
1981-07-03,23.9,21.1,29.1,1600.0,500.0,18.4,10.0,7.0,3.27,26.5,1220.0,700.0,72.0,83.0,1600.0,933.0,1.1,,4.0,0.0,180.0,230.0,,1400.0,14.5,4.2,,25.54,,9.0,,21.1,20.5,26.9,,0.0,0.0,0.0,0.0,21.8,18.7,,,,,,,,25.2,986.6,,,,,,,,2.0,-{소나기}-0007.  {소나기}0646-0850.  {소나기}1045-1126. {소나기}1210-1234.  {천둥}{강도1}(SE)0644-0708.  {천둥}{강도1}(SE)0724-0730.  {천둥}{강도2}(SE)0813-0821.,284,127.911,35.6712
1981-07-03,24.9,23.9,28.6,1432.0,500.0,14.6,12.5,10.5,7.15,16.5,1445.0,1443.0,78.0,89.0,1455.0,1566.0,1.8,,4.5,0.0,180.0,180.0,,1700.0,14.5,4.1,,22.44,,8.0,,23.1,23.1,25.9,,0.0,0.0,0.0,0.0,22.1,19.8,,,,,,,,28.3,1009.2,,,,,,,,3.8,-{박무}{강도0}-{박무}{강도0}0900-1325.  {박무}1723-{박무}{강도0}2100-  {소나기}0418-{소나기}{강도0}0900-1045.  {소나기}1207-1228.  {소나기}1443-{소나기}{강도1}1500-1504.  {뇌전}{강도0}(NW 3-4)0508-{뇌전}{강도1}(NW{이동}W 4-5)0516-{뇌전}{강도0}(W{이동}SW 2-3)0525-0534.  {뇌전}{강도0}(SW 3-4)0612-{뇌전}{강도0}(SW{이동}S 2-3)0621-0635.{뇌전}{강도0}(W 3-4)0702-{뇌전}{강도2}(W{이동}NW 1-2)0721-0733.  {뇌전}{강도0}(SE 2-3)0912-{뇌전}{강도1}(SE{이동}S 2-3)0921-{뇌전}{강도0}(S{이동}SW 2-3)0930-0941.  {뇌전}{강도0}(SW 3-4)1441-{뇌전}{강도0}(SW{이동}S 2-3)1450-{뇌전}{강도0}1500-{뇌전}{강도0}(S{이동}SE 2-3)1509-{뇌전}{강도1}(SE{이동}E 1-2)1518-1527.,285,128.1699,35.5651
1981-07-03,19.4,17.3,23.4,15.0,608.0,,,,,,,,81.0,95.0,10.0,1470.0,1.7,9.1,6.0,180.0,180.0,50.0,1330.0,1330.0,14.6,2.2,,,,9.0,-999.0,18.6,17.1,22.7,,22.7,22.0,21.1,20.8,20.1,16.4,,,,,,,,21.4,985.3,1011.2,1009.0,1012.7,0.0,2400.0,15.25,1.7,2.5,-{박무}-{시정(미만)}{1km}{안개}0220-{시정(미만)}{0.5km}{안개}0222-{시정(미만)}{0.2km}{안개}0225-{시정(미만)}{0.1km}{안개}0230-{안개}{강도2}0300-{시정(이상)}{0.1km}{낮은안개}0530-{낮은안개}{강도2}0600-{시정(이상)}{0.2km}{낮은안개}0810-{시정(이상)}{0.5km}{낮은안개}0815-{시정(이상)}{1km}{박무}0820-{박무}{강도1}0900-{시정(미만)}{1km}{안개}1035-{시정(미만)}{0.5km}{안개}1040-{시정(미만)}{0.2km}{안개}1047-{안개}{강도2}1200-{시정(이상)}{0.2km}{안개}1226-{시정(이상)}{0.5km}{안개}1228-{시정(이상)}{1km}{박무}1230-{박무}{강도2}1500-{시정(미만)}{1km}{안개}1640-{시정(미만)}{0.5km}{안개}1642-{시정(미만)}{0.2km}{안개}1647-{안개}{강도2}1800-{안개}{강도2}2100-{시정(미만)}{0.1km}{안개}2126-{안개}{강도2}2400-,115,130.8986,37.4813
1981-07-03,24.3,23.1,26.5,1740.0,600.0,8.6,3.2,2.0,9.7,15.8,128.0,110.0,86.0,92.8,1335.0,2957.0,3.4,8.3,5.3,180.0,180.0,180.0,1816.0,1800.0,14.4,0.3,,6.3,,10.0,-999.0,23.0,22.3,24.9,18.5,24.9,24.6,24.3,24.1,23.2,20.9,13.1,14.3,,,,,,28.1,1008.8,1011.5,1011.1,1013.8,1725.0,900.0,,0.4,0.7,{비}0110-0145.   {비}0305-0325.   {비}0547-{비}{강도0}0600-0645.   {비}0827-{비}{강도0}0900-{소나기}0946-{비}1025-{소나기}1105-{비}1140-{비}{강도0}1200-{소나기}1416-{소나기}{강도0}1500-1504.   {소나기}1558-1610.   {비}2030-{비}{강도0}2100-2130.   {박무}0520-{박무}{강도0}0600-0847.   {천둥}{강도0}(NW)0924-{천둥}{강도0}(NW{이동}W)0938-{천둥}{강도1}(N)0945-{뇌전}{강도0}(N5-7)0950-{천둥}{강도0}(N{이동}NE)0958-1010.   {천둥}{강도0}(N)1025-{천둥}{강도0}(N{이동}NE)1031-{뇌전}{강도0}(NE5-8)1045-{천둥}{강도1}(NE)1053-{뇌전}{강도0}(NE{이동}E5-7)1100-1120.   {천둥}{강도0}(NW)1104-{뇌전}{강도0}(NW{이동}N4-8)1107-{뇌전}{강도0}(N3-6)1128-1136.   {천둥}{강도0}(NW)1414-1424.,192,128.1191,35.2084
1981-07-03,21.4,17.8,23.0,1630.0,1120.0,9.5,7.5,3.5,5.72,23.0,420.0,420.0,80.0,89.5,2230.0,939.0,1.1,,2.5,0.0,90.0,90.0,,1520.0,14.7,2.7,,15.28,,10.0,,19.2,16.3,23.9,,0.0,0.0,0.0,0.0,22.7,21.2,,,,,,,,22.3,1009.0,,,,,,,,1.0,{비}0320-0610.  {안개비}0847-{안개비}{강도1}0900-{비}0950-{안개비}1010-1140.,201,126.4463,37.7074
1981-07-03,23.8,21.0,27.3,1440.0,2400.0,2.5,1.2,0.7,4.5,2.4,1040.0,1025.0,68.0,81.3,1727.0,1467.0,1.7,,3.5,0.0,250.0,290.0,,1510.0,14.5,0.9,,15.67,,8.3,,20.5,20.2,27.1,,0.0,0.0,0.0,0.0,21.6,17.9,,,,,,,,24.2,1007.2,,,,,,,0.9,2.0,{비}0510-0750.  {비}0935-1125.  -{박무}-{박무}{강도0}0900-1210.,288,128.7441,35.4915
1981-07-03,24.1,23.0,26.8,1335.0,300.0,40.3,15.0,10.0,11.97,49.9,935.0,935.0,78.0,91.5,1335.0,435.0,0.5,,2.5,0.0,270.0,90.0,,1220.0,14.5,1.8,,,,8.7,,23.0,22.2,25.5,,0.0,0.0,0.0,0.0,22.4,19.7,,,,,,,,28.2,999.6,,,,,,,,1.0,-{비}-0125.  {소나기}0425-{소나기}{강도0}0900-1046.  {소나기}1116-1220.  {소나기}1338-1435.  {소나기}1453-{소나기}{강도0}1500-1510.  {소나기}1532-1606.  {소나기}1747-1749.  {소나기}2112-2230.  -{박무}{강도0}-{박무}{강도0}0900-{박무}{강도0}1500-{박무}{강도0}2100-  {천둥}{강도0}(W)0441-{뇌전}{강도0}(W 3~4)0450-{뇌전}{강도1}(W 1~2)0456-{뇌전}{강도0}(W{이동}NW 4~5)0515-{뇌전}{강도0}(NW{이동}N 5~6)0540-{천둥}{강도0}(N)0550-0604.  {뇌전}{강도0}(S 4~5)0615-{뇌전}{강도0}(S{이동}SE 4~5)0630-0650.  {천둥}{강도0}(SW)0830-{천둥}{강도0}(SW{이동}W)0850-{천둥}{강도1}(W)0858-{천둥}{강도1}(W)0900-{뇌전}{강도1}(W 1)0905-{뇌전}{강도0}(W{이동}NW 3~4)0920-0940.  {뇌전}{강도0}(S 2~3)0905-{뇌전}{강도1}(S{이동}Z 1)0911-{뇌전}{강도0}(Z{이동}N 2~3)0950-{천둥}{강도0}(N)1020-1030.  {뇌전}{강도0}(SW 3~4)1355-{천둥}{강도0}(SW)1420.,289,127.8791,35.413
1981-07-03,17.2,15.8,18.0,900.0,2400.0,4.0,2.0,0.5,6.0,2.0,215.0,200.0,82.0,88.5,2100.0,1188.0,1.4,,3.5,0.0,360.0,360.0,,1120.0,14.8,0.3,,8.89,,10.0,,14.9,14.7,19.9,,0.0,0.0,0.0,0.0,20.5,19.7,,,,,,,,17.0,1013.0,,,,,,,,2.2,,214,129.2167,37.3667
1981-07-03,23.1,18.8,25.2,1715.0,2400.0,8.3,7.5,4.0,6.98,11.2,820.0,800.0,84.0,89.3,1050.0,1878.0,2.2,,4.0,0.0,180.0,180.0,,30.0,14.4,2.3,,9.8,,10.0,,21.0,17.7,24.6,,0.0,0.0,0.0,0.0,21.3,19.2,,,,,,,,25.0,1009.3,,,,,,,,0.6,-{비}-0140.  {비}0520-{비}{강도0}0900-0915.  {비}1245-1340.  {비}2023-2042.  {비}2350-{천둥}{강도0}(SE)0819-0825.  {천둥}{강도0}(S)1055-1137.,294,128.6046,34.8882
1981-07-03,24.3,22.8,26.8,1410.0,310.0,13.2,4.5,1.5,7.38,21.4,1730.0,1700.0,86.0,91.8,1415.0,1002.0,1.2,,3.5,0.0,230.0,230.0,,930.0,14.4,1.8,,,,10.0,,23.2,22.0,26.8,,0.0,0.0,0.0,0.0,21.3,20.2,,,,,,,,28.4,1012.3,,,,,,,,0.5,-{박무}-{박무}{강도0}0900-{박무}{강도0}1500-{박무}{강도0}2100-   {비}0627-0642.  {비}0814-0837.{비}0941-1020.  {소나기}1142-1312.  {소나기}1545-2018.{천둥}{강도0}(W)1143-{천둥}{강도1}(SW)1150.-{뇌전}{강도0}(S 5~10)1207-{뇌전}{강도0}(SE 10~15)1214-{천둥}{강도0}(E)1227-1248.  {뇌전}{강도1}(SW 10-15)1707-{뇌전}{강도0}(S 5~10)1715-{뇌전}{강도1}(SE 10~15)1723-{천둥}{강도0}(SE)1728-1742.  {천둥}{강도0}(NW)1858-{뇌전}{강도1}(N 5~10)1905-{천둥}(N)1918-1947.,295,127.9264,34.8166
