dt,ta,tn,tn_at,tx,tx_at,rn,rx_1hr,rx_1hr_at,wx,wx_at,wa,wd_wx,nmin,code,x,y
2013-01-01,-7.8,-14.4,2012-12-31 20:43:00+00:00,-2.5,2013-01-01 07:26:00+00:00,1.0,0.5,2013-01-01 01:00:00+00:00,10.5,2013-01-01 07:24:00+00:00,2.1,227.8,1440,563,128.6829,37.4634
2013-01-02,-9.7,-15.6,2013-01-02 14:00:00+00:00,-2.9,2013-01-01 17:18:00+00:00,1.0,0.5,2013-01-01 16:00:00+00:00,19.4,2013-01-01 22:24:00+00:00,6.3,205.3,1440,563,128.6829,37.4634
2013-01-03,-15.1,-20.3,2013-01-02 22:08:00+00:00,-8.8,2013-01-03 06:00:00+00:00,0.0,0.0,,8.1,2013-01-03 07:45:00+00:00,2.1,222.2,1440,563,128.6829,37.4634
2013-01-04,-15.3,-22.8,2013-01-03 22:44:00+00:00,-4.4,2013-01-04 06:15:00+00:00,0.0,0.0,,4.6,2013-01-04 05:13:00+00:00,0.8,250.3,1440,563,128.6829,37.4634
2013-01-05,-12.0,-20.8,2013-01-04 22:36:00+00:00,-2.5,2013-01-05 04:39:00+00:00,0.0,0.0,,19.1,2013-01-05 04:51:00+00:00,2.7,230.6,1440,563,128.6829,37.4634
2013-01-06,-10.3,-16.6,2013-01-05 21:13:00+00:00,-0.1,2013-01-06 06:37:00+00:00,0.0,0.0,,5.8,2013-01-06 07:10:00+00:00,0.8,227.8,1440,563,128.6829,37.4634
2013-01-07,-9.0,-16.9,2013-01-06 19:42:00+00:00,0.5,2013-01-07 05:51:00+00:00,0.0,0.0,,6.0,2013-01-07 07:11:00+00:00,1.2,208.1,1440,563,128.6829,37.4634
2013-01-08,-7.1,-14.8,2013-01-07 22:47:00+00:00,0.3,2013-01-08 04:46:00+00:00,0.0,0.0,,9.2,2013-01-08 09:33:00+00:00,2.3,253.1,1440,563,128.6829,37.4634
2013-01-09,-9.5,-14.8,2013-01-09 14:07:00+00:00,-4.4,2013-01-09 06:02:00+00:00,0.0,0.0,,11.5,2013-01-09 07:09:00+00:00,3.3,219.4,1439,563,128.6829,37.4634
2013-01-10,-11.9,-18.3,2013-01-09 23:16:00+00:00,-3.7,2013-01-10 05:42:00+00:00,0.0,0.0,,9.0,2013-01-10 07:35:00+00:00,2.1,225.0,1440,563,128.6829,37.4634
2013-01-11,-9.3,-19.1,2013-01-10 21:20:00+00:00,0.4,2013-01-11 05:47:00+00:00,0.0,0.0,,4.9,2013-01-11 05:36:00+00:00,1.2,219.4,1440,563,128.6829,37.4634
2013-01-12,-2.4,-10.5,2013-01-11 19:00:00+00:00,2.6,2013-01-12 03:16:00+00:00,0.0,0.0,,11.3,2013-01-12 07:45:00+00:00,4.4,233.4,1440,563,128.6829,37.4634
2013-01-13,-3.6,-9.3,2013-01-12 19:57:00+00:00,3.2,2013-01-13 07:28:00+00:00,0.0,0.0,,6.4,2013-01-13 12:00:00+00:00,1.1,109.7,1440,563,128.6829,37.4634
2013-01-14,-4.9,-10.6,2013-01-13 19:47:00+00:00,3.6,2013-01-14 04:21:00+00:00,0.0,0.0,,16.5,2013-01-14 05:43:00+00:00,1.8,227.8,1438,563,128.6829,37.4634
2013-01-15,-4.3,-10.2,2013-01-14 22:52:00+00:00,3.3,2013-01-15 05:39:00+00:00,0.0,0.0,,5.4,2013-01-15 05:00:00+00:00,0.9,216.6,1433,563,128.6829,37.4634
2013-01-16,-5.0,-11.6,2013-01-15 20:12:00+00:00,0.9,2013-01-16 05:34:00+00:00,0.0,0.0,,12.7,2013-01-16 05:29:00+00:00,2.4,241.9,1440,563,128.6829,37.4634
2013-01-17,-4.6,-10.5,2013-01-17 14:52:00+00:00,-0.3,2013-01-17 02:40:00+00:00,0.0,0.0,,4.6,2013-01-17 07:42:00+00:00,1.0,92.8,1440,563,128.6829,37.4634
2013-01-18,-7.8,-14.8,2013-01-17 21:16:00+00:00,-0.1,2013-01-18 05:09:00+00:00,0.0,0.0,,8.7,2013-01-18 06:54:00+00:00,2.3,222.2,1434,563,128.6829,37.4634
2013-01-19,-4.9,-12.5,2013-01-18 17:35:00+00:00,2.2,2013-01-19 05:47:00+00:00,0.0,0.0,,9.8,2013-01-18 21:31:00+00:00,2.5,230.6,1440,563,128.6829,37.4634
2013-01-20,-3.5,-11.2,2013-01-19 20:36:00+00:00,4.4,2013-01-20 06:30:00+00:00,0.0,0.0,,8.1,2013-01-20 07:39:00+00:00,1.1,81.6,1440,563,128.6829,37.4634
2013-01-21,-0.4,-1.8,2013-01-20 20:00:00+00:00,0.5,2013-01-21 04:56:00+00:00,16.5,2.0,2013-01-21 05:00:00+00:00,1.8,2013-01-20 22:48:00+00:00,0.3,250.3,1440,563,128.6829,37.4634
2013-01-22,1.0,0.1,2013-01-21 17:06:00+00:00,2.5,2013-01-22 04:26:00+00:00,1.0,0.5,2013-01-21 18:00:00+00:00,9.5,2013-01-22 03:49:00+00:00,2.8,84.4,1440,563,128.6829,37.4634
2013-01-23,0.3,-0.6,2013-01-22 21:58:00+00:00,1.7,2013-01-23 10:06:00+00:00,0.0,0.0,,10.7,2013-01-23 12:24:00+00:00,2.6,227.8,1440,563,128.6829,37.4634
2013-01-24,-1.8,-7.3,2013-01-24 14:46:00+00:00,0.6,2013-01-24 03:08:00+00:00,0.0,0.0,,22.5,2013-01-24 13:33:00+00:00,6.0,250.3,1440,563,128.6829,37.4634
2013-01-25,-9.5,-12.1,2013-01-25 14:42:00+00:00,-5.7,2013-01-25 06:14:00+00:00,0.0,0.0,,20.6,2013-01-25 04:15:00+00:00,6.8,239.1,1440,563,128.6829,37.4634
2013-01-26,-11.5,-15.7,2013-01-25 22:44:00+00:00,-5.5,2013-01-26 06:18:00+00:00,0.0,0.0,,11.7,2013-01-25 20:28:00+00:00,3.9,216.6,1440,563,128.6829,37.4634
2013-01-27,-12.7,-19.6,2013-01-26 21:34:00+00:00,-4.9,2013-01-27 04:56:00+00:00,0.0,0.0,,11.8,2013-01-27 07:40:00+00:00,2.2,213.8,1440,563,128.6829,37.4634
2013-01-28,-7.3,-18.5,2013-01-27 22:34:00+00:00,0.4,2013-01-28 06:10:00+00:00,0.0,0.0,,13.4,2013-01-28 08:26:00+00:00,2.5,182.8,1440,563,128.6829,37.4634
2013-01-29,0.6,-4.2,2013-01-28 22:04:00+00:00,3.8,2013-01-29 05:59:00+00:00,0.0,0.0,,7.0,2013-01-29 02:36:00+00:00,2.0,225.0,1440,563,128.6829,37.4634
2013-01-30,1.8,-1.9,2013-01-30 14:55:00+00:00,9.3,2013-01-30 04:50:00+00:00,0.0,0.0,,3.7,2013-01-30 07:11:00+00:00,0.5,241.9,1440,563,128.6829,37.4634
2013-01-31,1.2,-4.2,2013-01-30 18:58:00+00:00,10.5,2013-01-31 06:05:00+00:00,0.0,0.0,,3.8,2013-01-31 05:55:00+00:00,0.7,247.5,1440,563,128.6829,37.4634
2013-02-01,3.0,0.1,2013-01-31 18:14:00+00:00,9.6,2013-02-01 14:06:00+00:00,32.5,4.5,2013-02-01 06:00:00+00:00,9.4,2013-02-01 14:03:00+00:00,1.6,216.6,1437,563,128.6829,37.4634
2013-02-02,1.6,-4.7,2013-02-02 14:57:00+00:00,8.0,2013-02-01 15:33:00+00:00,0.0,0.0,,20.1,2013-02-02 04:59:00+00:00,4.3,216.6,1440,563,128.6829,37.4634
2013-02-03,-3.2,-8.4,2013-02-02 22:56:00+00:00,1.7,2013-02-03 07:23:00+00:00,4.5,3.0,2013-02-03 14:00:00+00:00,6.6,2013-02-03 07:27:00+00:00,1.3,250.3,1440,563,128.6829,37.4634
2013-02-04,-0.4,-5.9,2013-02-04 14:54:00+00:00,4.8,2013-02-04 04:53:00+00:00,1.5,0.5,2013-02-03 16:00:00+00:00,15.9,2013-02-04 05:16:00+00:00,3.0,202.5,1440,563,128.6829,37.4634
2013-02-05,-4.0,-8.4,2013-02-04 19:56:00+00:00,-0.8,2013-02-05 06:13:00+00:00,2.0,0.5,2013-02-05 09:00:00+00:00,2.7,2013-02-04 16:01:00+00:00,0.5,61.9,1440,563,128.6829,37.4634
2013-02-06,-1.4,-4.9,2013-02-06 14:44:00+00:00,1.9,2013-02-06 04:44:00+00:00,2.0,0.5,2013-02-05 16:00:00+00:00,8.9,2013-02-06 07:34:00+00:00,2.4,205.3,1440,563,128.6829,37.4634
2013-02-07,-9.5,-15.3,2013-02-07 14:53:00+00:00,-3.9,2013-02-06 19:08:00+00:00,0.0,0.0,,19.5,2013-02-06 20:12:00+00:00,6.1,199.7,1440,563,128.6829,37.4634
2013-02-08,-12.8,-21.1,2013-02-07 22:27:00+00:00,-4.4,2013-02-08 06:17:00+00:00,0.0,0.0,,14.1,2013-02-07 15:28:00+00:00,1.8,219.4,1439,563,128.6829,37.4634
2013-02-09,-10.4,-19.1,2013-02-08 22:17:00+00:00,-2.9,2013-02-09 06:28:00+00:00,0.0,0.0,,6.3,2013-02-09 07:40:00+00:00,1.9,219.4,1440,563,128.6829,37.4634
2013-02-10,-4.3,-11.1,2013-02-09 15:27:00+00:00,0.7,2013-02-10 03:54:00+00:00,0.0,0.0,,16.6,2013-02-10 03:29:00+00:00,5.4,191.3,1440,563,128.6829,37.4634
2013-02-11,-7.2,-15.7,2013-02-10 23:15:00+00:00,1.1,2013-02-11 06:46:00+00:00,0.0,0.0,,5.8,2013-02-10 15:08:00+00:00,1.2,230.6,1440,563,128.6829,37.4634
2013-02-12,-4.2,-8.2,2013-02-11 22:33:00+00:00,1.4,2013-02-12 06:31:00+00:00,0.0,0.0,,10.6,2013-02-12 08:03:00+00:00,2.4,233.4,1440,563,128.6829,37.4634
2013-02-13,-4.9,-13.4,2013-02-12 22:22:00+00:00,2.6,2013-02-13 06:00:00+00:00,0.0,0.0,,7.8,2013-02-13 06:42:00+00:00,2.0,213.8,1440,563,128.6829,37.4634
2013-02-14,-1.9,-9.8,2013-02-13 22:26:00+00:00,7.7,2013-02-14 05:59:00+00:00,0.0,0.0,,6.0,2013-02-14 03:53:00+00:00,1.0,199.7,1440,563,128.6829,37.4634
2013-02-15,-1.8,-7.6,2013-02-15 14:54:00+00:00,2.9,2013-02-15 05:56:00+00:00,0.0,0.0,,13.7,2013-02-15 04:22:00+00:00,3.0,225.0,1439,563,128.6829,37.4634
2013-02-16,-5.7,-13.1,2013-02-15 22:25:00+00:00,2.1,2013-02-16 06:41:00+00:00,0.0,0.0,,6.1,2013-02-16 03:00:00+00:00,1.2,213.8,1440,563,128.6829,37.4634
2013-02-17,0.1,-7.3,2013-02-16 16:03:00+00:00,5.6,2013-02-17 06:11:00+00:00,0.0,0.0,,9.3,2013-02-17 06:50:00+00:00,2.5,213.8,1440,563,128.6829,37.4634
2013-02-18,1.2,-0.9,2013-02-18 13:10:00+00:00,4.5,2013-02-18 06:11:00+00:00,0.0,0.0,,9.9,2013-02-18 04:04:00+00:00,2.5,95.6,1440,563,128.6829,37.4634
2013-02-19,-2.1,-5.4,2013-02-19 14:53:00+00:00,2.1,2013-02-19 05:28:00+00:00,0.0,0.0,,14.2,2013-02-19 07:20:00+00:00,4.3,210.9,1439,563,128.6829,37.4634
2013-02-20,-4.7,-10.9,2013-02-19 22:31:00+00:00,0.5,2013-02-20 05:05:00+00:00,0.0,0.0,,13.8,2013-02-20 06:01:00+00:00,4.2,219.4,1440,563,128.6829,37.4634
2013-02-21,-4.2,-9.5,2013-02-20 22:04:00+00:00,1.4,2013-02-21 06:32:00+00:00,0.0,0.0,,15.5,2013-02-21 07:30:00+00:00,3.4,213.8,1440,563,128.6829,37.4634
2013-02-22,-2.1,-9.2,2013-02-21 18:20:00+00:00,3.0,2013-02-22 03:52:00+00:00,0.0,0.0,,20.8,2013-02-22 03:01:00+00:00,3.9,219.4,1438,563,128.6829,37.4634
2013-02-23,-3.3,-10.2,2013-02-22 22:38:00+00:00,1.7,2013-02-23 06:44:00+00:00,0.0,0.0,,19.9,2013-02-23 04:45:00+00:00,4.3,208.1,1440,563,128.6829,37.4634
2013-02-24,-0.8,-7.5,2013-02-23 22:14:00+00:00,5.3,2013-02-24 04:02:00+00:00,0.0,0.0,,15.3,2013-02-24 07:21:00+00:00,3.2,199.7,1440,563,128.6829,37.4634
2013-02-25,-0.9,-7.0,2013-02-24 22:17:00+00:00,6.5,2013-02-25 06:21:00+00:00,0.0,0.0,,5.9,2013-02-25 10:57:00+00:00,1.4,118.1,1440,563,128.6829,37.4634
2013-02-26,1.4,-5.3,2013-02-25 20:25:00+00:00,7.6,2013-02-26 04:17:00+00:00,0.0,0.0,,8.5,2013-02-26 05:10:00+00:00,2.1,202.5,1440,563,128.6829,37.4634
2013-02-27,2.6,-3.6,2013-02-26 21:40:00+00:00,10.6,2013-02-27 06:28:00+00:00,0.0,0.0,,12.1,2013-02-27 05:17:00+00:00,1.9,225.0,1439,563,128.6829,37.4634
2013-02-28,5.6,-4.3,2013-02-27 20:42:00+00:00,12.6,2013-02-28 05:28:00+00:00,0.0,0.0,,10.6,2013-02-28 13:27:00+00:00,2.4,236.3,1440,563,128.6829,37.4634
2013-03-01,3.2,-3.0,2013-03-01 14:20:00+00:00,11.1,2013-02-28 15:11:00+00:00,2.0,1.5,2013-02-28 20:00:00+00:00,18.2,2013-03-01 03:30:00+00:00,5.1,236.3,1440,563,128.6829,37.4634
2013-03-02,-1.4,-7.3,2013-03-01 22:13:00+00:00,5.2,2013-03-02 06:11:00+00:00,0.0,0.0,,10.3,2013-03-01 15:54:00+00:00,2.0,278.4,1440,563,128.6829,37.4634
2013-03-03,-1.0,-5.6,2013-03-02 20:06:00+00:00,5.7,2013-03-03 06:27:00+00:00,0.0,0.0,,11.0,2013-03-03 07:21:00+00:00,2.3,227.8,1440,563,128.6829,37.4634
2013-03-04,-0.1,-3.8,2013-03-03 16:32:00+00:00,4.6,2013-03-04 03:23:00+00:00,0.0,0.0,,12.4,2013-03-04 03:49:00+00:00,3.1,250.3,1440,563,128.6829,37.4634
2013-03-05,2.6,-5.3,2013-03-04 21:05:00+00:00,10.1,2013-03-05 06:57:00+00:00,0.0,0.0,,10.8,2013-03-05 05:05:00+00:00,3.3,219.4,1440,563,128.6829,37.4634
2013-03-06,5.8,-0.9,2013-03-05 22:38:00+00:00,13.4,2013-03-06 06:31:00+00:00,0.0,0.0,,9.1,2013-03-06 04:44:00+00:00,3.0,213.8,1440,563,128.6829,37.4634
2013-03-07,6.7,0.9,2013-03-07 14:46:00+00:00,11.4,2013-03-06 22:28:00+00:00,1.0,0.5,2013-03-07 00:00:00+00:00,14.7,2013-03-06 21:36:00+00:00,3.3,219.4,1440,563,128.6829,37.4634
2013-03-08,6.7,-0.7,2013-03-07 17:39:00+00:00,15.7,2013-03-08 06:36:00+00:00,0.0,0.0,,16.3,2013-03-08 04:19:00+00:00,3.2,241.9,1439,563,128.6829,37.4634
2013-03-09,12.6,-1.5,2013-03-08 22:20:00+00:00,22.0,2013-03-09 07:25:00+00:00,0.0,0.0,,20.2,2013-03-09 06:50:00+00:00,4.0,216.6,1440,563,128.6829,37.4634
2013-03-10,5.7,-1.7,2013-03-10 14:57:00+00:00,17.9,2013-03-09 15:01:00+00:00,0.0,0.0,,18.3,2013-03-09 18:31:00+00:00,4.7,227.8,1440,563,128.6829,37.4634
2013-03-11,3.6,-5.2,2013-03-10 21:42:00+00:00,12.7,2013-03-11 06:06:00+00:00,0.0,0.0,,8.3,2013-03-11 08:26:00+00:00,1.8,210.9,1440,563,128.6829,37.4634
2013-03-12,8.6,0.2,2013-03-11 21:28:00+00:00,14.9,2013-03-12 05:16:00+00:00,0.0,0.0,,12.4,2013-03-12 07:32:00+00:00,3.3,239.1,1440,563,128.6829,37.4634
2013-03-13,2.4,-1.2,2013-03-13 14:45:00+00:00,9.4,2013-03-12 15:05:00+00:00,18.5,3.5,2013-03-12 17:00:00+00:00,11.0,2013-03-13 03:33:00+00:00,4.5,95.6,1440,563,128.6829,37.4634
2013-03-14,2.4,-1.7,2013-03-13 21:21:00+00:00,8.9,2013-03-14 06:15:00+00:00,0.0,0.0,,8.7,2013-03-14 07:36:00+00:00,2.5,222.2,1440,563,128.6829,37.4634
2013-03-15,5.8,-1.9,2013-03-14 18:27:00+00:00,13.2,2013-03-15 06:11:00+00:00,0.0,0.0,,9.8,2013-03-15 06:34:00+00:00,3.6,213.8,1440,563,128.6829,37.4634
2013-03-16,5.6,-1.8,2013-03-15 21:53:00+00:00,15.4,2013-03-16 06:23:00+00:00,0.0,0.0,,9.3,2013-03-16 06:43:00+00:00,2.0,241.9,1440,563,128.6829,37.4634
2013-03-17,8.1,-3.4,2013-03-16 21:21:00+00:00,18.1,2013-03-17 05:58:00+00:00,1.5,1.5,2013-03-17 15:00:00+00:00,10.9,2013-03-17 04:48:00+00:00,2.0,213.8,1440,563,128.6829,37.4634
2013-03-18,9.7,4.3,2013-03-17 19:50:00+00:00,15.9,2013-03-18 05:16:00+00:00,9.0,3.0,2013-03-17 17:00:00+00:00,13.5,2013-03-18 13:39:00+00:00,3.3,236.3,1440,563,128.6829,37.4634
2013-03-19,9.0,2.2,2013-03-18 21:12:00+00:00,15.0,2013-03-19 05:00:00+00:00,0.0,0.0,,9.7,2013-03-18 16:16:00+00:00,3.1,227.8,1440,563,128.6829,37.4634
2013-03-20,1.4,-2.4,2013-03-20 13:33:00+00:00,8.1,2013-03-19 15:02:00+00:00,15.0,4.5,2013-03-20 00:00:00+00:00,11.2,2013-03-20 02:38:00+00:00,3.9,87.2,1440,563,128.6829,37.4634
2013-03-21,1.0,-6.9,2013-03-20 20:56:00+00:00,8.0,2013-03-21 06:43:00+00:00,0.0,0.0,,10.3,2013-03-20 15:36:00+00:00,3.0,213.8,1440,563,128.6829,37.4634
2013-03-22,3.2,-2.3,2013-03-21 20:10:00+00:00,8.9,2013-03-22 06:50:00+00:00,0.0,0.0,,10.3,2013-03-22 08:06:00+00:00,3.6,239.1,1440,563,128.6829,37.4634
2013-03-23,4.3,-3.8,2013-03-22 21:08:00+00:00,13.6,2013-03-23 07:00:00+00:00,0.0,0.0,,7.8,2013-03-23 10:56:00+00:00,1.9,104.1,1440,563,128.6829,37.4634
2013-03-24,5.2,-0.5,2013-03-23 16:42:00+00:00,12.5,2013-03-24 06:45:00+00:00,0.0,0.0,,12.1,2013-03-24 05:17:00+00:00,3.5,208.1,1440,563,128.6829,37.4634
2013-03-25,0.9,-2.5,2013-03-25 14:51:00+00:00,4.9,2013-03-25 04:36:00+00:00,2.5,1.0,2013-03-25 02:00:00+00:00,9.5,2013-03-25 05:50:00+00:00,2.6,112.5,1440,563,128.6829,37.4634
2013-03-26,3.1,-3.7,2013-03-25 21:35:00+00:00,11.8,2013-03-26 06:26:00+00:00,0.0,0.0,,7.5,2013-03-26 04:46:00+00:00,2.0,213.8,1440,563,128.6829,37.4634
2013-03-27,6.5,-2.5,2013-03-26 20:56:00+00:00,16.9,2013-03-27 06:07:00+00:00,0.0,0.0,,8.7,2013-03-27 07:59:00+00:00,2.5,236.3,1440,563,128.6829,37.4634
2013-03-28,9.0,0.3,2013-03-27 16:53:00+00:00,16.8,2013-03-28 05:55:00+00:00,0.0,0.0,,10.5,2013-03-28 06:39:00+00:00,3.1,264.4,1440,563,128.6829,37.4634
2013-03-29,5.2,-1.2,2013-03-28 21:36:00+00:00,13.1,2013-03-29 06:12:00+00:00,0.0,0.0,,11.5,2013-03-29 05:19:00+00:00,2.7,174.4,1440,563,128.6829,37.4634
2013-03-30,3.6,-2.3,2013-03-29 20:13:00+00:00,12.4,2013-03-30 04:09:00+00:00,0.0,0.0,,10.3,2013-03-30 06:07:00+00:00,2.1,205.3,1440,563,128.6829,37.4634
2013-03-31,5.6,0.4,2013-03-30 17:51:00+00:00,13.1,2013-03-31 06:04:00+00:00,1.0,0.5,2013-03-30 16:00:00+00:00,12.7,2013-03-31 06:21:00+00:00,1.4,219.4,1440,563,128.6829,37.4634
2013-04-01,7.9,-2.2,2013-03-31 21:28:00+00:00,16.4,2013-04-01 05:38:00+00:00,0.0,0.0,,7.9,2013-04-01 11:31:00+00:00,2.1,81.6,1440,563,128.6829,37.4634
2013-04-02,6.5,3.0,2013-04-02 14:46:00+00:00,13.1,2013-04-02 02:40:00+00:00,2.0,0.5,2013-04-02 05:00:00+00:00,7.9,2013-04-02 03:36:00+00:00,1.7,191.3,1440,563,128.6829,37.4634
2013-04-03,9.3,0.8,2013-04-02 21:23:00+00:00,18.0,2013-04-03 06:09:00+00:00,0.0,0.0,,11.0,2013-04-03 06:13:00+00:00,3.5,216.6,1440,563,128.6829,37.4634
2013-04-04,8.9,1.1,2013-04-03 21:01:00+00:00,18.3,2013-04-04 05:22:00+00:00,0.0,0.0,,9.7,2013-04-03 23:56:00+00:00,3.2,101.3,1440,563,128.6829,37.4634
2013-04-05,10.7,0.5,2013-04-04 21:09:00+00:00,22.9,2013-04-05 04:39:00+00:00,0.0,0.0,,7.3,2013-04-05 05:40:00+00:00,2.0,56.3,1439,563,128.6829,37.4634
2013-04-06,6.4,1.7,2013-04-06 13:22:00+00:00,9.9,2013-04-06 03:58:00+00:00,13.5,2.0,2013-04-06 00:00:00+00:00,11.0,2013-04-06 08:25:00+00:00,3.1,90.0,1436,563,128.6829,37.4634
2013-04-07,3.1,0.3,2013-04-06 21:00:00+00:00,5.8,2013-04-07 08:07:00+00:00,0.0,0.0,,14.3,2013-04-07 06:33:00+00:00,3.6,236.3,1440,563,128.6829,37.4634
2013-04-08,7.3,-0.4,2013-04-07 16:20:00+00:00,14.2,2013-04-08 06:30:00+00:00,0.0,0.0,,18.2,2013-04-08 11:05:00+00:00,4.9,241.9,1440,563,128.6829,37.4634
2013-04-09,4.9,0.7,2013-04-09 11:14:00+00:00,9.6,2013-04-09 05:51:00+00:00,0.5,0.5,2013-04-09 11:00:00+00:00,22.6,2013-04-09 05:13:00+00:00,6.3,225.0,1440,563,128.6829,37.4634
2013-04-10,3.5,0.3,2013-04-09 21:29:00+00:00,7.6,2013-04-10 06:44:00+00:00,0.0,0.0,,16.5,2013-04-10 08:22:00+00:00,5.0,233.4,1440,563,128.6829,37.4634
2013-04-11,3.1,-0.5,2013-04-10 19:21:00+00:00,6.7,2013-04-11 02:51:00+00:00,2.5,1.0,2013-04-11 05:00:00+00:00,19.2,2013-04-11 03:23:00+00:00,4.7,216.6,1440,563,128.6829,37.4634
2013-04-12,4.2,-2.1,2013-04-11 20:48:00+00:00,9.5,2013-04-12 06:55:00+00:00,0.0,0.0,,14.3,2013-04-12 03:29:00+00:00,4.0,216.6,1440,563,128.6829,37.4634
2013-04-13,11.9,0.7,2013-04-12 21:33:00+00:00,18.1,2013-04-13 05:33:00+00:00,0.0,0.0,,19.5,2013-04-13 14:47:00+00:00,5.5,233.4,1440,563,128.6829,37.4634
2013-04-14,9.3,0.7,2013-04-14 14:55:00+00:00,16.7,2013-04-13 15:01:00+00:00,14.0,3.5,2013-04-13 20:00:00+00:00,20.3,2013-04-13 15:32:00+00:00,5.4,236.3,1440,563,128.6829,37.4634
2013-04-15,4.4,-2.2,2013-04-14 20:14:00+00:00,10.9,2013-04-15 08:00:00+00:00,0.0,0.0,,7.9,2013-04-15 08:22:00+00:00,2.1,216.6,1440,563,128.6829,37.4634
2013-04-16,13.4,1.0,2013-04-15 18:31:00+00:00,26.1,2013-04-16 06:09:00+00:00,0.0,0.0,,19.8,2013-04-16 07:15:00+00:00,4.7,205.3,1440,563,128.6829,37.4634
2013-04-17,5.3,3.7,2013-04-16 19:30:00+00:00,7.0,2013-04-17 06:41:00+00:00,4.0,3.5,2013-04-16 20:00:00+00:00,11.6,2013-04-16 16:23:00+00:00,4.1,104.1,1440,563,128.6829,37.4634
2013-04-18,7.7,4.3,2013-04-18 14:59:00+00:00,16.1,2013-04-18 07:13:00+00:00,0.0,0.0,,15.8,2013-04-18 08:26:00+00:00,3.4,95.6,1440,563,128.6829,37.4634
2013-04-19,5.8,-1.0,2013-04-18 20:16:00+00:00,12.9,2013-04-19 05:11:00+00:00,0.0,0.0,,9.3,2013-04-19 07:28:00+00:00,2.7,95.6,1440,563,128.6829,37.4634
2013-04-20,3.4,0.1,2013-04-19 22:03:00+00:00,6.9,2013-04-20 07:01:00+00:00,7.5,1.5,2013-04-19 22:00:00+00:00,4.2,2013-04-20 04:45:00+00:00,0.8,216.6,1440,563,128.6829,37.4634
2013-04-21,6.3,1.3,2013-04-20 20:57:00+00:00,13.4,2013-04-21 07:12:00+00:00,0.0,0.0,,9.5,2013-04-21 03:15:00+00:00,2.0,286.9,1440,563,128.6829,37.4634
2013-04-22,9.4,-1.8,2013-04-21 20:40:00+00:00,18.7,2013-04-22 06:29:00+00:00,0.0,0.0,,9.9,2013-04-22 06:00:00+00:00,2.2,216.6,1440,563,128.6829,37.4634
2013-04-23,10.2,7.7,2013-04-22 16:46:00+00:00,14.2,2013-04-23 02:08:00+00:00,7.5,1.5,2013-04-23 15:00:00+00:00,8.9,2013-04-23 02:36:00+00:00,1.5,241.9,1440,563,128.6829,37.4634
2013-04-24,13.4,7.9,2013-04-24 15:00:00+00:00,19.6,2013-04-24 07:09:00+00:00,2.5,1.0,2013-04-23 16:00:00+00:00,14.2,2013-04-24 03:29:00+00:00,3.2,236.3,1433,563,128.6829,37.4634
2013-04-25,8.5,5.3,2013-04-25 12:05:00+00:00,15.0,2013-04-25 01:26:00+00:00,7.0,2.0,2013-04-25 04:00:00+00:00,18.2,2013-04-25 08:59:00+00:00,3.1,222.2,1440,563,128.6829,37.4634
2013-04-26,8.5,5.0,2013-04-26 13:19:00+00:00,13.6,2013-04-26 06:00:00+00:00,3.0,1.5,2013-04-26 11:00:00+00:00,14.6,2013-04-26 04:40:00+00:00,3.7,230.6,1440,563,128.6829,37.4634
2013-04-27,10.1,4.8,2013-04-26 20:07:00+00:00,18.4,2013-04-27 05:01:00+00:00,0.0,0.0,,10.7,2013-04-27 07:56:00+00:00,2.3,233.4,1440,563,128.6829,37.4634
2013-04-28,12.4,2.3,2013-04-27 20:04:00+00:00,22.5,2013-04-28 07:38:00+00:00,0.0,0.0,,8.7,2013-04-28 03:56:00+00:00,1.8,239.1,1440,563,128.6829,37.4634
2013-04-29,13.6,9.5,2013-04-28 16:06:00+00:00,17.8,2013-04-29 04:41:00+00:00,8.0,4.0,2013-04-29 01:00:00+00:00,17.7,2013-04-29 08:57:00+00:00,5.0,233.4,1440,563,128.6829,37.4634
2013-04-30,11.4,3.4,2013-04-29 21:20:00+00:00,20.2,2013-04-30 06:44:00+00:00,0.0,0.0,,12.1,2013-04-30 07:03:00+00:00,3.5,84.4,1440,563,128.6829,37.4634
2013-05-01,9.1,4.8,2013-05-01 14:59:00+00:00,15.4,2013-05-01 05:02:00+00:00,0.5,0.5,2013-05-01 09:00:00+00:00,8.6,2013-04-30 15:59:00+00:00,2.6,101.3,1440,563,128.6829,37.4634
2013-05-02,6.9,4.0,2013-05-01 16:12:00+00:00,11.5,2013-05-02 03:35:00+00:00,0.5,0.5,2013-05-02 07:00:00+00:00,8.3,2013-05-02 05:23:00+00:00,1.8,78.8,1440,563,128.6829,37.4634
2013-05-03,9.7,3.7,2013-05-02 16:46:00+00:00,16.0,2013-05-03 07:04:00+00:00,2.5,1.0,2013-05-03 14:00:00+00:00,9.8,2013-05-03 03:41:00+00:00,1.9,241.9,1440,563,128.6829,37.4634
2013-05-04,12.6,6.0,2013-05-03 21:07:00+00:00,20.1,2013-05-04 07:15:00+00:00,0.0,0.0,,10.7,2013-05-04 07:47:00+00:00,1.9,236.3,1440,563,128.6829,37.4634
2013-05-05,15.3,3.9,2013-05-04 20:21:00+00:00,24.0,2013-05-05 05:04:00+00:00,0.0,0.0,,12.4,2013-05-05 02:16:00+00:00,3.8,227.8,1440,563,128.6829,37.4634
2013-05-06,16.4,8.5,2013-05-05 20:43:00+00:00,26.8,2013-05-06 05:39:00+00:00,0.0,0.0,,10.7,2013-05-06 06:06:00+00:00,4.0,233.4,1439,563,128.6829,37.4634
2013-05-07,15.9,8.6,2013-05-06 19:59:00+00:00,24.5,2013-05-07 05:31:00+00:00,0.0,0.0,,9.1,2013-05-07 08:58:00+00:00,3.1,70.3,1440,563,128.6829,37.4634
2013-05-08,17.9,7.7,2013-05-07 20:08:00+00:00,29.6,2013-05-08 06:12:00+00:00,0.0,0.0,,8.0,2013-05-08 07:13:00+00:00,1.9,213.8,1440,563,128.6829,37.4634
2013-05-09,16.7,8.0,2013-05-08 20:48:00+00:00,26.4,2013-05-09 03:02:00+00:00,0.0,0.0,,9.5,2013-05-09 06:47:00+00:00,2.3,208.1,1440,563,128.6829,37.4634
2013-05-10,15.1,12.4,2013-05-10 13:39:00+00:00,18.2,2013-05-10 03:08:00+00:00,11.0,2.5,2013-05-09 18:00:00+00:00,12.8,2013-05-10 08:42:00+00:00,3.3,239.1,1440,563,128.6829,37.4634
2013-05-11,17.5,11.1,2013-05-10 21:04:00+00:00,24.9,2013-05-11 06:11:00+00:00,0.0,,,14.7,2013-05-11 03:31:00+00:00,4.3,230.6,1439,563,128.6829,37.4634
2013-05-12,20.2,10.4,2013-05-11 17:55:00+00:00,26.3,2013-05-12 07:17:00+00:00,0.0,0.0,,15.4,2013-05-12 03:23:00+00:00,4.5,213.8,1439,563,128.6829,37.4634
2013-05-13,20.5,13.8,2013-05-12 20:50:00+00:00,28.7,2013-05-13 06:31:00+00:00,0.0,0.0,,10.2,2013-05-13 03:55:00+00:00,2.7,205.3,1440,563,128.6829,37.4634
2013-05-14,17.8,10.8,2013-05-13 20:50:00+00:00,26.3,2013-05-14 04:45:00+00:00,0.0,0.0,,12.6,2013-05-14 03:33:00+00:00,2.0,219.4,1439,563,128.6829,37.4634
2013-05-15,16.7,11.2,2013-05-15 14:42:00+00:00,24.8,2013-05-15 04:52:00+00:00,0.0,0.0,,13.9,2013-05-15 07:12:00+00:00,4.7,70.3,1440,563,128.6829,37.4634
2013-05-16,14.2,9.5,2013-05-15 20:26:00+00:00,21.1,2013-05-16 06:43:00+00:00,0.0,0.0,,9.5,2013-05-16 01:42:00+00:00,4.0,84.4,1440,563,128.6829,37.4634
2013-05-17,16.1,7.3,2013-05-16 20:39:00+00:00,25.7,2013-05-17 06:54:00+00:00,0.0,0.0,,7.2,2013-05-16 15:46:00+00:00,2.5,101.3,1440,563,128.6829,37.4634
2013-05-18,17.1,9.7,2013-05-17 19:15:00+00:00,25.7,2013-05-18 04:59:00+00:00,2.5,2.0,2013-05-18 15:00:00+00:00,8.4,2013-05-18 07:52:00+00:00,2.1,81.6,1440,563,128.6829,37.4634
2013-05-19,13.8,12.1,2013-05-18 19:38:00+00:00,16.8,2013-05-19 06:58:00+00:00,30.5,5.5,2013-05-18 20:00:00+00:00,7.0,2013-05-19 05:25:00+00:00,2.8,90.0,1440,563,128.6829,37.4634
2013-05-20,16.2,9.4,2013-05-20 14:57:00+00:00,21.6,2013-05-20 06:21:00+00:00,0.0,0.0,,13.5,2013-05-20 07:16:00+00:00,3.9,225.0,1440,563,128.6829,37.4634
2013-05-21,16.1,6.2,2013-05-20 19:51:00+00:00,26.0,2013-05-21 06:14:00+00:00,0.0,0.0,,9.5,2013-05-21 06:53:00+00:00,2.1,227.8,1439,563,128.6829,37.4634
2013-05-22,17.2,8.0,2013-05-21 20:14:00+00:00,27.1,2013-05-22 05:34:00+00:00,0.0,0.0,,6.7,2013-05-22 07:45:00+00:00,1.9,227.8,1440,563,128.6829,37.4634
2013-05-23,19.4,10.1,2013-05-22 20:14:00+00:00,30.5,2013-05-23 06:52:00+00:00,0.0,0.0,,6.6,2013-05-23 07:33:00+00:00,1.2,98.4,1439,563,128.6829,37.4634
2013-05-24,21.0,12.3,2013-05-23 18:29:00+00:00,32.1,2013-05-24 06:05:00+00:00,0.0,0.0,,13.7,2013-05-24 07:31:00+00:00,1.6,208.1,1440,563,128.6829,37.4634
2013-05-25,21.1,14.6,2013-05-24 20:24:00+00:00,31.1,2013-05-25 05:48:00+00:00,0.0,0.0,,8.7,2013-05-25 09:32:00+00:00,1.9,95.6,1440,563,128.6829,37.4634
2013-05-26,21.4,15.4,2013-05-25 20:10:00+00:00,30.1,2013-05-26 04:04:00+00:00,0.0,0.0,,7.3,2013-05-26 05:44:00+00:00,1.4,98.4,1440,563,128.6829,37.4634
2013-05-27,18.2,15.5,2013-05-27 14:46:00+00:00,22.2,2013-05-27 05:00:00+00:00,20.0,4.0,2013-05-27 13:00:00+00:00,8.9,2013-05-27 07:57:00+00:00,1.8,42.2,1440,563,128.6829,37.4634
2013-05-28,18.5,15.4,2013-05-27 16:32:00+00:00,21.4,2013-05-28 03:01:00+00:00,23.0,5.0,2013-05-27 17:00:00+00:00,5.3,2013-05-28 01:23:00+00:00,1.2,194.1,1439,563,128.6829,37.4634
2013-05-29,17.9,15.7,2013-05-29 14:42:00+00:00,19.6,2013-05-29 02:13:00+00:00,0.0,0.0,,16.6,2013-05-29 07:40:00+00:00,4.0,216.6,1439,563,128.6829,37.4634
2013-05-30,17.6,9.8,2013-05-29 20:11:00+00:00,25.9,2013-05-30 06:05:00+00:00,0.0,0.0,,14.1,2013-05-30 06:48:00+00:00,2.7,219.4,1440,563,128.6829,37.4634
2013-05-31,18.4,8.3,2013-05-30 20:25:00+00:00,28.8,2013-05-31 04:54:00+00:00,0.0,0.0,,6.6,2013-05-31 06:53:00+00:00,1.4,213.8,1438,563,128.6829,37.4634
2013-06-01,18.1,13.0,2013-05-31 19:44:00+00:00,26.5,2013-06-01 06:31:00+00:00,0.0,0.0,,4.9,2013-06-01 07:21:00+00:00,0.8,270.0,1440,563,128.6829,37.4634
2013-06-02,18.1,11.4,2013-06-01 18:49:00+00:00,25.5,2013-06-02 03:26:00+00:00,0.0,0.0,,8.6,2013-06-02 05:41:00+00:00,2.7,109.7,1440,563,128.6829,37.4634
2013-06-03,19.2,10.9,2013-06-02 19:57:00+00:00,29.0,2013-06-03 06:24:00+00:00,0.0,0.0,,8.2,2013-06-03 09:14:00+00:00,2.2,95.6,1440,563,128.6829,37.4634
2013-06-04,20.3,13.3,2013-06-03 19:37:00+00:00,28.6,2013-06-04 05:25:00+00:00,0.0,0.0,,6.2,2013-06-04 07:02:00+00:00,1.5,202.5,1440,563,128.6829,37.4634
2013-06-05,21.0,13.1,2013-06-04 19:14:00+00:00,30.0,2013-06-05 05:00:00+00:00,0.0,0.0,,7.1,2013-06-05 08:01:00+00:00,1.3,236.3,1437,563,128.6829,37.4634
2013-06-06,19.8,15.7,2013-06-06 14:27:00+00:00,24.9,2013-06-06 02:34:00+00:00,0.0,0.0,,8.9,2013-06-06 03:36:00+00:00,1.9,75.9,1439,563,128.6829,37.4634
2013-06-07,21.4,15.2,2013-06-06 20:41:00+00:00,30.5,2013-06-07 04:59:00+00:00,0.0,0.0,,8.1,2013-06-07 07:25:00+00:00,2.2,92.8,1438,563,128.6829,37.4634
2013-06-08,21.0,13.6,2013-06-07 20:05:00+00:00,30.6,2013-06-08 04:03:00+00:00,0.0,0.0,,6.4,2013-06-08 07:56:00+00:00,1.8,81.6,1440,563,128.6829,37.4634
2013-06-09,20.1,11.9,2013-06-08 20:22:00+00:00,29.5,2013-06-09 04:46:00+00:00,0.0,0.0,,8.2,2013-06-09 09:45:00+00:00,2.5,61.9,1440,563,128.6829,37.4634
2013-06-10,19.9,13.6,2013-06-09 17:38:00+00:00,29.0,2013-06-10 05:01:00+00:00,0.0,0.0,,9.3,2013-06-10 05:35:00+00:00,3.4,90.0,1440,563,128.6829,37.4634
2013-06-11,17.6,12.7,2013-06-10 20:45:00+00:00,22.3,2013-06-11 00:55:00+00:00,0.5,0.5,2013-06-11 15:00:00+00:00,10.1,2013-06-11 01:48:00+00:00,4.1,84.4,1440,563,128.6829,37.4634
2013-06-12,20.3,16.6,2013-06-11 19:42:00+00:00,25.7,2013-06-12 03:20:00+00:00,4.0,1.0,2013-06-11 16:00:00+00:00,5.3,2013-06-12 05:32:00+00:00,0.9,247.5,1440,563,128.6829,37.4634
2013-06-13,22.0,19.3,2013-06-12 20:09:00+00:00,28.7,2013-06-13 05:49:00+00:00,0.0,0.0,,8.0,2013-06-13 07:20:00+00:00,1.8,104.1,1440,563,128.6829,37.4634
2013-06-14,20.5,17.7,2013-06-13 20:35:00+00:00,26.9,2013-06-14 07:41:00+00:00,8.5,3.5,2013-06-14 01:00:00+00:00,3.8,2013-06-13 17:29:00+00:00,0.9,126.6,1440,563,128.6829,37.4634
2013-06-15,24.0,19.1,2013-06-15 14:58:00+00:00,30.7,2013-06-15 05:01:00+00:00,0.0,0.0,,7.0,2013-06-15 05:48:00+00:00,1.1,225.0,1440,563,128.6829,37.4634
2013-06-16,24.2,17.8,2013-06-15 17:23:00+00:00,31.1,2013-06-16 05:06:00+00:00,0.0,0.0,,7.6,2013-06-16 08:08:00+00:00,2.1,227.8,1440,563,128.6829,37.4634
2013-06-17,22.7,18.3,2013-06-16 20:15:00+00:00,26.3,2013-06-17 04:31:00+00:00,0.0,0.0,,10.1,2013-06-16 23:30:00+00:00,3.2,208.1,1434,563,128.6829,37.4634
2013-06-18,20.6,19.3,2013-06-17 20:26:00+00:00,22.2,2013-06-17 15:10:00+00:00,44.0,11.0,2013-06-17 21:00:00+00:00,5.7,2013-06-18 08:35:00+00:00,,81.6,1440,563,128.6829,37.4634
2013-06-19,21.8,17.7,2013-06-18 21:19:00+00:00,28.3,2013-06-19 06:50:00+00:00,10.0,4.0,2013-06-18 16:00:00+00:00,6.3,2013-06-19 08:36:00+00:00,,73.1,1440,563,128.6829,37.4634
2013-06-20,22.8,18.0,2013-06-19 19:33:00+00:00,29.1,2013-06-20 02:51:00+00:00,0.0,0.0,,6.2,2013-06-20 02:52:00+00:00,1.4,180.0,1440,563,128.6829,37.4634
2013-06-21,21.5,19.3,2013-06-20 17:07:00+00:00,25.4,2013-06-21 06:23:00+00:00,1.0,0.5,2013-06-21 08:00:00+00:00,9.0,2013-06-21 09:23:00+00:00,2.9,120.9,1440,563,128.6829,37.4634
2013-06-22,21.3,17.6,2013-06-21 17:45:00+00:00,27.7,2013-06-22 06:19:00+00:00,0.0,0.0,,7.8,2013-06-22 08:51:00+00:00,2.1,104.1,1440,563,128.6829,37.4634
2013-06-23,21.2,18.5,2013-06-22 17:51:00+00:00,25.2,2013-06-23 03:58:00+00:00,0.5,0.5,2013-06-22 23:00:00+00:00,4.7,2013-06-23 07:25:00+00:00,1.1,210.9,1440,563,128.6829,37.4634
2013-06-24,21.9,17.4,2013-06-23 20:24:00+00:00,28.1,2013-06-24 03:42:00+00:00,1.5,0.5,2013-06-24 10:00:00+00:00,5.8,2013-06-24 05:57:00+00:00,1.0,92.8,1440,563,128.6829,37.4634
2013-06-25,21.9,18.9,2013-06-24 20:37:00+00:00,29.1,2013-06-25 03:56:00+00:00,12.5,9.5,2013-06-25 09:00:00+00:00,6.7,2013-06-25 05:57:00+00:00,1.1,106.9,1440,563,128.6829,37.4634
2013-06-26,21.3,18.3,2013-06-26 14:42:00+00:00,26.1,2013-06-26 06:58:00+00:00,1.0,0.5,2013-06-25 21:00:00+00:00,8.4,2013-06-26 04:56:00+00:00,2.4,101.3,1440,563,128.6829,37.4634
2013-06-27,20.1,17.6,2013-06-26 20:27:00+00:00,29.7,2013-06-27 04:15:00+00:00,40.5,26.5,2013-06-27 06:00:00+00:00,16.4,2013-06-27 05:44:00+00:00,1.1,30.9,1283,563,128.6829,37.4634
2013-06-28,21.0,18.0,2013-06-27 19:17:00+00:00,28.2,2013-06-28 06:35:00+00:00,1.5,0.5,2013-06-28 00:00:00+00:00,4.1,2013-06-28 04:47:00+00:00,0.7,267.2,1440,563,128.6829,37.4634
2013-06-29,22.6,17.8,2013-06-28 16:45:00+00:00,30.6,2013-06-29 04:52:00+00:00,0.0,0.0,,8.0,2013-06-29 06:06:00+00:00,1.9,92.8,1440,563,128.6829,37.4634
2013-06-30,22.9,19.3,2013-06-30 14:37:00+00:00,31.4,2013-06-30 04:41:00+00:00,0.0,0.0,,12.1,2013-06-30 05:41:00+00:00,1.6,45.0,1440,563,128.6829,37.4634
2013-07-01,24.0,18.6,2013-06-30 16:34:00+00:00,31.0,2013-07-01 07:15:00+00:00,0.0,0.0,,6.1,2013-07-01 04:43:00+00:00,1.2,219.4,1440,563,128.6829,37.4634
2013-07-02,23.7,20.2,2013-07-01 17:43:00+00:00,27.5,2013-07-02 07:51:00+00:00,22.5,7.0,2013-07-02 01:00:00+00:00,21.7,2013-07-02 09:52:00+00:00,4.4,239.1,1440,563,128.6829,37.4634
2013-07-03,24.6,19.8,2013-07-02 21:02:00+00:00,29.4,2013-07-03 06:09:00+00:00,0.0,0.0,,15.1,2013-07-02 17:44:00+00:00,3.9,210.9,1440,563,128.6829,37.4634
2013-07-04,24.9,22.0,2013-07-03 15:14:00+00:00,27.1,2013-07-04 07:01:00+00:00,0.5,0.5,2013-07-04 14:00:00+00:00,8.0,2013-07-03 20:22:00+00:00,2.8,340.3,1440,563,128.6829,37.4634
2013-07-05,22.0,19.6,2013-07-04 20:21:00+00:00,26.7,2013-07-05 06:40:00+00:00,7.0,2.0,2013-07-04 16:00:00+00:00,4.8,2013-07-05 06:05:00+00:00,1.3,236.3,1440,563,128.6829,37.4634
2013-07-06,25.4,20.3,2013-07-05 15:24:00+00:00,31.3,2013-07-06 06:09:00+00:00,0.0,0.0,,6.2,2013-07-06 08:09:00+00:00,1.3,219.4,1440,563,128.6829,37.4634
2013-07-07,24.0,20.2,2013-07-06 17:33:00+00:00,30.7,2013-07-07 02:52:00+00:00,2.0,1.0,2013-07-07 09:00:00+00:00,7.5,2013-07-07 06:18:00+00:00,1.8,225.0,1435,563,128.6829,37.4634
2013-07-08,24.4,22.4,2013-07-07 17:20:00+00:00,26.1,2013-07-08 05:34:00+00:00,6.5,2.5,2013-07-08 13:00:00+00:00,9.7,2013-07-08 14:13:00+00:00,2.4,236.3,1440,563,128.6829,37.4634
2013-07-09,26.2,24.5,2013-07-08 16:06:00+00:00,29.7,2013-07-09 02:26:00+00:00,2.5,2.0,2013-07-08 16:00:00+00:00,14.1,2013-07-08 18:07:00+00:00,4.0,253.1,1440,563,128.6829,37.4634
2013-07-10,25.7,23.4,2013-07-09 19:12:00+00:00,27.4,2013-07-10 06:21:00+00:00,4.0,2.5,2013-07-09 20:00:00+00:00,6.5,2013-07-09 21:34:00+00:00,2.3,298.1,1440,563,128.6829,37.4634
2013-07-11,25.1,24.0,2013-07-11 06:34:00+00:00,26.9,2013-07-10 15:12:00+00:00,6.0,2.5,2013-07-11 03:00:00+00:00,8.3,2013-07-11 01:08:00+00:00,3.2,225.0,1436,563,128.6829,37.4634
2013-07-12,23.7,21.0,2013-07-12 14:52:00+00:00,25.5,2013-07-11 15:50:00+00:00,4.0,1.5,2013-07-12 07:00:00+00:00,11.5,2013-07-12 05:18:00+00:00,3.6,222.2,1438,563,128.6829,37.4634
2013-07-13,22.5,20.4,2013-07-12 18:08:00+00:00,26.4,2013-07-13 05:01:00+00:00,53.0,14.0,2013-07-12 18:00:00+00:00,5.8,2013-07-13 04:27:00+00:00,1.2,337.5,1440,563,128.6829,37.4634
2013-07-14,23.2,21.5,2013-07-14 02:48:00+00:00,25.2,2013-07-14 01:09:00+00:00,27.0,11.0,2013-07-14 03:00:00+00:00,9.2,2013-07-13 22:15:00+00:00,2.6,255.9,1440,563,128.6829,37.4634
2013-07-15,19.8,17.9,2013-07-15 13:55:00+00:00,22.6,2013-07-14 15:01:00+00:00,130.5,25.5,2013-07-15 02:00:00+00:00,6.4,2013-07-14 21:39:00+00:00,0.8,90.0,1440,563,128.6829,37.4634
2013-07-16,25.1,18.5,2013-07-15 15:43:00+00:00,30.1,2013-07-16 05:53:00+00:00,0.0,0.0,,10.6,2013-07-16 14:08:00+00:00,2.8,247.5,1440,563,128.6829,37.4634
2013-07-17,23.7,22.0,2013-07-16 20:52:00+00:00,26.8,2013-07-17 04:46:00+00:00,15.5,5.0,2013-07-17 00:00:00+00:00,15.1,2013-07-16 16:12:00+00:00,3.2,199.7,1440,563,128.6829,37.4634
2013-07-18,22.9,20.6,2013-07-17 20:51:00+00:00,27.5,2013-07-18 02:24:00+00:00,9.5,4.0,2013-07-18 10:00:00+00:00,5.5,2013-07-18 04:02:00+00:00,0.7,61.9,1440,563,128.6829,37.4634
2013-07-19,24.7,21.1,2013-07-18 21:06:00+00:00,29.6,2013-07-19 04:29:00+00:00,1.0,0.5,2013-07-18 20:00:00+00:00,6.3,2013-07-19 03:50:00+00:00,1.5,233.4,1440,563,128.6829,37.4634
2013-07-20,26.1,21.0,2013-07-19 18:20:00+00:00,30.9,2013-07-20 05:55:00+00:00,0.0,0.0,,9.5,2013-07-20 02:11:00+00:00,2.7,216.6,1440,563,128.6829,37.4634
2013-07-21,25.3,23.2,2013-07-21 14:57:00+00:00,28.8,2013-07-21 06:21:00+00:00,0.0,0.0,,9.8,2013-07-20 18:01:00+00:00,2.9,213.8,1440,563,128.6829,37.4634
2013-07-22,23.1,21.5,2013-07-22 12:35:00+00:00,25.5,2013-07-22 08:13:00+00:00,90.0,17.0,2013-07-22 00:00:00+00:00,5.4,2013-07-22 05:35:00+00:00,1.0,267.2,1440,563,128.6829,37.4634
2013-07-23,23.8,21.5,2013-07-22 17:05:00+00:00,26.0,2013-07-23 14:19:00+00:00,16.5,7.0,2013-07-23 07:00:00+00:00,9.3,2013-07-23 14:59:00+00:00,2.3,233.4,1440,563,128.6829,37.4634
2013-07-24,25.4,23.1,2013-07-24 14:59:00+00:00,27.5,2013-07-24 03:42:00+00:00,12.5,5.0,2013-07-23 23:00:00+00:00,15.9,2013-07-23 22:25:00+00:00,4.4,230.6,1440,563,128.6829,37.4634
2013-07-25,24.6,21.0,2013-07-25 14:45:00+00:00,29.1,2013-07-25 06:29:00+00:00,0.0,0.0,,10.2,2013-07-25 03:25:00+00:00,3.9,241.9,1440,563,128.6829,37.4634
2013-07-26,24.5,19.3,2013-07-25 17:54:00+00:00,31.0,2013-07-26 06:52:00+00:00,0.0,0.0,,12.8,2013-07-26 03:55:00+00:00,2.3,216.6,1440,563,128.6829,37.4634
2013-07-27,24.7,19.8,2013-07-26 16:09:00+00:00,30.9,2013-07-27 06:16:00+00:00,0.0,0.0,,5.9,2013-07-27 07:18:00+00:00,0.9,247.5,1440,563,128.6829,37.4634
2013-07-28,24.1,21.8,2013-07-27 20:58:00+00:00,26.0,2013-07-28 04:32:00+00:00,0.5,0.5,2013-07-27 23:00:00+00:00,6.4,2013-07-28 05:27:00+00:00,1.8,222.2,1440,563,128.6829,37.4634
2013-07-29,26.5,21.4,2013-07-29 14:34:00+00:00,32.2,2013-07-29 04:46:00+00:00,1.0,1.0,2013-07-29 00:00:00+00:00,8.7,2013-07-29 04:52:00+00:00,2.3,208.1,1440,563,128.6829,37.4634
2013-07-30,25.6,21.2,2013-07-29 15:11:00+00:00,32.5,2013-07-30 05:26:00+00:00,0.0,0.0,,5.6,2013-07-30 05:46:00+00:00,0.6,219.4,1440,563,128.6829,37.4634
2013-07-31,25.3,22.4,2013-07-30 15:01:00+00:00,29.9,2013-07-31 06:21:00+00:00,33.5,22.0,2013-07-30 22:00:00+00:00,7.6,2013-07-31 04:08:00+00:00,1.8,210.9,1440,563,128.6829,37.4634
2013-08-01,25.1,20.5,2013-07-31 19:06:00+00:00,32.8,2013-08-01 05:02:00+00:00,0.0,0.0,,7.0,2013-08-01 07:49:00+00:00,1.7,98.4,1440,563,128.6829,37.4634
2013-08-02,24.8,22.8,2013-08-01 20:37:00+00:00,29.6,2013-08-02 05:58:00+00:00,2.0,1.5,2013-08-02 02:00:00+00:00,5.6,2013-08-01 22:25:00+00:00,0.8,95.6,1440,563,128.6829,37.4634
2013-08-03,25.3,22.3,2013-08-03 14:52:00+00:00,31.0,2013-08-03 05:38:00+00:00,0.0,0.0,,6.6,2013-08-03 02:54:00+00:00,1.4,225.0,1440,563,128.6829,37.4634
2013-08-04,25.4,21.2,2013-08-03 19:36:00+00:00,30.8,2013-08-04 04:39:00+00:00,2.5,1.5,2013-08-04 08:00:00+00:00,6.4,2013-08-04 07:09:00+00:00,1.2,230.6,1440,563,128.6829,37.4634
2013-08-05,25.2,21.3,2013-08-05 11:54:00+00:00,31.5,2013-08-05 04:37:00+00:00,11.0,10.5,2013-08-05 12:00:00+00:00,9.7,2013-08-05 11:06:00+00:00,1.2,227.8,1439,563,128.6829,37.4634
2013-08-06,25.7,21.1,2013-08-05 17:36:00+00:00,29.8,2013-08-06 03:26:00+00:00,0.0,0.0,2013-08-05 16:00:00+00:00,6.5,2013-08-06 01:04:00+00:00,1.8,219.4,1409,563,128.6829,37.4634
2013-08-07,27.0,21.4,2013-08-06 20:49:00+00:00,32.4,2013-08-07 04:16:00+00:00,0.0,0.0,,6.2,2013-08-07 03:56:00+00:00,1.4,225.0,1440,563,128.6829,37.4634
2013-08-08,28.3,25.1,2013-08-07 17:51:00+00:00,31.9,2013-08-08 04:40:00+00:00,0.0,0.0,,7.6,2013-08-08 06:49:00+00:00,2.4,199.7,1440,563,128.6829,37.4634
2013-08-09,28.3,26.3,2013-08-08 21:15:00+00:00,30.8,2013-08-09 05:59:00+00:00,0.0,0.0,,9.1,2013-08-08 23:19:00+00:00,3.1,205.3,1440,563,128.6829,37.4634
2013-08-10,26.0,21.3,2013-08-10 14:59:00+00:00,30.2,2013-08-10 01:55:00+00:00,0.5,0.5,2013-08-10 06:00:00+00:00,9.2,2013-08-10 04:36:00+00:00,2.3,241.9,1440,563,128.6829,37.4634
2013-08-11,26.3,20.4,2013-08-10 20:42:00+00:00,33.9,2013-08-11 06:09:00+00:00,0.0,0.0,,5.1,2013-08-11 07:01:00+00:00,1.2,205.3,1440,563,128.6829,37.4634
2013-08-12,26.2,20.5,2013-08-11 20:26:00+00:00,34.1,2013-08-12 05:23:00+00:00,0.0,0.0,,6.4,2013-08-12 06:53:00+00:00,1.2,216.6,1440,563,128.6829,37.4634
2013-08-13,26.5,21.4,2013-08-12 16:42:00+00:00,33.5,2013-08-13 05:25:00+00:00,0.0,0.0,,5.7,2013-08-13 04:50:00+00:00,1.6,199.7,1440,563,128.6829,37.4634
2013-08-14,26.1,20.6,2013-08-13 17:13:00+00:00,33.2,2013-08-14 05:53:00+00:00,0.0,0.0,,7.0,2013-08-14 07:10:00+00:00,1.6,210.9,1440,563,128.6829,37.4634
2013-08-15,25.9,21.2,2013-08-14 16:15:00+00:00,31.6,2013-08-15 05:26:00+00:00,0.0,0.0,,7.0,2013-08-15 06:53:00+00:00,1.6,213.8,1440,563,128.6829,37.4634
2013-08-16,26.7,20.6,2013-08-15 20:23:00+00:00,32.4,2013-08-16 04:36:00+00:00,0.0,0.0,,8.3,2013-08-16 02:23:00+00:00,2.2,191.3,1440,563,128.6829,37.4634
2013-08-17,26.7,24.3,2013-08-16 18:23:00+00:00,30.6,2013-08-17 07:18:00+00:00,0.0,0.0,,10.2,2013-08-17 06:36:00+00:00,3.8,210.9,1440,563,128.6829,37.4634
2013-08-18,26.2,23.1,2013-08-18 13:44:00+00:00,30.2,2013-08-18 04:09:00+00:00,0.0,0.0,,8.3,2013-08-18 03:24:00+00:00,3.0,241.9,1440,563,128.6829,37.4634
2013-08-19,25.8,21.8,2013-08-19 14:57:00+00:00,31.1,2013-08-19 05:20:00+00:00,0.0,0.0,,6.8,2013-08-19 03:06:00+00:00,1.5,225.0,1440,563,128.6829,37.4634
2013-08-20,24.9,19.2,2013-08-19 21:08:00+00:00,33.1,2013-08-20 04:25:00+00:00,0.0,0.0,,8.3,2013-08-20 08:30:00+00:00,2.1,92.8,1440,563,128.6829,37.4634
2013-08-21,24.8,19.9,2013-08-20 17:07:00+00:00,30.4,2013-08-21 03:31:00+00:00,0.0,0.0,,7.1,2013-08-21 06:54:00+00:00,1.5,90.0,1440,563,128.6829,37.4634
2013-08-22,26.6,22.8,2013-08-21 19:43:00+00:00,31.8,2013-08-22 04:42:00+00:00,11.0,9.5,2013-08-21 20:00:00+00:00,6.9,2013-08-22 13:12:00+00:00,1.3,225.0,1440,563,128.6829,37.4634
2013-08-23,23.6,19.9,2013-08-23 14:52:00+00:00,27.1,2013-08-23 05:37:00+00:00,38.0,26.0,2013-08-22 22:00:00+00:00,8.2,2013-08-22 21:50:00+00:00,1.2,205.3,1440,563,128.6829,37.4634
2013-08-24,24.5,19.4,2013-08-24 14:55:00+00:00,32.0,2013-08-24 05:14:00+00:00,0.0,0.0,,6.5,2013-08-24 09:30:00+00:00,1.4,90.0,1440,563,128.6829,37.4634
2013-08-25,23.8,19.1,2013-08-24 15:23:00+00:00,31.7,2013-08-25 06:12:00+00:00,0.0,0.0,,6.2,2013-08-25 02:21:00+00:00,1.6,106.9,1440,563,128.6829,37.4634
2013-08-26,22.9,18.2,2013-08-26 14:59:00+00:00,30.1,2013-08-26 05:37:00+00:00,0.0,0.0,,8.2,2013-08-26 08:29:00+00:00,1.2,61.9,1440,563,128.6829,37.4634
2013-08-27,22.0,17.5,2013-08-26 15:56:00+00:00,28.9,2013-08-27 06:01:00+00:00,0.0,0.0,,7.1,2013-08-27 04:45:00+00:00,1.2,213.8,1440,563,128.6829,37.4634
2013-08-28,22.6,18.4,2013-08-27 18:17:00+00:00,29.9,2013-08-28 05:05:00+00:00,0.0,0.0,,5.6,2013-08-28 05:56:00+00:00,0.7,208.1,1440,563,128.6829,37.4634
2013-08-29,22.2,18.7,2013-08-28 16:32:00+00:00,24.7,2013-08-29 04:55:00+00:00,23.0,6.5,2013-08-29 07:00:00+00:00,13.9,2013-08-29 04:17:00+00:00,2.4,247.5,1440,563,128.6829,37.4634
2013-08-30,23.9,20.2,2013-08-30 14:57:00+00:00,30.1,2013-08-30 05:49:00+00:00,0.0,0.0,,7.2,2013-08-30 03:21:00+00:00,1.7,255.9,1440,563,128.6829,37.4634
2013-08-31,20.0,18.0,2013-08-31 14:05:00+00:00,23.9,2013-08-31 05:34:00+00:00,0.0,0.0,,12.5,2013-08-31 01:45:00+00:00,3.4,101.3,1440,563,128.6829,37.4634
2013-09-01,20.6,16.8,2013-09-01 15:00:00+00:00,28.1,2013-09-01 04:46:00+00:00,0.0,0.0,,8.1,2013-09-01 05:40:00+00:00,2.0,101.3,1440,563,128.6829,37.4634
2013-09-02,20.1,15.9,2013-09-02 14:53:00+00:00,26.7,2013-09-02 06:03:00+00:00,0.0,0.0,,5.6,2013-09-02 09:05:00+00:00,0.9,87.2,1440,563,128.6829,37.4634
2013-09-03,17.6,13.8,2013-09-03 14:55:00+00:00,22.8,2013-09-03 05:13:00+00:00,0.0,0.0,,4.7,2013-09-03 11:11:00+00:00,1.4,90.0,1440,563,128.6829,37.4634
2013-09-04,16.1,11.7,2013-09-04 14:58:00+00:00,22.5,2013-09-04 05:40:00+00:00,0.0,0.0,,12.6,2013-09-04 01:04:00+00:00,2.5,84.4,1440,563,128.6829,37.4634
2013-09-05,17.7,11.4,2013-09-04 15:50:00+00:00,24.5,2013-09-05 04:34:00+00:00,0.0,0.0,,6.8,2013-09-05 10:35:00+00:00,1.4,90.0,1440,563,128.6829,37.4634
2013-09-06,17.2,14.9,2013-09-05 19:52:00+00:00,22.0,2013-09-06 02:47:00+00:00,1.5,0.5,2013-09-06 07:00:00+00:00,3.4,2013-09-06 03:45:00+00:00,0.7,222.2,1440,563,128.6829,37.4634
2013-09-07,18.9,15.2,2013-09-07 14:22:00+00:00,24.8,2013-09-07 03:45:00+00:00,0.0,0.0,,4.6,2013-09-07 04:50:00+00:00,0.6,241.9,1440,563,128.6829,37.4634
2013-09-08,19.2,15.0,2013-09-07 18:36:00+00:00,26.6,2013-09-08 06:12:00+00:00,0.0,0.0,,6.5,2013-09-08 09:16:00+00:00,1.4,73.1,1440,563,128.6829,37.4634
2013-09-09,19.4,14.8,2013-09-08 16:15:00+00:00,27.7,2013-09-09 06:14:00+00:00,0.0,0.0,,4.6,2013-09-09 04:59:00+00:00,0.9,247.5,1440,563,128.6829,37.4634
2013-09-10,20.0,15.0,2013-09-09 17:23:00+00:00,26.3,2013-09-10 04:16:00+00:00,5.0,2.0,2013-09-10 14:00:00+00:00,3.8,2013-09-10 00:34:00+00:00,0.5,67.5,1440,563,128.6829,37.4634
2013-09-11,19.0,18.0,2013-09-10 15:49:00+00:00,19.8,2013-09-11 00:40:00+00:00,5.5,1.5,2013-09-11 02:00:00+00:00,4.3,2013-09-11 00:04:00+00:00,0.5,329.1,1440,563,128.6829,37.4634
2013-09-12,21.2,19.0,2013-09-11 15:01:00+00:00,26.5,2013-09-12 03:43:00+00:00,0.5,0.5,2013-09-12 15:00:00+00:00,6.2,2013-09-12 05:10:00+00:00,0.7,92.8,1440,563,128.6829,37.4634
2013-09-13,21.5,19.2,2013-09-12 17:43:00+00:00,23.4,2013-09-13 01:58:00+00:00,20.0,10.5,2013-09-13 07:00:00+00:00,7.7,2013-09-13 08:01:00+00:00,1.8,272.8,1440,563,128.6829,37.4634
2013-09-14,19.7,17.4,2013-09-14 14:24:00+00:00,22.1,2013-09-13 16:30:00+00:00,34.5,7.0,2013-09-13 19:00:00+00:00,5.8,2013-09-14 06:09:00+00:00,1.2,210.9,1440,563,128.6829,37.4634
2013-09-15,19.6,13.7,2013-09-15 14:53:00+00:00,29.0,2013-09-15 04:07:00+00:00,0.0,0.0,,10.8,2013-09-15 07:28:00+00:00,1.7,104.1,1440,563,128.6829,37.4634
2013-09-16,16.9,12.6,2013-09-16 14:18:00+00:00,25.4,2013-09-16 03:42:00+00:00,0.0,0.0,,6.8,2013-09-16 04:35:00+00:00,1.3,87.2,1440,563,128.6829,37.4634
2013-09-17,19.2,12.9,2013-09-16 19:17:00+00:00,29.7,2013-09-17 05:27:00+00:00,0.0,0.0,,3.0,2013-09-17 01:27:00+00:00,0.6,149.1,1440,563,128.6829,37.4634
2013-09-18,20.2,14.9,2013-09-18 14:59:00+00:00,28.7,2013-09-18 05:10:00+00:00,0.0,0.0,,6.7,2013-09-18 03:36:00+00:00,1.7,95.6,1440,563,128.6829,37.4634
2013-09-19,19.7,14.6,2013-09-18 16:21:00+00:00,28.9,2013-09-19 05:40:00+00:00,0.0,0.0,,5.5,2013-09-18 20:22:00+00:00,1.1,109.7,1440,563,128.6829,37.4634
2013-09-20,19.7,15.2,2013-09-19 21:49:00+00:00,28.0,2013-09-20 05:08:00+00:00,0.0,0.0,,6.5,2013-09-20 02:58:00+00:00,1.5,171.6,1440,563,128.6829,37.4634
2013-09-21,20.9,16.5,2013-09-20 15:01:00+00:00,29.8,2013-09-21 05:08:00+00:00,0.0,0.0,,10.3,2013-09-21 09:32:00+00:00,2.3,104.1,1440,563,128.6829,37.4634
2013-09-22,16.9,12.3,2013-09-22 14:57:00+00:00,19.2,2013-09-21 20:59:00+00:00,3.0,1.0,2013-09-22 01:00:00+00:00,11.3,2013-09-22 00:36:00+00:00,2.7,104.1,1440,563,128.6829,37.4634
2013-09-23,18.7,11.4,2013-09-22 16:38:00+00:00,27.6,2013-09-23 04:43:00+00:00,0.0,0.0,,4.7,2013-09-23 07:11:00+00:00,0.7,250.3,1439,563,128.6829,37.4634
2013-09-24,19.1,16.0,2013-09-23 21:19:00+00:00,23.0,2013-09-24 03:17:00+00:00,2.0,0.5,2013-09-24 05:00:00+00:00,5.7,2013-09-24 04:52:00+00:00,1.6,295.3,1440,563,128.6829,37.4634
2013-09-25,15.6,12.2,2013-09-25 12:52:00+00:00,19.4,2013-09-24 15:51:00+00:00,2.5,1.5,2013-09-24 20:00:00+00:00,9.4,2013-09-25 01:16:00+00:00,3.4,104.1,1440,563,128.6829,37.4634
2013-09-26,14.6,10.9,2013-09-26 13:54:00+00:00,19.7,2013-09-26 06:16:00+00:00,1.0,1.0,2013-09-26 02:00:00+00:00,7.2,2013-09-26 02:58:00+00:00,1.9,92.8,1440,563,128.6829,37.4634
2013-09-27,14.2,9.2,2013-09-26 20:29:00+00:00,22.2,2013-09-27 05:50:00+00:00,0.0,0.0,,6.5,2013-09-27 03:13:00+00:00,1.5,219.4,1440,563,128.6829,37.4634
2013-09-28,13.6,9.9,2013-09-27 17:01:00+00:00,18.2,2013-09-28 04:20:00+00:00,0.0,0.0,,2.9,2013-09-28 01:28:00+00:00,0.7,174.4,1440,563,128.6829,37.4634
2013-09-29,14.9,13.0,2013-09-28 17:35:00+00:00,16.6,2013-09-29 13:30:00+00:00,45.5,7.5,2013-09-29 02:00:00+00:00,6.0,2013-09-29 13:21:00+00:00,0.8,106.9,1440,563,128.6829,37.4634
2013-09-30,17.7,15.5,2013-09-29 19:35:00+00:00,21.5,2013-09-30 02:33:00+00:00,8.5,3.0,2013-09-29 17:00:00+00:00,10.6,2013-09-30 04:54:00+00:00,2.5,101.3,1439,563,128.6829,37.4634
2013-10-01,18.4,15.2,2013-09-30 15:54:00+00:00,24.7,2013-10-01 06:50:00+00:00,0.0,0.0,,7.9,2013-10-01 09:21:00+00:00,2.0,92.8,1440,563,128.6829,37.4634
2013-10-02,17.6,13.9,2013-10-02 14:02:00+00:00,22.4,2013-10-02 06:08:00+00:00,0.0,0.0,,9.5,2013-10-02 06:57:00+00:00,1.8,216.6,1440,563,128.6829,37.4634
2013-10-03,14.6,7.6,2013-10-03 14:24:00+00:00,21.7,2013-10-03 04:04:00+00:00,0.0,0.0,,11.8,2013-10-03 05:18:00+00:00,1.8,225.0,1440,563,128.6829,37.4634
2013-10-04,13.1,7.1,2013-10-03 15:30:00+00:00,25.1,2013-10-04 06:15:00+00:00,0.0,0.0,,3.8,2013-10-04 08:49:00+00:00,0.9,115.3,1440,563,128.6829,37.4634
2013-10-05,14.7,9.0,2013-10-04 15:13:00+00:00,25.2,2013-10-05 03:58:00+00:00,0.0,0.0,,6.8,2013-10-05 08:00:00+00:00,1.5,118.1,1440,563,128.6829,37.4634
2013-10-06,15.4,10.5,2013-10-05 21:02:00+00:00,18.6,2013-10-06 06:46:00+00:00,0.0,0.0,,8.5,2013-10-06 07:28:00+00:00,2.1,118.1,1440,563,128.6829,37.4634
2013-10-07,19.7,16.0,2013-10-06 21:12:00+00:00,26.9,2013-10-07 05:32:00+00:00,1.5,1.0,2013-10-07 10:00:00+00:00,8.2,2013-10-07 06:56:00+00:00,1.4,45.0,1440,563,128.6829,37.4634
2013-10-08,17.6,16.6,2013-10-08 12:28:00+00:00,19.6,2013-10-08 02:10:00+00:00,16.5,3.0,2013-10-07 21:00:00+00:00,15.5,2013-10-08 14:29:00+00:00,2.8,120.9,1440,563,128.6829,37.4634
2013-10-09,18.1,14.9,2013-10-09 12:39:00+00:00,25.1,2013-10-09 05:45:00+00:00,0.0,0.0,,13.3,2013-10-08 15:27:00+00:00,1.9,56.3,1440,563,128.6829,37.4634
2013-10-10,17.3,13.9,2013-10-09 21:43:00+00:00,23.5,2013-10-10 05:19:00+00:00,0.0,0.0,,5.7,2013-10-10 06:02:00+00:00,1.1,216.6,1440,563,128.6829,37.4634
2013-10-11,17.1,12.6,2013-10-11 14:43:00+00:00,20.8,2013-10-11 04:07:00+00:00,6.0,6.0,2013-10-10 23:00:00+00:00,15.9,2013-10-11 02:46:00+00:00,4.8,241.9,1440,563,128.6829,37.4634
2013-10-12,12.8,7.0,2013-10-12 14:55:00+00:00,19.6,2013-10-12 03:56:00+00:00,0.0,0.0,,15.7,2013-10-11 16:58:00+00:00,3.5,210.9,1440,563,128.6829,37.4634
2013-10-13,11.9,6.2,2013-10-12 17:45:00+00:00,21.8,2013-10-13 05:45:00+00:00,0.0,0.0,,6.3,2013-10-13 07:19:00+00:00,1.2,50.6,1440,563,128.6829,37.4634
2013-10-14,13.6,8.8,2013-10-13 18:47:00+00:00,23.7,2013-10-14 05:53:00+00:00,0.0,0.0,,6.2,2013-10-14 06:10:00+00:00,1.4,216.6,1440,563,128.6829,37.4634
2013-10-15,9.5,7.7,2013-10-15 11:15:00+00:00,14.0,2013-10-15 00:14:00+00:00,0.5,0.5,2013-10-15 09:00:00+00:00,16.5,2013-10-15 14:11:00+00:00,4.3,106.9,1440,563,128.6829,37.4634
2013-10-16,8.2,2.9,2013-10-16 14:48:00+00:00,13.2,2013-10-16 04:04:00+00:00,0.0,0.0,,15.8,2013-10-15 17:36:00+00:00,3.2,104.1,1440,563,128.6829,37.4634
2013-10-17,7.8,2.5,2013-10-16 15:25:00+00:00,17.5,2013-10-17 04:41:00+00:00,0.0,0.0,,4.8,2013-10-17 04:48:00+00:00,1.0,239.1,1440,563,128.6829,37.4634
2013-10-18,10.3,4.8,2013-10-17 15:07:00+00:00,19.4,2013-10-18 04:52:00+00:00,0.0,0.0,,6.9,2013-10-18 08:31:00+00:00,1.3,73.1,1440,563,128.6829,37.4634
2013-10-19,11.1,7.1,2013-10-18 18:31:00+00:00,17.0,2013-10-19 04:58:00+00:00,0.0,0.0,,7.1,2013-10-19 04:14:00+00:00,1.8,64.7,1440,563,128.6829,37.4634
2013-10-20,13.5,9.1,2013-10-19 15:09:00+00:00,19.1,2013-10-20 04:48:00+00:00,0.0,0.0,,8.1,2013-10-20 08:41:00+00:00,2.5,92.8,1440,563,128.6829,37.4634
2013-10-21,11.9,6.8,2013-10-21 14:23:00+00:00,16.7,2013-10-21 04:10:00+00:00,0.0,0.0,,10.6,2013-10-20 23:26:00+00:00,3.1,112.5,1440,563,128.6829,37.4634
2013-10-22,10.7,4.8,2013-10-21 20:28:00+00:00,15.1,2013-10-22 01:08:00+00:00,0.0,0.0,,9.7,2013-10-22 09:56:00+00:00,2.8,95.6,1440,563,128.6829,37.4634
2013-10-23,12.8,7.3,2013-10-23 14:54:00+00:00,18.2,2013-10-23 03:17:00+00:00,0.0,0.0,,8.8,2013-10-22 20:19:00+00:00,2.4,95.6,1440,563,128.6829,37.4634
2013-10-24,11.5,7.0,2013-10-23 15:38:00+00:00,20.4,2013-10-24 05:18:00+00:00,0.0,0.0,,7.2,2013-10-24 04:15:00+00:00,1.5,208.1,1439,563,128.6829,37.4634
2013-10-25,8.4,3.0,2013-10-24 22:51:00+00:00,18.1,2013-10-25 05:09:00+00:00,0.0,0.0,,8.7,2013-10-25 06:21:00+00:00,1.9,205.3,1440,563,128.6829,37.4634
2013-10-26,6.5,2.2,2013-10-25 18:02:00+00:00,16.0,2013-10-26 05:03:00+00:00,0.0,0.0,,7.8,2013-10-26 07:41:00+00:00,1.4,225.0,1440,563,128.6829,37.4634
2013-10-27,6.7,1.5,2013-10-26 17:22:00+00:00,16.6,2013-10-27 05:13:00+00:00,0.0,0.0,,6.3,2013-10-27 05:18:00+00:00,1.3,236.3,1440,563,128.6829,37.4634
2013-10-28,6.7,0.9,2013-10-27 18:00:00+00:00,17.2,2013-10-28 06:27:00+00:00,0.0,0.0,,5.0,2013-10-28 04:55:00+00:00,0.8,233.4,1440,563,128.6829,37.4634
2013-10-29,9.7,1.7,2013-10-28 21:29:00+00:00,17.8,2013-10-29 04:55:00+00:00,0.0,0.0,,9.7,2013-10-29 09:02:00+00:00,2.3,225.0,1440,563,128.6829,37.4634
2013-10-30,10.5,4.6,2013-10-29 22:09:00+00:00,17.4,2013-10-30 05:33:00+00:00,0.0,0.0,,8.0,2013-10-29 17:53:00+00:00,1.9,233.4,1434,563,128.6829,37.4634
2013-10-31,8.7,4.4,2013-10-30 16:11:00+00:00,19.1,2013-10-31 05:19:00+00:00,0.0,0.0,,4.5,2013-10-31 05:24:00+00:00,1.0,244.7,1440,563,128.6829,37.4634
2013-11-01,10.1,3.1,2013-10-31 18:34:00+00:00,20.5,2013-11-01 05:32:00+00:00,0.0,0.0,,7.2,2013-11-01 05:58:00+00:00,1.2,87.2,1440,563,128.6829,37.4634
2013-11-02,10.4,7.6,2013-11-01 15:28:00+00:00,13.5,2013-11-02 04:11:00+00:00,2.5,1.5,2013-11-02 07:00:00+00:00,6.9,2013-11-02 09:43:00+00:00,1.5,241.9,1440,563,128.6829,37.4634
2013-11-03,10.0,5.6,2013-11-03 14:57:00+00:00,17.6,2013-11-03 05:29:00+00:00,0.0,0.0,,7.8,2013-11-03 09:45:00+00:00,1.5,202.5,1440,563,128.6829,37.4634
2013-11-04,7.8,3.1,2013-11-04 14:21:00+00:00,13.2,2013-11-04 04:34:00+00:00,0.0,0.0,,9.3,2013-11-04 06:01:00+00:00,1.6,106.9,1440,563,128.6829,37.4634
2013-11-05,6.9,2.7,2013-11-04 22:42:00+00:00,16.3,2013-11-05 05:36:00+00:00,0.0,0.0,,6.4,2013-11-05 04:01:00+00:00,1.6,208.1,1433,563,128.6829,37.4634
2013-11-06,8.5,2.6,2013-11-05 18:35:00+00:00,13.5,2013-11-06 03:15:00+00:00,0.5,0.5,2013-11-06 07:00:00+00:00,7.7,2013-11-06 03:20:00+00:00,2.5,225.0,1427,563,128.6829,37.4634
2013-11-07,10.6,3.0,2013-11-07 14:27:00+00:00,15.9,2013-11-07 03:59:00+00:00,1.0,1.0,2013-11-06 21:00:00+00:00,22.6,2013-11-07 00:15:00+00:00,4.4,219.4,1440,563,128.6829,37.4634
2013-11-08,6.1,-0.4,2013-11-07 22:31:00+00:00,14.7,2013-11-08 05:46:00+00:00,0.0,0.0,,6.8,2013-11-08 07:29:00+00:00,1.5,90.0,1440,563,128.6829,37.4634
2013-11-09,9.5,3.3,2013-11-08 17:06:00+00:00,17.8,2013-11-09 04:40:00+00:00,3.0,1.0,2013-11-09 11:00:00+00:00,7.2,2013-11-09 14:28:00+00:00,1.4,292.5,1440,563,128.6829,37.4634
2013-11-10,8.1,0.8,2013-11-10 14:04:00+00:00,12.9,2013-11-09 16:18:00+00:00,1.0,0.5,2013-11-09 18:00:00+00:00,12.3,2013-11-09 21:40:00+00:00,4.1,216.6,1440,563,128.6829,37.4634
2013-11-11,0.9,-3.2,2013-11-11 13:31:00+00:00,7.0,2013-11-11 06:04:00+00:00,0.0,0.0,,10.4,2013-11-10 15:30:00+00:00,2.4,216.6,1440,563,128.6829,37.4634
2013-11-12,0.4,-5.0,2013-11-11 22:22:00+00:00,8.1,2013-11-12 04:10:00+00:00,0.0,0.0,,12.4,2013-11-12 04:22:00+00:00,2.2,241.9,1440,563,128.6829,37.4634
2013-11-13,1.2,-5.5,2013-11-12 21:44:00+00:00,11.5,2013-11-13 05:42:00+00:00,0.0,0.0,,5.4,2013-11-13 04:41:00+00:00,0.9,210.9,1440,563,128.6829,37.4634
2013-11-14,3.0,-2.8,2013-11-13 18:59:00+00:00,8.2,2013-11-14 04:21:00+00:00,0.0,0.0,,6.2,2013-11-14 06:10:00+00:00,1.2,230.6,1440,563,128.6829,37.4634
2013-11-15,6.4,0.2,2013-11-15 14:52:00+00:00,13.0,2013-11-15 04:24:00+00:00,0.0,0.0,,8.1,2013-11-15 03:45:00+00:00,2.4,225.0,1440,563,128.6829,37.4634
2013-11-16,3.1,-2.7,2013-11-15 20:29:00+00:00,13.6,2013-11-16 05:59:00+00:00,0.0,0.0,,4.1,2013-11-16 06:47:00+00:00,0.9,230.6,1440,563,128.6829,37.4634
2013-11-17,4.5,0.7,2013-11-16 15:01:00+00:00,7.9,2013-11-17 03:13:00+00:00,0.5,0.5,2013-11-16 19:00:00+00:00,20.0,2013-11-17 09:38:00+00:00,5.2,225.0,1440,563,128.6829,37.4634
2013-11-18,0.5,-1.1,2013-11-18 15:00:00+00:00,3.7,2013-11-18 04:39:00+00:00,0.0,0.0,,21.7,2013-11-17 19:13:00+00:00,7.4,241.9,1440,563,128.6829,37.4634
2013-11-19,-0.4,-3.7,2013-11-18 21:24:00+00:00,2.9,2013-11-19 05:06:00+00:00,0.0,0.0,,15.4,2013-11-19 03:22:00+00:00,6.5,233.4,1439,563,128.6829,37.4634
2013-11-20,0.2,-3.2,2013-11-19 19:32:00+00:00,5.0,2013-11-20 05:08:00+00:00,0.0,0.0,,14.1,2013-11-20 03:22:00+00:00,4.3,244.7,1440,563,128.6829,37.4634
2013-11-21,1.0,-3.5,2013-11-20 15:21:00+00:00,7.3,2013-11-21 04:23:00+00:00,0.0,0.0,,8.5,2013-11-21 05:37:00+00:00,2.9,210.9,1439,563,128.6829,37.4634
2013-11-22,0.8,-6.1,2013-11-21 22:19:00+00:00,10.2,2013-11-22 04:49:00+00:00,0.0,0.0,,12.4,2013-11-22 04:59:00+00:00,2.0,227.8,1440,563,128.6829,37.4634
2013-11-23,1.3,-5.6,2013-11-22 20:47:00+00:00,10.9,2013-11-23 05:12:00+00:00,0.0,0.0,,11.2,2013-11-23 03:57:00+00:00,1.7,191.3,1440,563,128.6829,37.4634
2013-11-24,3.3,-4.7,2013-11-23 21:16:00+00:00,11.5,2013-11-24 06:04:00+00:00,8.0,3.0,2013-11-24 14:00:00+00:00,3.3,2013-11-24 09:00:00+00:00,0.6,106.9,1440,563,128.6829,37.4634
2013-11-25,4.1,-1.0,2013-11-25 15:00:00+00:00,10.8,2013-11-24 19:31:00+00:00,21.5,4.5,2013-11-24 18:00:00+00:00,22.3,2013-11-25 08:47:00+00:00,7.5,230.6,1440,563,128.6829,37.4634
2013-11-26,0.3,-3.5,2013-11-25 21:55:00+00:00,3.8,2013-11-26 06:20:00+00:00,0.5,0.5,2013-11-26 15:00:00+00:00,17.9,2013-11-25 15:16:00+00:00,5.0,230.6,1439,563,128.6829,37.4634
2013-11-27,-1.5,-5.9,2013-11-27 14:30:00+00:00,1.4,2013-11-26 15:43:00+00:00,6.0,1.5,2013-11-26 19:00:00+00:00,19.8,2013-11-27 11:40:00+00:00,3.2,205.3,1440,563,128.6829,37.4634
2013-11-28,-5.2,-8.0,2013-11-27 22:28:00+00:00,-2.6,2013-11-28 03:36:00+00:00,0.0,0.0,,17.0,2013-11-28 02:44:00+00:00,4.9,236.3,1440,563,128.6829,37.4634
2013-11-29,-3.0,-7.6,2013-11-28 22:09:00+00:00,1.4,2013-11-29 06:15:00+00:00,0.0,0.0,,17.0,2013-11-29 03:14:00+00:00,4.4,247.5,1440,563,128.6829,37.4634
2013-11-30,0.4,-6.7,2013-11-29 18:29:00+00:00,6.7,2013-11-30 05:40:00+00:00,0.0,0.0,,8.5,2013-11-30 05:15:00+00:00,2.4,216.6,1440,563,128.6829,37.4634
2013-12-01,1.3,-3.3,2013-12-01 14:06:00+00:00,8.2,2013-12-01 04:13:00+00:00,0.0,0.0,,7.9,2013-12-01 03:52:00+00:00,1.8,208.1,1440,563,128.6829,37.4634
2013-12-02,0.2,-5.2,2013-12-01 21:53:00+00:00,7.1,2013-12-02 03:43:00+00:00,0.0,0.0,,13.1,2013-12-02 04:41:00+00:00,2.1,213.8,1440,563,128.6829,37.4634
2013-12-03,-0.2,-3.7,2013-12-02 17:36:00+00:00,8.1,2013-12-03 04:54:00+00:00,0.0,0.0,,10.4,2013-12-03 03:59:00+00:00,1.6,225.0,1440,563,128.6829,37.4634
2013-12-04,0.7,-4.6,2013-12-03 20:28:00+00:00,9.9,2013-12-04 05:26:00+00:00,0.0,0.0,,9.4,2013-12-04 06:27:00+00:00,1.5,219.4,1440,563,128.6829,37.4634
2013-12-05,2.2,-3.6,2013-12-04 21:26:00+00:00,7.2,2013-12-05 04:24:00+00:00,0.0,0.0,,8.2,2013-12-05 03:36:00+00:00,2.2,225.0,1439,563,128.6829,37.4634
2013-12-06,0.8,-4.5,2013-12-05 22:20:00+00:00,7.1,2013-12-06 05:05:00+00:00,0.0,0.0,,11.0,2013-12-06 07:26:00+00:00,2.8,210.9,1440,563,128.6829,37.4634
2013-12-07,1.1,-3.3,2013-12-07 14:53:00+00:00,5.3,2013-12-07 06:03:00+00:00,0.0,0.0,,10.7,2013-12-07 05:57:00+00:00,3.1,210.9,1439,563,128.6829,37.4634
2013-12-08,0.4,-3.9,2013-12-07 16:25:00+00:00,9.2,2013-12-08 05:33:00+00:00,0.0,0.0,,4.3,2013-12-08 06:01:00+00:00,0.8,208.1,1438,563,128.6829,37.4634
2013-12-09,1.5,-2.3,2013-12-08 15:02:00+00:00,4.7,2013-12-09 10:54:00+00:00,12.0,2.5,2013-12-09 08:00:00+00:00,9.4,2013-12-09 13:28:00+00:00,1.5,213.8,1440,563,128.6829,37.4634
2013-12-10,0.3,-2.4,2013-12-10 14:31:00+00:00,3.0,2013-12-09 15:13:00+00:00,0.0,0.0,,9.6,2013-12-09 15:06:00+00:00,3.1,216.6,1440,563,128.6829,37.4634
2013-12-11,-3.0,-5.6,2013-12-11 14:24:00+00:00,0.2,2013-12-11 03:23:00+00:00,0.0,0.0,,16.4,2013-12-11 06:33:00+00:00,5.0,244.7,1440,563,128.6829,37.4634
2013-12-12,-3.0,-7.3,2013-12-11 22:33:00+00:00,1.9,2013-12-12 11:55:00+00:00,5.0,1.5,2013-12-12 08:00:00+00:00,17.6,2013-12-12 12:09:00+00:00,4.9,222.2,1440,563,128.6829,37.4634
2013-12-13,-6.8,-8.7,2013-12-12 21:59:00+00:00,-1.7,2013-12-12 15:01:00+00:00,0.0,0.0,,23.3,2013-12-13 04:10:00+00:00,6.7,239.1,1440,563,128.6829,37.4634
2013-12-14,-4.0,-7.8,2013-12-13 16:28:00+00:00,-0.4,2013-12-14 09:10:00+00:00,0.0,0.0,,15.7,2013-12-14 04:35:00+00:00,5.5,239.1,1440,563,128.6829,37.4634
2013-12-15,-6.1,-11.2,2013-12-14 23:06:00+00:00,0.8,2013-12-15 05:42:00+00:00,0.0,0.0,,7.3,2013-12-14 16:09:00+00:00,2.0,241.9,1440,563,128.6829,37.4634
2013-12-16,-6.9,-13.0,2013-12-15 22:21:00+00:00,-0.1,2013-12-16 06:26:00+00:00,0.0,0.0,,1.9,2013-12-15 17:56:00+00:00,0.6,87.2,1438,563,128.6829,37.4634
2013-12-17,-2.2,-8.7,2013-12-16 22:45:00+00:00,2.6,2013-12-17 06:13:00+00:00,0.0,0.0,,8.0,2013-12-17 07:56:00+00:00,1.8,101.3,1434,563,128.6829,37.4634
2013-12-18,1.2,-2.3,2013-12-18 14:36:00+00:00,5.6,2013-12-18 04:59:00+00:00,0.0,0.0,,9.1,2013-12-18 05:36:00+00:00,3.0,81.6,1440,563,128.6829,37.4634
2013-12-19,-3.1,-6.8,2013-12-19 14:59:00+00:00,-0.3,2013-12-18 21:38:00+00:00,0.0,0.0,,16.8,2013-12-19 06:44:00+00:00,5.2,253.1,1440,563,128.6829,37.4634
2013-12-20,-5.1,-8.6,2013-12-19 18:52:00+00:00,0.6,2013-12-20 04:50:00+00:00,0.0,0.0,,10.0,2013-12-19 15:16:00+00:00,3.3,230.6,1440,563,128.6829,37.4634
2013-12-21,-3.3,-6.8,2013-12-21 14:54:00+00:00,4.1,2013-12-21 05:42:00+00:00,0.0,0.0,,6.1,2013-12-21 07:06:00+00:00,1.6,216.6,1440,563,128.6829,37.4634
2013-12-22,-5.3,-9.4,2013-12-21 19:16:00+00:00,2.1,2013-12-22 05:48:00+00:00,0.0,0.0,,3.9,2013-12-22 06:56:00+00:00,1.1,247.5,1440,563,128.6829,37.4634
2013-12-23,-5.0,-10.3,2013-12-22 22:29:00+00:00,2.4,2013-12-23 05:14:00+00:00,0.0,0.0,,6.3,2013-12-23 06:30:00+00:00,1.2,216.6,1440,563,128.6829,37.4634
2013-12-24,-4.6,-11.7,2013-12-23 23:03:00+00:00,6.0,2013-12-24 05:39:00+00:00,0.0,0.0,,6.5,2013-12-24 07:17:00+00:00,1.1,90.0,1440,563,128.6829,37.4634
2013-12-25,-1.6,-7.9,2013-12-24 17:04:00+00:00,6.4,2013-12-25 05:48:00+00:00,0.0,0.0,,7.2,2013-12-25 04:42:00+00:00,1.7,213.8,1440,563,128.6829,37.4634
2013-12-26,0.0,-2.8,2013-12-26 14:11:00+00:00,3.5,2013-12-26 05:16:00+00:00,0.0,0.0,,13.4,2013-12-26 05:19:00+00:00,3.7,202.5,1440,563,128.6829,37.4634
2013-12-27,-5.6,-9.5,2013-12-27 13:45:00+00:00,-2.6,2013-12-26 15:01:00+00:00,0.0,0.0,,12.9,2013-12-27 06:46:00+00:00,3.3,216.6,1435,563,128.6829,37.4634
2013-12-28,-8.5,-13.5,2013-12-27 23:19:00+00:00,-2.6,2013-12-28 05:05:00+00:00,0.0,0.0,,13.2,2013-12-28 05:09:00+00:00,2.9,233.4,1440,563,128.6829,37.4634
2013-12-29,-4.5,-10.2,2013-12-28 17:04:00+00:00,-1.0,2013-12-29 05:31:00+00:00,0.0,0.0,,19.9,2013-12-29 05:24:00+00:00,5.0,216.6,1440,563,128.6829,37.4634
2013-12-30,1.6,-2.1,2013-12-29 15:27:00+00:00,5.1,2013-12-30 04:39:00+00:00,0.0,0.0,,16.0,2013-12-30 06:20:00+00:00,6.2,210.9,1439,563,128.6829,37.4634
2013-12-31,2.6,-0.1,2013-12-30 18:17:00+00:00,5.2,2013-12-31 05:40:00+00:00,0.0,0.0,,18.0,2013-12-31 14:13:00+00:00,6.3,227.8,1440,563,128.6829,37.4634
