dt,ta,tn,tn_at,tx,tx_at,rn,rx_1hr,rx_1hr_at,wx,wx_at,wa,wd_wx,nmin,code,x,y
2002-01-01,1.4,-1.1,2002-01-01 09:54:00+00:00,6.6,2001-12-31 18:10:00+00:00,0.0,,,17.1,,5.5,284.7,1422,708,126.7333,35.1167
2002-01-02,-3.5,-5.0,2002-01-02 14:40:00+00:00,-0.2,2002-01-01 15:05:00+00:00,0.5,,,14.2,,2.8,304.0,1417,708,126.7333,35.1167
2002-01-03,-2.4,-9.3,2002-01-02 22:03:00+00:00,4.1,2002-01-03 05:23:00+00:00,1.0,,,5.2,,1.1,325.3,1416,708,126.7333,35.1167
2002-01-04,4.7,-2.6,2002-01-03 18:24:00+00:00,11.0,2002-01-04 04:57:00+00:00,0.0,,,9.6,,1.9,279.8,1419,708,126.7333,35.1167
2002-01-05,2.8,-2.8,2002-01-05 14:40:00+00:00,6.8,2002-01-05 04:19:00+00:00,0.0,,,12.7,,3.4,291.1,1416,708,126.7333,35.1167
2002-01-06,1.9,-6.2,2002-01-05 22:15:00+00:00,10.1,2002-01-06 06:53:00+00:00,0.0,,,3.9,,0.9,90.0,1418,708,126.7333,35.1167
2002-01-07,1.7,-2.1,2002-01-07 12:25:00+00:00,6.4,2002-01-06 21:36:00+00:00,1.5,,,17.4,,5.4,280.1,1431,708,126.7333,35.1167
2002-01-08,-0.5,-2.4,2002-01-07 18:24:00+00:00,1.5,2002-01-08 03:06:00+00:00,0.5,,,17.7,,6.0,286.2,1431,708,126.7333,35.1167
2002-01-09,1.2,-3.1,2002-01-09 13:39:00+00:00,5.9,2002-01-09 06:22:00+00:00,0.5,,,8.5,,2.5,284.6,1432,708,126.7333,35.1167
2002-01-10,3.9,-4.5,2002-01-09 17:08:00+00:00,12.1,2002-01-10 06:48:00+00:00,0.0,,,3.5,,0.9,14.2,1434,708,126.7333,35.1167
2002-01-11,3.6,-1.9,2002-01-10 19:57:00+00:00,12.2,2002-01-11 06:35:00+00:00,0.0,,,3.1,,0.8,278.6,1434,708,126.7333,35.1167
2002-01-12,5.3,-2.8,2002-01-11 22:45:00+00:00,13.6,2002-01-12 05:07:00+00:00,0.0,,,2.6,,0.7,289.1,1433,708,126.7333,35.1167
2002-01-13,9.2,3.7,2002-01-12 20:00:00+00:00,14.0,2002-01-13 06:15:00+00:00,0.5,,,4.0,,1.2,40.8,1436,708,126.7333,35.1167
2002-01-14,12.6,9.0,2002-01-13 20:41:00+00:00,16.0,2002-01-14 04:21:00+00:00,2.0,,,8.3,,2.2,94.3,1431,708,126.7333,35.1167
2002-01-15,15.7,12.2,2002-01-14 15:42:00+00:00,17.2,2002-01-15 04:40:00+00:00,48.0,,,5.9,,1.1,154.1,1429,708,126.7333,35.1167
2002-01-16,8.2,5.3,2002-01-16 14:53:00+00:00,15.3,2002-01-15 15:01:00+00:00,12.5,,,9.9,,3.5,275.8,1291,708,126.7333,35.1167
2002-01-17,4.3,1.6,2002-01-17 14:07:00+00:00,7.3,2002-01-17 05:14:00+00:00,0.0,,,8.3,,3.0,281.9,1432,708,126.7333,35.1167
2002-01-18,3.8,-0.6,2002-01-17 21:44:00+00:00,9.6,2002-01-18 05:29:00+00:00,0.0,,,5.6,,1.5,19.0,1430,708,126.7333,35.1167
2002-01-19,7.3,1.5,2002-01-18 16:36:00+00:00,13.6,2002-01-19 06:01:00+00:00,0.0,,,7.7,,1.5,281.4,1431,708,126.7333,35.1167
2002-01-20,4.2,2.4,2002-01-19 18:17:00+00:00,8.1,2002-01-20 04:27:00+00:00,4.0,,,5.8,,1.7,295.2,1432,708,126.7333,35.1167
2002-01-21,2.4,0.4,2002-01-20 20:53:00+00:00,5.8,2002-01-21 04:14:00+00:00,0.0,,,14.3,,3.7,289.4,1385,708,126.7333,35.1167
2002-01-22,0.0,-1.8,2002-01-22 14:49:00+00:00,2.8,2002-01-22 05:29:00+00:00,0.5,,,16.2,,4.6,290.2,1435,708,126.7333,35.1167
2002-01-23,-0.5,-2.3,2002-01-22 19:20:00+00:00,2.4,2002-01-23 04:40:00+00:00,1.0,,,10.7,,2.8,276.4,1425,708,126.7333,35.1167
2002-01-24,0.2,-3.8,2002-01-23 22:43:00+00:00,4.6,2002-01-24 06:07:00+00:00,0.0,,,10.1,,2.2,281.8,1433,708,126.7333,35.1167
2002-01-25,0.2,-5.5,2002-01-24 22:03:00+00:00,5.9,2002-01-25 06:11:00+00:00,0.0,,,3.9,,0.9,122.4,1316,708,126.7333,35.1167
2002-01-26,2.5,0.5,2002-01-25 15:04:00+00:00,4.2,2002-01-26 03:19:00+00:00,3.5,,,11.8,,2.6,294.7,1433,708,126.7333,35.1167
2002-01-27,2.1,0.1,2002-01-26 22:29:00+00:00,3.4,2002-01-27 04:42:00+00:00,0.0,,,12.1,,3.5,290.8,1429,708,126.7333,35.1167
2002-01-28,1.1,-1.4,2002-01-28 13:44:00+00:00,3.2,2002-01-28 03:19:00+00:00,0.0,,,12.3,,4.1,279.6,1431,708,126.7333,35.1167
2002-01-29,0.0,-3.0,2002-01-28 22:33:00+00:00,4.2,2002-01-29 05:49:00+00:00,0.0,,,10.6,,2.1,277.0,1432,708,126.7333,35.1167
2002-01-30,2.0,-2.6,2002-01-29 17:43:00+00:00,6.0,2002-01-30 04:29:00+00:00,0.0,,,11.7,,3.3,280.5,1432,708,126.7333,35.1167
2002-01-31,0.6,-3.1,2002-01-31 14:25:00+00:00,4.9,2002-01-31 06:20:00+00:00,0.0,,,10.8,,2.5,285.1,1435,708,126.7333,35.1167
2002-02-01,0.7,-5.9,2002-01-31 22:22:00+00:00,9.1,2002-02-01 07:20:00+00:00,0.0,,,3.8,,1.0,282.7,1429,708,126.7333,35.1167
2002-02-02,2.3,-4.1,2002-02-01 22:29:00+00:00,10.8,2002-02-02 05:45:00+00:00,0.0,,,5.8,,1.4,295.0,1427,708,126.7333,35.1167
2002-02-03,2.0,-5.5,2002-02-02 23:13:00+00:00,12.1,2002-02-03 06:13:00+00:00,0.0,,,8.7,,1.2,284.4,1431,708,126.7333,35.1167
2002-02-04,3.3,-3.3,2002-02-03 21:48:00+00:00,9.4,2002-02-04 07:44:00+00:00,0.0,,,3.4,,0.8,271.5,1433,708,126.7333,35.1167
2002-02-05,5.5,0.0,2002-02-05 14:56:00+00:00,12.4,2002-02-05 04:35:00+00:00,0.0,,,11.0,,2.3,290.9,1432,708,126.7333,35.1167
2002-02-06,4.2,-4.5,2002-02-05 22:49:00+00:00,12.7,2002-02-06 06:31:00+00:00,0.0,,,6.4,,1.0,186.0,1436,708,126.7333,35.1167
2002-02-07,5.0,-1.2,2002-02-07 14:41:00+00:00,11.5,2002-02-07 05:04:00+00:00,0.0,,,10.4,,2.9,288.7,1432,708,126.7333,35.1167
2002-02-08,2.8,-3.6,2002-02-07 22:36:00+00:00,10.4,2002-02-08 04:19:00+00:00,0.0,,,10.9,,2.5,287.5,1433,708,126.7333,35.1167
2002-02-09,0.6,-2.2,2002-02-08 19:12:00+00:00,4.8,2002-02-09 06:23:00+00:00,0.0,,,13.9,,4.1,284.1,1273,708,126.7333,35.1167
2002-02-10,0.9,-4.9,2002-02-09 22:13:00+00:00,5.7,2002-02-10 03:33:00+00:00,0.5,,,12.6,,2.5,276.1,1434,708,126.7333,35.1167
2002-02-11,1.8,-2.6,2002-02-10 22:54:00+00:00,6.2,2002-02-11 02:49:00+00:00,0.0,,,17.2,,4.3,274.1,1433,708,126.7333,35.1167
2002-02-12,1.8,-4.5,2002-02-11 22:29:00+00:00,7.2,2002-02-12 05:53:00+00:00,0.0,,,9.3,,2.0,283.7,1431,708,126.7333,35.1167
2002-02-13,2.5,-1.9,2002-02-12 21:39:00+00:00,9.3,2002-02-13 04:15:00+00:00,0.0,,,13.4,,2.6,289.6,1431,708,126.7333,35.1167
2002-02-14,1.6,-4.4,2002-02-13 22:20:00+00:00,7.5,2002-02-14 05:57:00+00:00,0.0,,,10.3,,2.8,277.8,1432,708,126.7333,35.1167
2002-02-15,1.7,-5.1,2002-02-14 21:53:00+00:00,9.4,2002-02-15 05:41:00+00:00,0.0,,,8.6,,2.1,296.4,1437,708,126.7333,35.1167
2002-02-16,3.5,-4.2,2002-02-15 22:42:00+00:00,12.2,2002-02-16 06:54:00+00:00,0.0,,,5.3,,1.5,284.1,1432,708,126.7333,35.1167
2002-02-17,4.3,1.3,2002-02-17 14:52:00+00:00,11.9,2002-02-17 04:31:00+00:00,0.0,,,14.1,,2.9,282.5,1433,708,126.7333,35.1167
2002-02-18,0.9,-1.4,2002-02-18 11:08:00+00:00,3.3,2002-02-18 03:56:00+00:00,0.0,,,16.4,,5.4,292.0,1435,708,126.7333,35.1167
2002-02-19,0.9,-2.9,2002-02-19 14:15:00+00:00,5.1,2002-02-19 04:42:00+00:00,0.0,,,12.4,,4.1,283.2,1432,708,126.7333,35.1167
2002-02-20,1.6,-7.4,2002-02-19 21:46:00+00:00,11.6,2002-02-20 06:35:00+00:00,0.0,,,8.2,,1.9,276.1,1431,708,126.7333,35.1167
2002-02-21,1.8,-3.3,2002-02-20 18:03:00+00:00,5.3,2002-02-21 13:44:00+00:00,9.5,,,3.9,,1.0,280.4,1434,708,126.7333,35.1167
2002-02-22,4.2,-1.1,2002-02-21 22:17:00+00:00,10.3,2002-02-22 05:20:00+00:00,0.0,,,9.8,,2.3,286.7,1434,708,126.7333,35.1167
2002-02-23,4.1,-0.9,2002-02-22 17:09:00+00:00,9.8,2002-02-23 05:21:00+00:00,0.0,,,11.0,,2.8,280.2,1430,708,126.7333,35.1167
2002-02-24,4.4,-3.5,2002-02-23 22:07:00+00:00,14.3,2002-02-24 06:44:00+00:00,0.0,,,7.4,,1.6,305.4,1433,708,126.7333,35.1167
2002-02-25,6.5,-1.7,2002-02-24 22:06:00+00:00,13.7,2002-02-25 04:47:00+00:00,0.0,,,9.0,,1.9,168.0,1425,708,126.7333,35.1167
2002-02-26,7.6,3.1,2002-02-26 14:23:00+00:00,14.3,2002-02-26 04:42:00+00:00,0.0,,,4.9,,1.5,203.2,1395,708,126.7333,35.1167
2002-02-27,6.1,1.1,2002-02-26 19:41:00+00:00,10.7,2002-02-27 05:53:00+00:00,1.5,,,6.1,,1.3,276.1,1428,708,126.7333,35.1167
2002-02-28,7.0,1.7,2002-02-27 21:31:00+00:00,13.8,2002-02-28 05:46:00+00:00,0.0,,,9.3,,2.5,297.5,1430,708,126.7333,35.1167
2002-03-01,6.3,-2.0,2002-02-28 21:50:00+00:00,15.7,2002-03-01 07:14:00+00:00,0.0,,,5.5,,1.3,279.5,1434,708,126.7333,35.1167
2002-03-02,6.9,1.6,2002-03-01 21:39:00+00:00,16.2,2002-03-02 06:06:00+00:00,0.0,,,11.4,,2.0,278.0,1433,708,126.7333,35.1167
2002-03-03,4.6,-0.8,2002-03-02 21:54:00+00:00,11.1,2002-03-03 04:16:00+00:00,0.0,,,9.5,,2.5,289.9,1433,708,126.7333,35.1167
2002-03-04,6.3,-2.7,2002-03-03 22:12:00+00:00,15.7,2002-03-04 05:41:00+00:00,0.5,,,6.4,,1.3,205.2,1432,708,126.7333,35.1167
2002-03-05,4.9,3.0,2002-03-05 14:53:00+00:00,6.9,2002-03-05 06:14:00+00:00,10.5,,,8.0,,2.4,289.4,1421,708,126.7333,35.1167
2002-03-06,4.1,1.9,2002-03-06 14:39:00+00:00,6.3,2002-03-06 02:22:00+00:00,0.5,,,14.2,,5.1,277.1,1410,708,126.7333,35.1167
2002-03-07,2.7,-1.7,2002-03-07 14:59:00+00:00,7.1,2002-03-07 04:50:00+00:00,0.0,,,12.0,,4.0,289.1,1414,708,126.7333,35.1167
2002-03-08,4.1,-4.6,2002-03-07 21:05:00+00:00,13.0,2002-03-08 06:37:00+00:00,0.0,,,7.8,,1.4,287.1,1414,708,126.7333,35.1167
2002-03-09,9.0,-1.1,2002-03-08 20:59:00+00:00,17.4,2002-03-09 06:07:00+00:00,0.0,,,8.8,,2.2,154.0,1410,708,126.7333,35.1167
2002-03-10,9.4,3.1,2002-03-09 15:00:00+00:00,13.2,2002-03-10 04:05:00+00:00,0.0,,,9.8,,3.3,270.3,1421,708,126.7333,35.1167
2002-03-11,6.8,-1.9,2002-03-10 21:51:00+00:00,15.5,2002-03-11 05:24:00+00:00,0.0,,,8.6,,2.3,278.4,1418,708,126.7333,35.1167
2002-03-12,7.7,-1.1,2002-03-11 19:46:00+00:00,18.3,2002-03-12 05:41:00+00:00,0.0,,,6.3,,1.6,287.1,1420,708,126.7333,35.1167
2002-03-13,11.3,-0.4,2002-03-12 20:25:00+00:00,21.7,2002-03-13 05:13:00+00:00,0.0,,,8.6,,1.8,151.2,1412,708,126.7333,35.1167
2002-03-14,10.5,7.9,2002-03-13 18:49:00+00:00,12.6,2002-03-14 10:11:00+00:00,12.0,,,9.2,,1.9,0.0,1410,708,126.7333,35.1167
2002-03-15,8.7,4.4,2002-03-15 14:44:00+00:00,12.7,2002-03-15 04:43:00+00:00,0.0,,,11.7,,3.2,273.8,1418,708,126.7333,35.1167
2002-03-16,9.5,1.0,2002-03-15 22:22:00+00:00,18.4,2002-03-16 04:34:00+00:00,0.0,,,8.0,,1.7,193.8,1423,708,126.7333,35.1167
2002-03-17,11.3,3.7,2002-03-16 21:31:00+00:00,19.3,2002-03-17 05:01:00+00:00,0.0,,,9.6,,1.7,289.9,1421,708,126.7333,35.1167
2002-03-18,8.9,2.4,2002-03-18 14:14:00+00:00,14.8,2002-03-18 03:23:00+00:00,0.0,,,14.5,,3.5,272.3,1417,708,126.7333,35.1167
2002-03-19,9.3,-1.1,2002-03-18 21:05:00+00:00,18.3,2002-03-19 05:14:00+00:00,0.0,,,10.5,,2.0,223.6,1433,708,126.7333,35.1167
2002-03-20,13.6,3.7,2002-03-19 22:08:00+00:00,21.8,2002-03-20 04:31:00+00:00,0.0,,,13.2,,2.9,140.9,1433,708,126.7333,35.1167
2002-03-21,10.6,7.4,2002-03-20 22:11:00+00:00,17.3,2002-03-20 16:17:00+00:00,6.5,,,19.0,,4.5,282.6,1428,708,126.7333,35.1167
2002-03-22,7.3,3.6,2002-03-22 14:55:00+00:00,10.0,2002-03-22 06:41:00+00:00,1.0,,,12.1,,2.9,285.5,1415,708,126.7333,35.1167
2002-03-23,7.0,1.5,2002-03-22 21:42:00+00:00,12.0,2002-03-23 04:19:00+00:00,0.0,,,12.3,,3.2,284.6,1429,708,126.7333,35.1167
2002-03-24,6.0,-1.1,2002-03-23 21:36:00+00:00,13.3,2002-03-24 05:19:00+00:00,0.0,,,6.8,,1.5,290.5,1435,708,126.7333,35.1167
2002-03-25,8.5,-0.2,2002-03-24 21:55:00+00:00,18.1,2002-03-25 06:11:00+00:00,0.0,,,7.1,,1.4,282.9,1429,708,126.7333,35.1167
2002-03-26,10.8,2.0,2002-03-25 20:08:00+00:00,18.1,2002-03-26 06:11:00+00:00,0.0,,,9.6,,1.7,301.5,1422,708,126.7333,35.1167
2002-03-27,11.6,6.0,2002-03-27 14:40:00+00:00,16.9,2002-03-27 07:49:00+00:00,0.0,,,11.1,,3.7,297.6,1435,708,126.7333,35.1167
2002-03-28,12.2,3.7,2002-03-27 20:42:00+00:00,20.5,2002-03-28 05:54:00+00:00,0.5,,,11.7,,3.0,97.3,1436,708,126.7333,35.1167
2002-03-29,12.2,7.1,2002-03-29 14:59:00+00:00,19.1,2002-03-29 05:19:00+00:00,4.5,,,11.5,,3.4,281.9,1429,708,126.7333,35.1167
2002-03-30,12.1,5.7,2002-03-29 15:46:00+00:00,22.1,2002-03-30 05:25:00+00:00,1.0,,,11.5,,1.7,279.4,1428,708,126.7333,35.1167
2002-03-31,11.4,7.3,2002-03-31 14:36:00+00:00,17.6,2002-03-31 05:04:00+00:00,0.0,,,9.0,,2.4,280.1,1433,708,126.7333,35.1167
2002-04-01,13.7,3.9,2002-03-31 20:26:00+00:00,25.2,2002-04-01 05:02:00+00:00,0.0,,,6.5,,1.3,183.6,1429,708,126.7333,35.1167
2002-04-02,16.2,5.3,2002-04-01 21:24:00+00:00,25.2,2002-04-02 04:31:00+00:00,0.0,,,8.1,,1.7,202.6,1430,708,126.7333,35.1167
2002-04-03,17.1,12.5,2002-04-03 14:38:00+00:00,22.9,2002-04-03 06:31:00+00:00,0.0,,,8.1,,2.7,278.9,1430,708,126.7333,35.1167
2002-04-04,15.0,7.0,2002-04-03 21:53:00+00:00,24.8,2002-04-04 06:28:00+00:00,0.0,,,8.9,,2.0,121.6,1427,708,126.7333,35.1167
2002-04-05,15.6,5.2,2002-04-04 21:20:00+00:00,23.1,2002-04-05 04:53:00+00:00,0.5,,,15.3,,5.2,93.7,1435,708,126.7333,35.1167
2002-04-06,15.3,12.6,2002-04-06 14:21:00+00:00,17.6,2002-04-06 02:03:00+00:00,70.5,,,13.4,,3.8,94.1,1428,708,126.7333,35.1167
2002-04-07,14.3,10.8,2002-04-07 14:59:00+00:00,20.9,2002-04-07 06:38:00+00:00,0.0,,,10.0,,2.7,283.0,1421,708,126.7333,35.1167
2002-04-08,11.2,8.1,2002-04-07 19:30:00+00:00,15.9,2002-04-08 04:54:00+00:00,0.0,,,9.3,,3.0,279.1,1432,708,126.7333,35.1167
2002-04-09,8.9,4.8,2002-04-08 21:58:00+00:00,13.9,2002-04-09 05:03:00+00:00,0.0,,,11.0,,2.8,277.4,1432,708,126.7333,35.1167
2002-04-10,9.7,3.5,2002-04-09 19:46:00+00:00,16.2,2002-04-10 04:44:00+00:00,0.0,,,9.3,,1.9,283.3,1426,708,126.7333,35.1167
2002-04-11,10.3,3.0,2002-04-10 20:43:00+00:00,17.5,2002-04-11 04:55:00+00:00,0.0,,,5.9,,1.3,242.6,1429,708,126.7333,35.1167
2002-04-12,12.4,7.1,2002-04-11 21:30:00+00:00,18.9,2002-04-12 05:46:00+00:00,0.0,,,12.9,,3.0,193.7,1434,708,126.7333,35.1167
2002-04-13,13.4,5.2,2002-04-12 21:07:00+00:00,20.4,2002-04-13 06:06:00+00:00,0.0,,,7.8,,2.0,87.8,1432,708,126.7333,35.1167
2002-04-14,18.1,11.3,2002-04-13 19:24:00+00:00,22.8,2002-04-14 02:05:00+00:00,0.0,,,18.0,,5.3,157.2,1430,708,126.7333,35.1167
2002-04-15,18.2,15.9,2002-04-14 15:58:00+00:00,20.0,2002-04-15 06:42:00+00:00,2.5,,,11.7,,4.2,86.9,1424,708,126.7333,35.1167
2002-04-16,16.2,10.6,2002-04-16 13:51:00+00:00,20.6,2002-04-15 22:47:00+00:00,21.5,,,19.9,,4.8,163.4,1433,708,126.7333,35.1167
2002-04-17,11.8,8.2,2002-04-16 21:41:00+00:00,16.1,2002-04-17 02:12:00+00:00,0.0,,,12.2,,3.5,280.7,1429,708,126.7333,35.1167
2002-04-18,10.6,3.5,2002-04-17 20:27:00+00:00,16.9,2002-04-18 06:27:00+00:00,0.0,,,9.9,,2.1,286.5,1432,708,126.7333,35.1167
2002-04-19,12.6,3.5,2002-04-18 21:12:00+00:00,21.8,2002-04-19 04:58:00+00:00,0.0,,,8.0,,1.6,166.9,1430,708,126.7333,35.1167
2002-04-20,14.7,6.0,2002-04-19 21:26:00+00:00,22.7,2002-04-20 03:33:00+00:00,0.0,,,8.0,,1.6,127.3,1428,708,126.7333,35.1167
2002-04-21,19.4,11.9,2002-04-20 19:11:00+00:00,28.2,2002-04-21 05:49:00+00:00,0.5,,,8.9,,1.9,264.9,1431,708,126.7333,35.1167
2002-04-22,20.1,12.1,2002-04-21 19:49:00+00:00,28.5,2002-04-22 04:52:00+00:00,0.5,,,10.1,,2.7,152.2,1430,708,126.7333,35.1167
2002-04-23,18.1,11.8,2002-04-23 14:58:00+00:00,24.0,2002-04-23 06:47:00+00:00,4.0,,,14.0,,3.7,279.0,1429,708,126.7333,35.1167
2002-04-24,10.9,7.0,2002-04-24 12:57:00+00:00,16.0,2002-04-24 02:57:00+00:00,0.0,,,15.4,,5.0,295.4,1431,708,126.7333,35.1167
2002-04-25,11.4,6.3,2002-04-24 19:45:00+00:00,19.9,2002-04-25 05:23:00+00:00,0.0,,,9.9,,2.3,274.6,1430,708,126.7333,35.1167
2002-04-26,13.2,4.3,2002-04-25 21:03:00+00:00,21.8,2002-04-26 08:04:00+00:00,0.0,,,7.6,,1.2,291.1,1415,708,126.7333,35.1167
2002-04-27,15.8,9.6,2002-04-26 18:05:00+00:00,22.8,2002-04-27 07:08:00+00:00,0.0,,,6.0,,1.2,94.5,1431,708,126.7333,35.1167
2002-04-28,15.2,9.1,2002-04-27 18:58:00+00:00,20.5,2002-04-28 02:45:00+00:00,0.0,,,10.5,,2.5,126.1,1426,708,126.7333,35.1167
2002-04-29,17.6,14.7,2002-04-28 20:51:00+00:00,19.9,2002-04-29 10:59:00+00:00,5.5,,,12.3,,4.0,107.1,1428,708,126.7333,35.1167
2002-04-30,18.2,16.2,2002-04-30 14:52:00+00:00,20.5,2002-04-29 16:54:00+00:00,14.0,,,13.3,,3.2,121.9,1432,708,126.7333,35.1167
2002-05-01,16.3,13.6,2002-05-01 14:59:00+00:00,19.6,2002-05-01 07:10:00+00:00,4.0,,,4.6,,1.1,105.0,1427,708,126.7333,35.1167
2002-05-02,18.2,10.0,2002-05-01 20:02:00+00:00,25.2,2002-05-02 05:52:00+00:00,0.0,,,9.5,,2.6,111.1,1291,708,126.7333,35.1167
2002-05-03,16.7,13.6,2002-05-02 20:07:00+00:00,19.6,2002-05-03 06:52:00+00:00,8.5,,,4.4,,0.8,81.2,1415,708,126.7333,35.1167
2002-05-04,19.4,14.8,2002-05-03 19:47:00+00:00,26.2,2002-05-04 05:38:00+00:00,0.0,,,9.9,,3.0,323.2,1413,708,126.7333,35.1167
2002-05-05,18.3,12.0,2002-05-04 20:46:00+00:00,23.1,2002-05-05 05:01:00+00:00,0.0,,,4.1,,0.8,96.4,1417,708,126.7333,35.1167
2002-05-06,14.9,11.7,2002-05-06 14:18:00+00:00,18.5,2002-05-06 02:18:00+00:00,5.5,,,9.1,,2.3,134.4,1415,708,126.7333,35.1167
2002-05-07,14.0,11.9,2002-05-06 18:04:00+00:00,16.5,2002-05-07 03:48:00+00:00,16.0,,,12.1,,3.3,145.3,1415,708,126.7333,35.1167
2002-05-08,16.0,12.5,2002-05-07 16:28:00+00:00,20.6,2002-05-08 06:36:00+00:00,0.0,,,5.0,,0.9,317.2,1417,708,126.7333,35.1167
2002-05-09,17.5,14.6,2002-05-08 20:27:00+00:00,22.6,2002-05-09 04:14:00+00:00,0.0,,,5.0,,1.2,325.3,1424,708,126.7333,35.1167
2002-05-10,16.6,12.9,2002-05-09 19:58:00+00:00,23.8,2002-05-10 07:10:00+00:00,0.0,,,7.0,,1.7,314.3,1415,708,126.7333,35.1167
2002-05-11,16.9,12.4,2002-05-10 19:06:00+00:00,25.4,2002-05-11 06:50:00+00:00,0.0,,,6.5,,1.6,297.2,1412,708,126.7333,35.1167
2002-05-12,17.0,12.4,2002-05-11 18:40:00+00:00,27.0,2002-05-12 05:07:00+00:00,0.0,,,11.1,,1.9,324.1,1421,708,126.7333,35.1167
2002-05-13,19.3,11.0,2002-05-12 20:29:00+00:00,27.9,2002-05-13 06:20:00+00:00,0.0,,,6.0,,1.6,326.5,1420,708,126.7333,35.1167
2002-05-14,18.3,14.7,2002-05-14 14:50:00+00:00,23.6,2002-05-14 04:04:00+00:00,7.0,,,8.8,,2.0,137.2,1414,708,126.7333,35.1167
2002-05-15,16.4,14.1,2002-05-14 17:15:00+00:00,18.9,2002-05-15 07:48:00+00:00,36.5,,,7.8,,2.9,45.0,1406,708,126.7333,35.1167
2002-05-16,15.9,14.7,2002-05-15 21:50:00+00:00,18.3,2002-05-16 05:01:00+00:00,4.0,,,7.1,,1.8,126.2,1409,708,126.7333,35.1167
2002-05-17,15.4,14.5,2002-05-17 13:46:00+00:00,16.2,2002-05-17 03:12:00+00:00,2.0,,,7.8,,2.5,129.8,1416,708,126.7333,35.1167
2002-05-18,16.2,14.2,2002-05-17 20:16:00+00:00,20.7,2002-05-18 04:22:00+00:00,0.5,,,6.0,,1.6,320.1,1422,708,126.7333,35.1167
2002-05-19,16.7,13.4,2002-05-18 20:26:00+00:00,22.7,2002-05-19 05:49:00+00:00,0.0,,,8.7,,2.7,318.7,1415,708,126.7333,35.1167
2002-05-20,18.1,10.3,2002-05-19 19:45:00+00:00,27.5,2002-05-20 05:12:00+00:00,0.0,,,9.8,,2.4,341.3,1417,708,126.7333,35.1167
2002-05-21,20.2,12.4,2002-05-20 20:30:00+00:00,29.4,2002-05-21 05:43:00+00:00,0.0,,,7.5,,1.6,318.6,1405,708,126.7333,35.1167
2002-05-22,18.3,13.8,2002-05-21 22:49:00+00:00,25.3,2002-05-22 05:46:00+00:00,1.5,,,10.2,,2.7,319.9,1423,708,126.7333,35.1167
2002-05-23,20.0,10.8,2002-05-22 20:31:00+00:00,28.9,2002-05-23 05:41:00+00:00,0.0,,,15.4,,2.3,321.6,1337,708,126.7333,35.1167
2002-05-24,19.4,11.0,2002-05-23 20:22:00+00:00,27.4,2002-05-24 05:15:00+00:00,0.0,,,11.4,,2.8,318.2,1404,708,126.7333,35.1167
2002-05-25,19.9,10.5,2002-05-24 20:45:00+00:00,29.0,2002-05-25 06:16:00+00:00,0.0,,,10.8,,1.9,330.4,1415,708,126.7333,35.1167
2002-05-26,19.1,12.6,2002-05-25 20:00:00+00:00,26.0,2002-05-26 03:56:00+00:00,0.0,,,12.6,,2.6,317.2,1419,708,126.7333,35.1167
2002-05-27,18.8,10.2,2002-05-26 20:47:00+00:00,27.6,2002-05-27 06:00:00+00:00,0.0,,,8.3,,1.6,317.2,1419,708,126.7333,35.1167
2002-05-28,16.9,11.1,2002-05-27 20:48:00+00:00,24.6,2002-05-28 04:17:00+00:00,0.0,,,5.6,,1.1,251.5,1413,708,126.7333,35.1167
2002-05-29,20.3,11.1,2002-05-28 20:51:00+00:00,28.7,2002-05-29 06:16:00+00:00,0.0,,,6.6,,1.4,190.7,1402,708,126.7333,35.1167
2002-05-30,19.8,16.4,2002-05-30 14:50:00+00:00,23.8,2002-05-30 06:47:00+00:00,0.0,,,7.2,,1.9,236.6,1409,708,126.7333,35.1167
2002-05-31,19.6,14.3,2002-05-30 20:51:00+00:00,26.9,2002-05-31 06:49:00+00:00,0.0,,,5.9,,1.6,298.2,1407,708,126.7333,35.1167
2002-06-01,21.7,16.2,2002-05-31 19:02:00+00:00,30.2,2002-06-01 06:14:00+00:00,0.0,,,6.6,,1.8,326.4,1399,708,126.7333,35.1167
2002-06-02,22.0,18.2,2002-06-01 20:09:00+00:00,29.2,2002-06-02 05:32:00+00:00,3.5,,,8.1,,1.8,227.7,1407,708,126.7333,35.1167
2002-06-03,21.9,17.3,2002-06-03 14:22:00+00:00,29.7,2002-06-03 05:15:00+00:00,0.0,,,8.3,,2.2,323.5,1418,708,126.7333,35.1167
2002-06-04,21.8,14.4,2002-06-03 21:09:00+00:00,29.9,2002-06-04 05:14:00+00:00,0.0,,,7.7,,1.5,333.4,1409,708,126.7333,35.1167
2002-06-05,24.6,18.2,2002-06-04 19:18:00+00:00,33.7,2002-06-05 05:29:00+00:00,0.0,,,5.9,,1.3,319.0,1413,708,126.7333,35.1167
2002-06-06,25.4,17.5,2002-06-05 20:54:00+00:00,35.2,2002-06-06 06:18:00+00:00,0.0,,,8.5,,1.5,166.8,1419,708,126.7333,35.1167
2002-06-07,24.9,17.2,2002-06-06 20:29:00+00:00,33.7,2002-06-07 04:36:00+00:00,0.0,,,8.1,,1.8,320.1,1409,708,126.7333,35.1167
2002-06-08,22.5,17.6,2002-06-07 20:51:00+00:00,30.0,2002-06-08 05:26:00+00:00,0.0,,,8.8,,2.0,324.6,1248,708,126.7333,35.1167
2002-06-09,23.8,16.5,2002-06-08 20:56:00+00:00,31.4,2002-06-09 05:08:00+00:00,0.0,,,8.7,,2.1,136.2,1422,708,126.7333,35.1167
2002-06-10,22.9,19.0,2002-06-09 16:44:00+00:00,26.4,2002-06-10 07:42:00+00:00,33.5,,,13.3,,4.3,173.9,1411,708,126.7333,35.1167
2002-06-11,22.6,16.0,2002-06-11 13:32:00+00:00,27.8,2002-06-11 06:04:00+00:00,15.5,,,11.0,,2.7,324.7,1420,708,126.7333,35.1167
2002-06-12,22.4,12.8,2002-06-11 18:18:00+00:00,30.0,2002-06-12 05:54:00+00:00,0.0,,,13.6,,2.9,189.2,1420,708,126.7333,35.1167
2002-06-13,20.8,15.6,2002-06-13 14:59:00+00:00,26.6,2002-06-13 04:17:00+00:00,0.0,,,10.3,,3.3,318.7,1423,708,126.7333,35.1167
2002-06-14,20.5,14.0,2002-06-13 20:31:00+00:00,26.9,2002-06-14 05:22:00+00:00,0.0,,,8.1,,2.5,320.7,1427,708,126.7333,35.1167
2002-06-15,20.7,16.9,2002-06-14 18:32:00+00:00,27.4,2002-06-15 06:57:00+00:00,0.0,,,5.6,,1.0,161.9,1399,708,126.7333,35.1167
2002-06-16,21.8,16.5,2002-06-15 19:18:00+00:00,29.3,2002-06-16 05:21:00+00:00,0.0,,,6.2,,1.4,320.8,1417,708,126.7333,35.1167
2002-06-17,23.4,17.6,2002-06-16 20:19:00+00:00,31.0,2002-06-17 04:52:00+00:00,0.0,,,8.1,,1.7,317.2,1416,708,126.7333,35.1167
2002-06-18,23.1,17.3,2002-06-17 20:24:00+00:00,30.1,2002-06-18 05:27:00+00:00,0.0,,,6.2,,1.4,326.5,1422,708,126.7333,35.1167
2002-06-19,23.6,18.6,2002-06-18 19:48:00+00:00,29.8,2002-06-19 03:58:00+00:00,1.0,,,9.3,,2.3,154.9,1425,708,126.7333,35.1167
2002-06-20,24.0,19.3,2002-06-19 19:57:00+00:00,29.6,2002-06-20 06:02:00+00:00,1.0,,,10.1,,2.2,337.6,1408,708,126.7333,35.1167
2002-06-21,24.2,19.2,2002-06-20 20:39:00+00:00,31.0,2002-06-21 05:26:00+00:00,0.0,,,8.0,,2.4,319.2,1407,708,126.7333,35.1167
2002-06-22,23.8,17.7,2002-06-21 19:57:00+00:00,29.6,2002-06-22 05:12:00+00:00,0.0,,,8.4,,2.4,128.2,1418,708,126.7333,35.1167
2002-06-23,19.7,17.0,2002-06-23 14:55:00+00:00,22.3,2002-06-23 02:38:00+00:00,4.5,,,7.5,,2.7,140.6,1415,708,126.7333,35.1167
2002-06-24,16.7,15.3,2002-06-24 09:46:00+00:00,18.5,2002-06-24 02:55:00+00:00,39.5,,,10.9,,3.3,38.7,1419,708,126.7333,35.1167
2002-06-25,19.1,16.1,2002-06-24 15:40:00+00:00,24.0,2002-06-25 06:14:00+00:00,0.5,,,7.5,,1.9,37.2,1417,708,126.7333,35.1167
2002-06-26,19.8,16.0,2002-06-26 14:52:00+00:00,25.4,2002-06-26 04:25:00+00:00,0.0,,,6.5,,1.4,317.2,1420,708,126.7333,35.1167
2002-06-27,20.1,13.6,2002-06-26 19:50:00+00:00,28.2,2002-06-27 05:48:00+00:00,0.0,,,8.0,,1.7,323.9,1415,708,126.7333,35.1167
2002-06-28,21.6,14.2,2002-06-27 20:18:00+00:00,29.7,2002-06-28 05:33:00+00:00,0.0,,,9.0,,1.8,173.1,1417,708,126.7333,35.1167
2002-06-29,23.4,14.7,2002-06-28 20:31:00+00:00,31.5,2002-06-29 06:48:00+00:00,0.0,,,4.4,,1.3,51.1,1416,708,126.7333,35.1167
2002-06-30,24.1,21.1,2002-06-29 20:48:00+00:00,27.8,2002-06-30 05:20:00+00:00,0.0,,,4.3,,1.2,198.8,1423,708,126.7333,35.1167
2002-07-01,23.6,21.7,2002-06-30 20:26:00+00:00,27.8,2002-07-01 02:05:00+00:00,0.0,,,7.5,,2.3,156.5,1422,708,126.7333,35.1167
2002-07-02,24.4,21.2,2002-07-01 20:13:00+00:00,27.8,2002-07-02 06:04:00+00:00,0.0,,,4.5,,1.2,164.2,1416,708,126.7333,35.1167
2002-07-03,26.9,22.4,2002-07-02 19:34:00+00:00,32.7,2002-07-03 04:45:00+00:00,0.0,,,7.0,,1.4,320.2,1415,708,126.7333,35.1167
2002-07-04,26.7,22.9,2002-07-03 20:09:00+00:00,32.1,2002-07-04 02:49:00+00:00,0.0,,,4.9,,1.2,157.8,1407,708,126.7333,35.1167
2002-07-05,23.6,22.7,2002-07-05 04:10:00+00:00,25.2,2002-07-05 10:02:00+00:00,50.5,,,15.4,,5.0,135.6,1398,708,126.7333,35.1167
2002-07-06,21.6,20.6,2002-07-05 20:08:00+00:00,23.7,2002-07-06 04:41:00+00:00,2.0,,,17.0,,5.4,127.1,1402,708,126.7333,35.1167
2002-07-07,23.8,20.8,2002-07-06 20:42:00+00:00,28.2,2002-07-07 03:30:00+00:00,0.0,,,7.8,,2.7,184.4,1413,708,126.7333,35.1167
2002-07-08,21.1,19.6,2002-07-08 11:03:00+00:00,23.5,2002-07-08 02:28:00+00:00,7.0,,,5.6,,1.4,134.5,1421,708,126.7333,35.1167
2002-07-09,24.2,19.9,2002-07-08 16:21:00+00:00,29.8,2002-07-09 08:29:00+00:00,9.5,,,6.1,,1.4,318.1,1419,708,126.7333,35.1167
2002-07-10,25.3,20.9,2002-07-09 19:53:00+00:00,30.8,2002-07-10 05:51:00+00:00,0.0,,,7.3,,2.0,319.4,1390,708,126.7333,35.1167
2002-07-11,23.7,21.3,2002-07-11 14:39:00+00:00,27.8,2002-07-11 05:31:00+00:00,0.0,,,4.4,,1.3,244.3,1404,708,126.7333,35.1167
2002-07-12,25.0,20.5,2002-07-11 16:25:00+00:00,32.0,2002-07-12 06:08:00+00:00,0.0,,,6.0,,1.3,158.5,1418,708,126.7333,35.1167
2002-07-13,25.6,20.1,2002-07-12 18:08:00+00:00,32.0,2002-07-13 07:29:00+00:00,3.5,,,7.6,,1.9,160.8,1422,708,126.7333,35.1167
2002-07-14,25.9,24.3,2002-07-14 00:23:00+00:00,28.5,2002-07-14 05:14:00+00:00,2.0,,,10.9,,2.6,210.6,1418,708,126.7333,35.1167
2002-07-15,27.2,23.9,2002-07-14 18:17:00+00:00,33.4,2002-07-15 06:02:00+00:00,5.5,,,5.4,,1.2,190.5,1422,708,126.7333,35.1167
2002-07-16,27.3,22.5,2002-07-16 14:59:00+00:00,33.6,2002-07-16 04:41:00+00:00,0.0,,,6.6,,2.0,324.7,1416,708,126.7333,35.1167
2002-07-17,24.4,20.4,2002-07-17 14:57:00+00:00,30.6,2002-07-17 05:12:00+00:00,0.0,,,6.4,,2.3,321.6,1416,708,126.7333,35.1167
2002-07-18,24.2,18.4,2002-07-17 20:02:00+00:00,29.7,2002-07-18 04:02:00+00:00,0.0,,,4.9,,1.2,138.9,1409,708,126.7333,35.1167
2002-07-19,23.7,22.1,2002-07-18 23:25:00+00:00,27.3,2002-07-19 04:43:00+00:00,44.0,,,7.6,,2.3,49.9,1418,708,126.7333,35.1167
2002-07-20,24.5,19.6,2002-07-19 19:34:00+00:00,31.4,2002-07-20 04:46:00+00:00,19.0,,,5.8,,1.4,162.9,1422,708,126.7333,35.1167
2002-07-21,25.4,22.1,2002-07-20 16:47:00+00:00,30.1,2002-07-21 05:38:00+00:00,7.0,,,6.7,,1.5,194.4,1418,708,126.7333,35.1167
2002-07-22,24.6,22.7,2002-07-21 22:50:00+00:00,27.7,2002-07-22 04:11:00+00:00,27.5,,,10.3,,2.1,143.8,1407,708,126.7333,35.1167
2002-07-23,26.5,22.7,2002-07-22 20:56:00+00:00,31.2,2002-07-23 03:10:00+00:00,0.0,,,8.3,,2.8,182.5,1418,708,126.7333,35.1167
2002-07-24,27.4,23.7,2002-07-23 17:42:00+00:00,33.8,2002-07-24 06:42:00+00:00,0.0,,,5.7,,1.3,190.4,1418,708,126.7333,35.1167
2002-07-25,29.2,22.1,2002-07-24 20:49:00+00:00,36.0,2002-07-25 06:40:00+00:00,0.0,,,7.3,,1.9,329.9,1409,708,126.7333,35.1167
2002-07-26,27.2,24.8,2002-07-26 07:47:00+00:00,30.3,2002-07-26 03:15:00+00:00,13.0,,,12.4,,3.2,106.0,1421,708,126.7333,35.1167
2002-07-27,30.4,27.2,2002-07-26 20:47:00+00:00,35.0,2002-07-27 06:43:00+00:00,0.0,,,14.2,,5.4,127.2,1413,708,126.7333,35.1167
2002-07-28,27.8,25.4,2002-07-28 14:58:00+00:00,31.7,2002-07-28 04:38:00+00:00,0.0,,,10.3,,3.4,137.9,1416,708,126.7333,35.1167
2002-07-29,26.6,23.6,2002-07-28 22:20:00+00:00,31.8,2002-07-29 07:28:00+00:00,0.0,,,6.0,,1.6,146.1,1412,708,126.7333,35.1167
2002-07-30,27.8,24.6,2002-07-29 20:58:00+00:00,33.9,2002-07-30 06:32:00+00:00,0.0,,,5.4,,1.6,311.8,1420,708,126.7333,35.1167
2002-07-31,28.3,24.5,2002-07-30 17:18:00+00:00,33.7,2002-07-31 05:45:00+00:00,0.0,,,6.8,,1.6,299.3,1424,708,126.7333,35.1167
2002-08-01,27.7,23.3,2002-07-31 20:08:00+00:00,34.3,2002-08-01 05:56:00+00:00,0.0,,,6.5,,1.3,232.3,1417,708,126.7333,35.1167
2002-08-02,27.3,22.7,2002-08-01 18:14:00+00:00,32.9,2002-08-02 04:51:00+00:00,0.0,,,7.5,,1.9,319.0,1412,708,126.7333,35.1167
2002-08-03,27.3,23.6,2002-08-02 16:22:00+00:00,33.5,2002-08-03 03:51:00+00:00,0.0,,,7.8,,1.7,319.1,1407,708,126.7333,35.1167
2002-08-04,27.6,24.2,2002-08-03 18:21:00+00:00,32.2,2002-08-04 05:30:00+00:00,0.0,,,8.3,,2.2,244.8,1415,708,126.7333,35.1167
2002-08-05,28.3,25.6,2002-08-04 16:11:00+00:00,31.8,2002-08-05 06:07:00+00:00,0.0,,,11.7,,3.9,197.1,1416,708,126.7333,35.1167
2002-08-06,26.1,24.8,2002-08-06 12:02:00+00:00,28.4,2002-08-06 06:23:00+00:00,25.0,,,12.1,,3.2,226.7,1408,708,126.7333,35.1167
2002-08-07,24.1,22.7,2002-08-07 09:46:00+00:00,27.0,2002-08-06 16:39:00+00:00,100.5,,,15.1,,4.2,196.6,1422,708,126.7333,35.1167
2002-08-08,24.2,22.6,2002-08-08 14:51:00+00:00,28.7,2002-08-08 04:51:00+00:00,6.5,,,6.6,,1.4,316.8,1412,708,126.7333,35.1167
2002-08-09,25.3,21.4,2002-08-08 20:52:00+00:00,30.9,2002-08-09 05:35:00+00:00,0.0,,,6.9,,1.8,326.0,1419,708,126.7333,35.1167
2002-08-10,22.4,20.0,2002-08-10 09:01:00+00:00,27.7,2002-08-10 00:07:00+00:00,31.5,,,11.2,,1.7,327.1,1422,708,126.7333,35.1167
2002-08-11,22.4,20.1,2002-08-10 20:28:00+00:00,26.4,2002-08-11 04:13:00+00:00,2.0,,,6.8,,1.2,170.5,1418,708,126.7333,35.1167
2002-08-12,21.5,21.0,2002-08-12 00:28:00+00:00,22.5,2002-08-12 03:58:00+00:00,61.0,,,4.7,,1.1,46.6,1413,708,126.7333,35.1167
2002-08-13,23.2,20.9,2002-08-12 17:06:00+00:00,27.1,2002-08-13 05:15:00+00:00,0.5,,,3.5,,0.8,317.8,1410,708,126.7333,35.1167
2002-08-14,21.0,19.6,2002-08-13 21:32:00+00:00,22.4,2002-08-14 03:17:00+00:00,56.0,,,5.3,,1.2,36.3,1418,708,126.7333,35.1167
2002-08-15,22.1,20.3,2002-08-14 18:03:00+00:00,25.3,2002-08-15 01:53:00+00:00,20.5,,,6.5,,1.3,338.8,1420,708,126.7333,35.1167
2002-08-16,24.0,21.3,2002-08-15 17:02:00+00:00,28.0,2002-08-16 02:53:00+00:00,6.0,,,4.2,,0.7,185.5,1420,708,126.7333,35.1167
2002-08-17,26.2,23.1,2002-08-16 18:16:00+00:00,32.6,2002-08-17 05:11:00+00:00,0.5,,,5.6,,1.7,137.3,1406,708,126.7333,35.1167
2002-08-18,26.3,22.7,2002-08-17 19:00:00+00:00,32.2,2002-08-18 05:40:00+00:00,0.0,,,6.3,,1.3,335.6,1415,708,126.7333,35.1167
2002-08-19,24.5,21.8,2002-08-19 14:44:00+00:00,28.9,2002-08-19 05:29:00+00:00,5.5,,,4.7,,1.0,33.0,1382,708,126.7333,35.1167
2002-08-20,22.0,20.7,2002-08-20 04:48:00+00:00,24.0,2002-08-20 00:43:00+00:00,3.0,,,5.6,,1.1,136.6,1410,708,126.7333,35.1167
2002-08-21,24.1,20.2,2002-08-20 20:27:00+00:00,29.9,2002-08-21 05:28:00+00:00,0.0,,,8.4,,1.4,327.9,1411,708,126.7333,35.1167
2002-08-22,22.4,20.4,2002-08-21 19:29:00+00:00,25.1,2002-08-22 02:18:00+00:00,9.0,,,5.5,,1.0,209.3,1414,708,126.7333,35.1167
2002-08-23,24.8,21.1,2002-08-22 16:00:00+00:00,27.9,2002-08-23 07:23:00+00:00,5.5,,,8.0,,1.7,228.4,1421,708,126.7333,35.1167
2002-08-24,25.4,22.4,2002-08-23 15:41:00+00:00,31.7,2002-08-24 04:37:00+00:00,0.0,,,6.6,,1.5,322.4,1422,708,126.7333,35.1167
2002-08-25,26.1,22.5,2002-08-24 19:14:00+00:00,31.2,2002-08-25 06:43:00+00:00,0.0,,,6.0,,1.2,193.7,1421,708,126.7333,35.1167
2002-08-26,26.4,22.6,2002-08-25 21:02:00+00:00,30.7,2002-08-26 03:15:00+00:00,0.0,,,10.1,,2.9,138.1,1425,708,126.7333,35.1167
2002-08-27,26.2,23.6,2002-08-27 03:00:00+00:00,30.3,2002-08-27 06:12:00+00:00,14.5,,,20.6,,2.8,243.5,1392,708,126.7333,35.1167
2002-08-28,26.8,23.6,2002-08-27 20:21:00+00:00,33.5,2002-08-28 06:42:00+00:00,0.5,,,4.6,,0.9,156.6,1419,708,126.7333,35.1167
2002-08-29,29.1,23.5,2002-08-28 21:11:00+00:00,36.2,2002-08-29 07:05:00+00:00,0.0,,,6.0,,1.2,68.6,1402,708,126.7333,35.1167
2002-08-30,26.5,24.1,2002-08-30 11:35:00+00:00,29.0,2002-08-30 02:01:00+00:00,4.5,,,8.7,,2.8,42.9,1419,708,126.7333,35.1167
2002-08-31,22.7,20.1,2002-08-31 10:16:00+00:00,25.2,2002-08-30 22:03:00+00:00,87.5,,,34.5,,7.1,332.6,1422,708,126.7333,35.1167
2002-09-01,22.9,19.7,2002-08-31 18:46:00+00:00,28.3,2002-09-01 05:03:00+00:00,3.5,,,16.4,,4.2,318.1,1406,708,126.7333,35.1167
2002-09-02,25.5,19.2,2002-09-01 20:27:00+00:00,33.2,2002-09-02 07:13:00+00:00,0.0,,,4.0,,0.9,186.3,1418,708,126.7333,35.1167
2002-09-03,26.8,22.9,2002-09-02 16:28:00+00:00,33.1,2002-09-03 06:12:00+00:00,0.0,,,5.8,,1.1,304.7,1419,708,126.7333,35.1167
2002-09-04,27.6,22.5,2002-09-03 21:41:00+00:00,34.3,2002-09-04 05:35:00+00:00,0.0,,,5.5,,1.1,324.7,1429,708,126.7333,35.1167
2002-09-05,25.1,22.1,2002-09-05 13:54:00+00:00,31.9,2002-09-05 02:30:00+00:00,0.0,,,9.4,,2.2,311.4,1402,708,126.7333,35.1167
2002-09-06,24.8,21.6,2002-09-05 21:19:00+00:00,30.2,2002-09-06 05:42:00+00:00,1.0,,,7.5,,2.0,56.3,1418,708,126.7333,35.1167
2002-09-07,24.5,20.2,2002-09-06 19:30:00+00:00,31.2,2002-09-07 05:04:00+00:00,0.0,,,7.6,,2.2,42.6,1423,708,126.7333,35.1167
2002-09-08,23.5,19.3,2002-09-07 20:48:00+00:00,30.3,2002-09-08 05:19:00+00:00,0.0,,,8.1,,1.6,328.8,1420,708,126.7333,35.1167
2002-09-09,21.9,17.0,2002-09-08 20:18:00+00:00,28.1,2002-09-09 05:12:00+00:00,0.0,,,7.6,,1.8,324.5,1419,708,126.7333,35.1167
2002-09-10,23.2,17.6,2002-09-09 18:42:00+00:00,30.5,2002-09-10 05:37:00+00:00,0.0,,,7.6,,1.3,318.9,1427,708,126.7333,35.1167
2002-09-11,24.2,20.4,2002-09-10 15:00:00+00:00,29.7,2002-09-11 05:56:00+00:00,0.0,,,7.6,,1.7,316.3,1416,708,126.7333,35.1167
2002-09-12,22.7,17.6,2002-09-11 21:09:00+00:00,30.1,2002-09-12 04:54:00+00:00,0.0,,,9.0,,1.8,326.2,1415,708,126.7333,35.1167
2002-09-13,21.2,17.5,2002-09-12 20:38:00+00:00,27.1,2002-09-13 03:28:00+00:00,0.0,,,10.1,,2.5,324.1,1414,708,126.7333,35.1167
2002-09-14,20.2,15.5,2002-09-13 21:00:00+00:00,26.0,2002-09-14 04:04:00+00:00,0.0,,,5.3,,1.0,333.0,1411,708,126.7333,35.1167
2002-09-15,16.9,14.9,2002-09-15 13:45:00+00:00,20.1,2002-09-14 16:26:00+00:00,64.5,,,9.6,,2.2,38.4,1415,708,126.7333,35.1167
2002-09-16,17.1,14.9,2002-09-15 17:39:00+00:00,18.9,2002-09-16 07:15:00+00:00,33.5,,,8.2,,2.3,40.4,1421,708,126.7333,35.1167
2002-09-17,20.8,15.8,2002-09-16 20:22:00+00:00,28.1,2002-09-17 05:41:00+00:00,0.0,,,8.6,,1.5,332.1,1422,708,126.7333,35.1167
2002-09-18,20.4,14.5,2002-09-17 20:51:00+00:00,27.8,2002-09-18 04:00:00+00:00,0.0,,,5.7,,1.3,41.4,1408,708,126.7333,35.1167
2002-09-19,18.7,12.0,2002-09-18 20:32:00+00:00,27.2,2002-09-19 05:18:00+00:00,0.0,,,6.0,,1.3,342.4,1419,708,126.7333,35.1167
2002-09-20,19.7,12.2,2002-09-19 21:28:00+00:00,28.2,2002-09-20 04:51:00+00:00,0.0,,,7.5,,1.5,339.8,1419,708,126.7333,35.1167
2002-09-21,18.7,13.4,2002-09-20 20:50:00+00:00,25.6,2002-09-21 03:08:00+00:00,0.0,,,8.8,,1.7,334.7,1418,708,126.7333,35.1167
2002-09-22,18.6,13.5,2002-09-22 14:56:00+00:00,24.7,2002-09-22 03:36:00+00:00,0.0,,,11.1,,2.2,316.8,1414,708,126.7333,35.1167
2002-09-23,17.6,10.9,2002-09-22 20:55:00+00:00,26.1,2002-09-23 04:46:00+00:00,0.0,,,8.3,,1.4,314.4,1400,708,126.7333,35.1167
2002-09-24,18.2,10.5,2002-09-23 20:56:00+00:00,28.7,2002-09-24 05:08:00+00:00,0.0,,,7.6,,1.3,335.9,1417,708,126.7333,35.1167
2002-09-25,19.7,12.6,2002-09-24 19:39:00+00:00,29.2,2002-09-25 05:59:00+00:00,0.0,,,6.4,,1.2,133.9,1404,708,126.7333,35.1167
2002-09-26,21.0,14.0,2002-09-25 19:27:00+00:00,30.1,2002-09-26 05:45:00+00:00,0.0,,,7.1,,1.1,43.5,1364,708,126.7333,35.1167
2002-09-27,17.6,13.4,2002-09-26 21:23:00+00:00,23.5,2002-09-27 03:27:00+00:00,0.0,,,5.4,,1.2,56.0,1408,708,126.7333,35.1167
2002-09-28,20.6,14.1,2002-09-27 21:15:00+00:00,28.4,2002-09-28 03:28:00+00:00,1.0,,,7.0,,1.7,111.9,1409,708,126.7333,35.1167
2002-09-29,19.3,14.9,2002-09-28 21:47:00+00:00,25.1,2002-09-29 04:49:00+00:00,0.0,,,9.1,,1.6,220.9,1417,708,126.7333,35.1167
2002-09-30,18.5,13.4,2002-09-29 21:05:00+00:00,26.9,2002-09-30 04:11:00+00:00,0.0,,,8.0,,1.5,316.6,1404,708,126.7333,35.1167
2002-10-01,17.2,11.5,2002-09-30 19:39:00+00:00,25.4,2002-10-01 03:33:00+00:00,0.0,,,8.6,,1.7,319.3,1404,708,126.7333,35.1167
2002-10-02,16.3,9.9,2002-10-02 14:56:00+00:00,22.8,2002-10-02 03:18:00+00:00,0.0,,,10.2,,2.0,326.2,1401,708,126.7333,35.1167
2002-10-03,17.5,7.4,2002-10-02 21:47:00+00:00,26.4,2002-10-03 03:29:00+00:00,8.5,,,11.4,,1.8,215.1,1417,708,126.7333,35.1167
2002-10-04,19.3,13.4,2002-10-03 22:02:00+00:00,29.0,2002-10-04 06:38:00+00:00,0.0,,,6.0,,1.5,319.5,1417,708,126.7333,35.1167
2002-10-05,20.9,13.7,2002-10-04 16:15:00+00:00,28.4,2002-10-05 04:17:00+00:00,0.0,,,9.1,,1.8,186.3,1414,708,126.7333,35.1167
2002-10-06,16.5,12.9,2002-10-06 13:23:00+00:00,20.6,2002-10-05 17:11:00+00:00,16.5,,,11.5,,1.6,332.5,1421,708,126.7333,35.1167
2002-10-07,14.2,10.0,2002-10-06 21:52:00+00:00,20.3,2002-10-07 01:36:00+00:00,0.5,,,11.4,,1.9,320.2,1412,708,126.7333,35.1167
2002-10-08,13.3,9.1,2002-10-07 16:51:00+00:00,19.5,2002-10-08 04:40:00+00:00,0.0,,,10.2,,1.9,316.9,1399,708,126.7333,35.1167
2002-10-09,12.8,5.3,2002-10-08 21:29:00+00:00,20.2,2002-10-09 04:48:00+00:00,0.0,,,10.6,,1.9,353.2,1369,708,126.7333,35.1167
2002-10-10,14.6,5.8,2002-10-09 21:29:00+00:00,25.6,2002-10-10 06:23:00+00:00,0.0,,,5.1,,1.0,186.2,1364,708,126.7333,35.1167
2002-10-11,15.8,8.9,2002-10-10 20:44:00+00:00,24.1,2002-10-11 05:41:00+00:00,0.0,,,3.7,,1.0,341.8,1424,708,126.7333,35.1167
2002-10-12,17.5,9.5,2002-10-11 20:48:00+00:00,26.1,2002-10-12 04:04:00+00:00,0.0,,,5.3,,0.8,159.7,1343,708,126.7333,35.1167
2002-10-13,19.3,15.0,2002-10-13 14:44:00+00:00,27.0,2002-10-13 03:51:00+00:00,0.0,,,9.5,,1.7,330.0,1421,708,126.7333,35.1167
2002-10-14,16.7,10.9,2002-10-13 19:12:00+00:00,26.4,2002-10-14 05:24:00+00:00,0.0,,,5.0,,1.2,320.3,1414,708,126.7333,35.1167
2002-10-15,15.8,10.5,2002-10-15 14:54:00+00:00,21.5,2002-10-15 03:55:00+00:00,16.0,,,14.4,,3.0,344.9,1420,708,126.7333,35.1167
2002-10-16,14.1,6.7,2002-10-15 20:17:00+00:00,24.6,2002-10-16 06:24:00+00:00,0.0,,,5.1,,1.3,327.9,1421,708,126.7333,35.1167
2002-10-17,17.3,7.0,2002-10-16 21:29:00+00:00,30.4,2002-10-17 06:02:00+00:00,0.0,,,3.2,,0.7,193.2,1417,708,126.7333,35.1167
2002-10-18,16.5,12.8,2002-10-17 16:53:00+00:00,19.8,2002-10-18 05:44:00+00:00,2.0,,,13.3,,2.5,39.3,1411,708,126.7333,35.1167
2002-10-19,19.6,17.0,2002-10-18 17:44:00+00:00,23.1,2002-10-19 05:23:00+00:00,0.5,,,10.6,,4.1,41.5,1421,708,126.7333,35.1167
2002-10-20,16.1,14.1,2002-10-20 14:08:00+00:00,19.5,2002-10-20 04:05:00+00:00,3.5,,,8.9,,2.4,43.4,1419,708,126.7333,35.1167
2002-10-21,13.6,9.6,2002-10-21 14:32:00+00:00,19.3,2002-10-21 02:33:00+00:00,0.0,,,12.7,,3.1,337.8,1417,708,126.7333,35.1167
2002-10-22,8.4,5.5,2002-10-22 13:03:00+00:00,12.2,2002-10-22 05:43:00+00:00,0.0,,,10.3,,3.1,328.4,1409,708,126.7333,35.1167
2002-10-23,7.0,2.1,2002-10-23 14:42:00+00:00,13.3,2002-10-23 03:28:00+00:00,0.0,,,7.3,,1.8,316.2,1413,708,126.7333,35.1167
2002-10-24,10.3,1.5,2002-10-23 15:23:00+00:00,19.1,2002-10-24 04:55:00+00:00,0.0,,,9.6,,1.4,323.5,1416,708,126.7333,35.1167
2002-10-25,12.5,5.5,2002-10-24 21:38:00+00:00,21.9,2002-10-25 04:37:00+00:00,0.0,,,5.6,,1.0,193.7,1425,708,126.7333,35.1167
2002-10-26,9.2,6.1,2002-10-26 14:14:00+00:00,13.4,2002-10-26 05:13:00+00:00,6.5,,,14.8,,3.3,323.6,1422,708,126.7333,35.1167
2002-10-27,7.9,5.0,2002-10-26 19:12:00+00:00,11.1,2002-10-27 03:24:00+00:00,1.0,,,17.1,,5.2,311.9,1422,708,126.7333,35.1167
2002-10-28,6.3,4.4,2002-10-28 11:36:00+00:00,8.9,2002-10-28 05:19:00+00:00,2.0,,,9.4,,2.1,333.7,1409,708,126.7333,35.1167
2002-10-29,7.2,2.8,2002-10-29 14:49:00+00:00,12.5,2002-10-29 03:45:00+00:00,0.0,,,9.6,,2.0,315.7,1341,708,126.7333,35.1167
2002-10-30,8.6,-0.7,2002-10-29 21:46:00+00:00,19.8,2002-10-30 06:36:00+00:00,0.0,,,7.1,,1.2,316.4,1306,708,126.7333,35.1167
2002-10-31,13.0,5.9,2002-10-30 22:06:00+00:00,20.0,2002-10-31 03:01:00+00:00,0.0,,,9.5,,1.7,340.7,1423,708,126.7333,35.1167
2002-11-01,8.5,5.9,2002-11-01 14:59:00+00:00,12.2,2002-10-31 15:01:00+00:00,0.0,,,14.7,,4.6,329.2,1415,708,126.7333,35.1167
2002-11-02,5.5,1.8,2002-11-01 21:59:00+00:00,10.3,2002-11-02 05:46:00+00:00,0.0,,,8.4,,1.5,322.6,1415,708,126.7333,35.1167
2002-11-03,6.2,2.4,2002-11-03 13:08:00+00:00,10.5,2002-11-03 03:01:00+00:00,8.5,,,15.5,,2.5,254.4,1422,708,126.7333,35.1167
2002-11-04,4.0,0.7,2002-11-04 13:50:00+00:00,8.9,2002-11-04 04:41:00+00:00,4.5,,,14.6,,2.8,336.2,1422,708,126.7333,35.1167
2002-11-05,4.4,-2.2,2002-11-04 21:45:00+00:00,12.8,2002-11-05 04:32:00+00:00,0.0,,,4.8,,0.9,102.5,1420,708,126.7333,35.1167
2002-11-06,10.5,1.2,2002-11-05 22:07:00+00:00,19.8,2002-11-06 04:20:00+00:00,0.0,,,8.9,,1.4,127.0,1414,708,126.7333,35.1167
2002-11-07,12.3,8.4,2002-11-06 21:11:00+00:00,17.4,2002-11-07 06:13:00+00:00,13.5,,,11.5,,2.0,302.0,1419,708,126.7333,35.1167
2002-11-08,5.5,1.4,2002-11-08 13:11:00+00:00,9.4,2002-11-07 15:01:00+00:00,1.0,,,17.9,,5.6,315.3,1422,708,126.7333,35.1167
2002-11-09,4.4,1.4,2002-11-08 18:06:00+00:00,9.0,2002-11-09 06:01:00+00:00,0.0,,,10.9,,2.2,317.2,1419,708,126.7333,35.1167
2002-11-10,9.0,-0.3,2002-11-09 21:47:00+00:00,16.8,2002-11-10 06:36:00+00:00,0.0,,,8.8,,1.5,191.4,1425,708,126.7333,35.1167
2002-11-11,14.5,9.7,2002-11-10 18:35:00+00:00,21.0,2002-11-11 04:49:00+00:00,0.0,,,9.1,,2.3,209.9,1419,708,126.7333,35.1167
2002-11-12,7.9,2.4,2002-11-12 14:46:00+00:00,12.6,2002-11-12 05:05:00+00:00,0.0,,,8.1,,2.4,326.8,1425,708,126.7333,35.1167
2002-11-13,4.9,0.8,2002-11-13 14:37:00+00:00,10.3,2002-11-13 04:38:00+00:00,0.5,,,9.2,,1.8,315.3,1415,708,126.7333,35.1167
2002-11-14,5.7,-1.8,2002-11-13 22:12:00+00:00,11.9,2002-11-14 04:50:00+00:00,0.0,,,8.4,,0.9,322.6,1418,708,126.7333,35.1167
2002-11-15,4.0,0.8,2002-11-14 15:00:00+00:00,8.1,2002-11-14 15:06:00+00:00,0.0,,,11.3,,2.3,355.4,1422,708,126.7333,35.1167
2002-11-16,4.3,-1.0,2002-11-15 21:45:00+00:00,13.0,2002-11-16 06:27:00+00:00,0.0,,,6.3,,1.3,43.0,1419,708,126.7333,35.1167
2002-11-17,3.7,-3.1,2002-11-16 20:50:00+00:00,10.3,2002-11-17 02:04:00+00:00,1.0,,,12.7,,2.1,327.2,1425,708,126.7333,35.1167
2002-11-18,1.8,-3.0,2002-11-18 14:57:00+00:00,5.3,2002-11-18 05:17:00+00:00,0.0,,,14.4,,3.9,324.5,1417,708,126.7333,35.1167
2002-11-19,1.7,-4.8,2002-11-18 22:24:00+00:00,8.7,2002-11-19 04:57:00+00:00,0.0,,,7.2,,1.4,340.9,1417,708,126.7333,35.1167
2002-11-20,4.9,-2.2,2002-11-19 20:57:00+00:00,10.9,2002-11-20 06:33:00+00:00,0.0,,,6.6,,1.3,1.0,1415,708,126.7333,35.1167
2002-11-21,5.3,0.7,2002-11-21 14:57:00+00:00,9.8,2002-11-21 03:51:00+00:00,0.0,,,10.3,,3.0,320.1,1416,708,126.7333,35.1167
2002-11-22,4.9,-3.1,2002-11-21 22:00:00+00:00,16.4,2002-11-22 06:33:00+00:00,0.0,,,5.2,,1.2,319.3,1414,708,126.7333,35.1167
2002-11-23,6.9,-1.3,2002-11-22 21:48:00+00:00,18.1,2002-11-23 05:13:00+00:00,0.0,,,8.8,,1.3,331.4,1422,708,126.7333,35.1167
2002-11-24,5.5,0.1,2002-11-23 22:16:00+00:00,12.8,2002-11-24 03:20:00+00:00,0.0,,,10.1,,1.8,319.1,1307,708,126.7333,35.1167
2002-11-25,4.4,-1.2,2002-11-25 14:48:00+00:00,9.1,2002-11-25 04:49:00+00:00,0.0,,,11.7,,2.8,317.7,1432,708,126.7333,35.1167
2002-11-26,1.8,-2.9,2002-11-25 17:41:00+00:00,6.4,2002-11-26 02:02:00+00:00,1.0,,,11.7,,2.4,317.7,1417,708,126.7333,35.1167
2002-11-27,3.0,-1.8,2002-11-27 14:56:00+00:00,7.2,2002-11-27 04:30:00+00:00,0.0,,,10.8,,3.1,318.7,1417,708,126.7333,35.1167
2002-11-28,2.7,-4.1,2002-11-27 22:59:00+00:00,11.9,2002-11-28 06:05:00+00:00,0.0,,,3.4,,0.9,139.6,1415,708,126.7333,35.1167
2002-11-29,7.9,-0.6,2002-11-28 18:01:00+00:00,16.6,2002-11-29 05:10:00+00:00,0.0,,,4.2,,0.8,135.2,1414,708,126.7333,35.1167
2002-11-30,7.9,0.5,2002-11-30 14:54:00+00:00,13.6,2002-11-30 05:24:00+00:00,0.0,,,8.6,,2.3,331.4,1414,708,126.7333,35.1167
2002-12-01,3.8,-4.2,2002-11-30 22:21:00+00:00,13.1,2002-12-01 06:14:00+00:00,0.0,,,7.1,,1.3,326.3,1417,708,126.7333,35.1167
2002-12-02,5.4,-2.2,2002-12-01 21:55:00+00:00,15.7,2002-12-02 06:09:00+00:00,0.0,,,3.1,,0.7,64.4,1426,708,126.7333,35.1167
2002-12-03,6.5,0.3,2002-12-02 19:16:00+00:00,10.6,2002-12-03 06:57:00+00:00,2.5,,,8.0,,2.3,41.1,1425,708,126.7333,35.1167
2002-12-04,10.5,7.5,2002-12-04 12:43:00+00:00,15.5,2002-12-04 05:19:00+00:00,1.5,,,8.1,,2.5,338.1,1413,708,126.7333,35.1167
2002-12-05,7.6,4.3,2002-12-05 14:41:00+00:00,12.7,2002-12-05 04:52:00+00:00,0.0,,,11.7,,2.4,339.5,1425,708,126.7333,35.1167
2002-12-06,5.3,-0.4,2002-12-05 21:26:00+00:00,9.0,2002-12-06 06:43:00+00:00,0.0,,,5.1,,1.3,358.4,1423,708,126.7333,35.1167
2002-12-07,6.2,5.4,2002-12-07 05:09:00+00:00,7.5,2002-12-06 20:22:00+00:00,0.5,,,12.4,,3.0,328.6,1427,708,126.7333,35.1167
2002-12-08,4.3,1.8,2002-12-08 14:56:00+00:00,6.2,2002-12-08 05:47:00+00:00,6.0,,,11.7,,2.4,334.8,1426,708,126.7333,35.1167
2002-12-09,-1.0,-3.8,2002-12-09 13:52:00+00:00,1.9,2002-12-08 15:22:00+00:00,2.5,,,14.4,,3.9,322.0,1425,708,126.7333,35.1167
2002-12-10,-2.7,-4.8,2002-12-09 21:09:00+00:00,0.4,2002-12-10 05:15:00+00:00,0.5,,,8.8,,1.6,38.4,1420,708,126.7333,35.1167
2002-12-11,-1.5,-3.8,2002-12-10 16:42:00+00:00,3.6,2002-12-11 04:38:00+00:00,1.0,,,9.5,,1.6,322.9,1423,708,126.7333,35.1167
2002-12-12,-1.4,-6.8,2002-12-11 22:06:00+00:00,4.1,2002-12-12 04:23:00+00:00,0.0,,,8.4,,1.4,331.9,1411,708,126.7333,35.1167
2002-12-13,0.1,-4.1,2002-12-13 14:57:00+00:00,4.9,2002-12-13 05:05:00+00:00,0.0,,,7.3,,1.8,316.5,1419,708,126.7333,35.1167
2002-12-14,0.1,-7.1,2002-12-13 22:45:00+00:00,10.0,2002-12-14 05:51:00+00:00,0.0,,,5.6,,1.2,313.2,1425,708,126.7333,35.1167
2002-12-15,5.5,-3.4,2002-12-14 18:14:00+00:00,13.5,2002-12-15 04:51:00+00:00,0.5,,,4.1,,1.0,90.8,1408,708,126.7333,35.1167
2002-12-16,8.6,5.0,2002-12-16 13:12:00+00:00,12.1,2002-12-16 03:30:00+00:00,3.0,,,15.5,,3.5,319.0,1415,708,126.7333,35.1167
2002-12-17,6.1,2.1,2002-12-16 23:21:00+00:00,11.9,2002-12-17 05:49:00+00:00,0.0,,,10.6,,2.0,322.1,1421,708,126.7333,35.1167
2002-12-18,6.2,2.5,2002-12-17 21:41:00+00:00,10.0,2002-12-18 03:13:00+00:00,0.0,,,6.6,,1.9,334.7,1423,708,126.7333,35.1167
2002-12-19,6.9,1.6,2002-12-19 14:57:00+00:00,15.3,2002-12-19 04:46:00+00:00,0.0,,,8.6,,2.4,312.2,1421,708,126.7333,35.1167
2002-12-20,6.7,-1.6,2002-12-19 21:26:00+00:00,12.6,2002-12-20 05:09:00+00:00,0.0,,,8.6,,1.8,42.0,1413,708,126.7333,35.1167
2002-12-21,8.3,3.1,2002-12-20 22:34:00+00:00,15.9,2002-12-21 06:16:00+00:00,0.0,,,6.5,,1.4,46.0,1418,708,126.7333,35.1167
2002-12-22,7.6,1.6,2002-12-21 18:25:00+00:00,16.4,2002-12-22 05:07:00+00:00,0.0,,,7.8,,1.4,335.3,1407,708,126.7333,35.1167
2002-12-23,5.6,0.0,2002-12-22 22:04:00+00:00,11.3,2002-12-23 04:38:00+00:00,1.5,,,5.2,,1.0,318.4,1415,708,126.7333,35.1167
2002-12-24,5.1,3.7,2002-12-24 14:11:00+00:00,6.2,2002-12-24 04:16:00+00:00,0.0,,,6.3,,1.5,330.7,1419,708,126.7333,35.1167
2002-12-25,-0.3,-2.1,2002-12-25 04:48:00+00:00,4.3,2002-12-24 15:05:00+00:00,1.0,,,18.3,,4.5,319.9,1408,708,126.7333,35.1167
2002-12-26,-0.7,-1.9,2002-12-25 22:42:00+00:00,2.1,2002-12-26 04:57:00+00:00,0.0,,,12.7,,2.7,343.9,1416,708,126.7333,35.1167
2002-12-27,-0.8,-4.7,2002-12-26 23:14:00+00:00,3.5,2002-12-27 04:59:00+00:00,0.0,,,10.9,,2.3,321.1,1411,708,126.7333,35.1167
2002-12-28,1.5,-2.2,2002-12-27 15:06:00+00:00,6.1,2002-12-28 04:10:00+00:00,0.0,,,11.2,,2.1,323.5,1418,708,126.7333,35.1167
2002-12-29,1.5,-2.8,2002-12-29 14:58:00+00:00,5.6,2002-12-29 04:54:00+00:00,0.0,,,9.0,,2.6,346.3,1416,708,126.7333,35.1167
2002-12-30,-0.3,-3.9,2002-12-30 14:59:00+00:00,5.0,2002-12-30 04:57:00+00:00,0.0,,,7.7,,1.6,322.9,1423,708,126.7333,35.1167
2002-12-31,0.0,-5.5,2002-12-30 22:19:00+00:00,5.7,2002-12-31 05:17:00+00:00,0.0,,,9.0,,1.7,341.2,1416,708,126.7333,35.1167
