dt,ta,tn,tn_at,tx,tx_at,rn,rx_1hr,rx_1hr_at,wx,wx_at,wa,wd_wx,nmin,code,x,y
2007-08-20,27.0,22.4,2007-08-19 19:27:00+00:00,32.7,2007-08-20 02:55:00+00:00,0.0,,,5.4,,1.1,272.7,1440,632,126.9503,36.5528
2007-08-20,25.6,24.0,2007-08-20 10:55:00+00:00,29.2,2007-08-20 08:11:00+00:00,0.0,,,16.1,,1.6,126.0,1433,649,126.08,37.285
2007-08-20,27.5,24.6,2007-08-19 19:55:00+00:00,31.5,2007-08-20 08:17:00+00:00,0.0,,,0.0,,0.0,0.0,1440,667,126.0093,36.6476
2007-08-20,24.3,21.1,2007-08-20 14:35:00+00:00,29.7,2007-08-20 05:35:00+00:00,0.0,,,2.5,,0.2,147.7,1440,680,127.8441,38.2127
2007-08-20,,,,,,0.0,,,,,,,31,681,127.8117,38.2438
2007-08-20,26.7,21.8,2007-08-19 21:01:00+00:00,33.3,2007-08-20 03:04:00+00:00,0.0,,,4.5,,0.7,249.1,1440,691,126.8878,36.3539
2007-08-20,25.5,23.1,2007-08-20 13:11:00+00:00,29.6,2007-08-20 04:57:00+00:00,18.0,,,6.9,,0.4,235.3,1440,692,126.9178,38.0264
2007-08-20,25.7,20.2,2007-08-19 18:16:00+00:00,31.4,2007-08-20 06:22:00+00:00,0.0,,,9.5,,0.8,178.9,1440,693,127.8909,36.6945
2007-08-20,23.1,,,,,,,,,,,,143,694,126.6094,36.7044
2007-08-20,19.4,18.6,2007-08-20 10:43:00+00:00,21.0,2007-08-20 05:10:00+00:00,2.5,,,9.9,,3.1,293.0,1440,695,127.432,38.1162
2007-08-20,26.5,22.1,2007-08-19 21:02:00+00:00,33.1,2007-08-20 02:15:00+00:00,0.5,,,3.1,,0.2,303.8,1440,696,129.085,37.3464
2007-08-20,26.5,,,,,,,,,,,,144,697,125.8483,34.2217
2007-08-20,28.3,24.2,2007-08-19 15:22:00+00:00,33.7,2007-08-20 04:37:00+00:00,0.0,,,6.5,,1.5,44.5,1440,698,126.2851,35.0938
2007-08-20,29.0,24.1,2007-08-19 20:44:00+00:00,35.1,2007-08-20 04:56:00+00:00,0.0,,,3.5,,0.8,239.9,1439,699,126.4833,35.01
2007-08-20,26.6,25.2,2007-08-19 20:36:00+00:00,28.1,2007-08-20 04:33:00+00:00,0.0,,,5.6,,2.2,170.4,1440,700,125.9682,36.1251
2007-08-20,25.6,20.8,2007-08-19 21:20:00+00:00,31.0,2007-08-20 04:42:00+00:00,0.0,,,5.4,,1.0,292.5,1440,701,127.6719,36.004
2007-08-20,26.2,22.8,2007-08-19 19:54:00+00:00,30.4,2007-08-20 03:00:00+00:00,0.0,,,5.4,,1.0,295.3,1440,702,126.9943,35.9385
2007-08-20,25.3,21.2,2007-08-19 20:50:00+00:00,30.9,2007-08-20 02:54:00+00:00,4.5,,,4.6,,1.0,250.3,1440,703,127.3783,35.7702
2007-08-20,27.8,24.7,2007-08-19 20:23:00+00:00,31.4,2007-08-20 05:44:00+00:00,0.0,,,4.1,,1.2,82.3,1440,704,126.463,35.6351
2007-08-20,26.9,22.2,2007-08-19 20:20:00+00:00,32.5,2007-08-20 04:42:00+00:00,7.5,,,9.0,,1.2,343.1,1440,706,126.9731,35.3114
2007-08-20,28.6,25.5,2007-08-19 18:19:00+00:00,33.1,2007-08-20 03:19:00+00:00,0.0,,,5.1,,1.3,282.7,1440,707,126.2076,35.0612
2007-08-20,28.1,23.3,2007-08-19 18:58:00+00:00,34.4,2007-08-20 05:34:00+00:00,0.0,,,5.4,,0.9,272.8,1440,708,126.7333,35.1167
2007-08-20,27.8,24.4,2007-08-19 21:37:00+00:00,34.9,2007-08-20 04:59:00+00:00,0.0,,,7.0,,1.0,205.9,1440,709,127.4333,35.1833
2007-08-20,27.6,23.3,2007-08-19 19:05:00+00:00,34.3,2007-08-20 07:16:00+00:00,0.0,,,6.9,,1.1,253.1,1440,710,126.7514,35.0358
2007-08-20,26.9,22.7,2007-08-19 20:05:00+00:00,34.6,2007-08-20 06:01:00+00:00,0.0,,,10.0,,1.3,196.8,1440,711,126.9886,34.8879
2007-08-20,27.5,24.4,2007-08-19 21:04:00+00:00,33.3,2007-08-20 03:42:00+00:00,10.5,,,7.8,,1.5,284.1,1440,712,127.4875,34.9506
2007-08-20,27.8,22.8,2007-08-19 20:31:00+00:00,35.6,2007-08-20 03:08:00+00:00,3.0,,,5.4,,0.5,272.8,1440,713,127.5829,34.976
2007-08-20,30.6,25.7,2007-08-19 15:01:00+00:00,35.0,2007-08-20 05:22:00+00:00,0.0,,,6.0,,1.8,260.9,1440,714,126.0474,34.8845
2007-08-20,26.4,22.1,2007-08-19 20:58:00+00:00,32.8,2007-08-20 04:52:00+00:00,6.5,,,5.1,,0.6,151.0,1432,715,126.2691,34.479
2007-08-20,28.2,24.5,2007-08-19 19:18:00+00:00,32.4,2007-08-20 07:05:00+00:00,0.0,,,5.6,,1.2,258.0,1407,716,126.0366,34.6069
2007-08-20,27.7,23.0,2007-08-19 16:51:00+00:00,32.8,2007-08-20 04:49:00+00:00,0.0,,,6.1,,1.5,151.5,1440,717,126.1902,34.4064
2007-08-20,28.9,24.8,2007-08-19 16:59:00+00:00,33.0,2007-08-20 04:31:00+00:00,0.0,,,4.9,,0.9,147.2,1439,718,126.0473,34.2966
2007-08-20,28.6,26.2,2007-08-19 17:08:00+00:00,32.0,2007-08-20 03:22:00+00:00,0.0,,,2.7,,0.6,99.3,1440,719,126.4,35.82
2007-08-20,25.5,22.5,2007-08-19 20:56:00+00:00,31.8,2007-08-20 03:19:00+00:00,21.0,,,8.6,,1.6,230.9,1440,748,127.35,34.83
2007-08-20,28.0,25.4,2007-08-19 20:30:00+00:00,32.9,2007-08-20 03:28:00+00:00,0.5,,,5.6,,1.9,138.4,1419,752,126.3022,33.285
2007-08-20,27.6,23.3,2007-08-19 20:46:00+00:00,32.0,2007-08-20 03:29:00+00:00,0.0,,,6.1,,1.8,268.4,1440,769,126.3729,35.2159
2007-08-20,26.6,22.7,2007-08-19 18:23:00+00:00,34.2,2007-08-20 06:14:00+00:00,10.0,,,7.0,,0.9,215.0,1440,770,126.83,34.93
2007-08-20,28.8,24.3,2007-08-19 17:42:00+00:00,33.2,2007-08-20 05:18:00+00:00,0.0,,,5.3,,0.9,210.7,1440,771,126.12,34.75
2007-08-20,29.1,25.9,2007-08-19 16:26:00+00:00,34.6,2007-08-20 02:42:00+00:00,21.0,,,6.6,,1.3,135.7,1440,772,126.3454,34.4858
2007-08-20,28.5,23.9,2007-08-19 15:01:00+00:00,34.2,2007-08-20 04:37:00+00:00,0.0,,,6.9,,1.3,77.3,1440,773,126.5718,34.6993
2007-08-20,27.8,23.6,2007-08-19 20:58:00+00:00,34.2,2007-08-20 04:33:00+00:00,0.0,,,7.1,,0.5,198.3,1440,774,126.5021,34.9308
2007-08-20,27.4,22.5,2007-08-19 20:24:00+00:00,33.5,2007-08-20 04:38:00+00:00,6.0,,,8.2,,1.2,331.6,1440,775,126.6322,35.1801
2007-08-20,26.7,21.5,2007-08-19 15:04:00+00:00,32.1,2007-08-20 02:46:00+00:00,0.0,,,5.5,,1.1,242.9,1440,776,126.5534,34.4602
2007-08-20,27.3,23.3,2007-08-19 19:25:00+00:00,33.0,2007-08-20 03:58:00+00:00,0.0,,,5.4,,1.0,192.5,1440,777,126.8883,34.4994
2007-08-20,25.0,20.9,2007-08-19 20:36:00+00:00,32.6,2007-08-20 04:07:00+00:00,35.0,,,6.6,,0.9,87.2,1440,778,126.88,34.78
2007-08-20,28.1,24.2,2007-08-20 05:19:00+00:00,32.4,2007-08-20 03:46:00+00:00,48.0,,,14.7,,1.9,251.1,1265,779,126.2673,33.4105
2007-08-20,27.3,25.2,2007-08-19 19:57:00+00:00,31.7,2007-08-20 03:33:00+00:00,34.0,,,10.1,,1.3,144.0,1425,780,126.7208,33.28
2007-08-20,29.0,25.7,2007-08-19 20:27:00+00:00,33.3,2007-08-20 02:08:00+00:00,0.0,,,9.8,,2.4,168.4,1419,781,126.8519,33.5226
2007-08-20,22.5,19.6,2007-08-19 19:49:00+00:00,27.9,2007-08-20 01:23:00+00:00,27.0,,,7.8,,1.3,166.6,1423,782,126.6194,33.3845
2007-08-20,29.0,24.5,2007-08-19 20:32:00+00:00,35.0,2007-08-20 05:05:00+00:00,0.0,,,6.0,,1.2,292.2,1440,783,126.81,35.19
2007-08-20,28.1,23.7,2007-08-19 19:09:00+00:00,34.4,2007-08-20 04:58:00+00:00,0.0,,,7.0,,1.2,292.0,1440,784,126.6071,34.8686
2007-08-20,27.3,23.7,2007-08-19 20:09:00+00:00,33.7,2007-08-20 03:12:00+00:00,6.5,,,8.1,,1.1,222.6,1440,785,126.6761,34.4642
2007-08-20,27.9,24.9,2007-08-19 19:41:00+00:00,31.4,2007-08-20 07:04:00+00:00,0.0,,,6.3,,1.8,138.1,1440,786,127.72,34.62
2007-08-20,27.5,25.6,2007-08-20 14:29:00+00:00,31.1,2007-08-20 03:51:00+00:00,0.0,,,7.3,,1.8,163.1,1440,787,127.3325,34.4522
2007-08-20,27.9,24.3,2007-08-19 18:42:00+00:00,34.2,2007-08-20 05:00:00+00:00,0.0,,,6.2,,0.7,145.2,1440,788,126.879,35.1313
2007-08-20,29.1,25.3,2007-08-19 16:35:00+00:00,34.2,2007-08-20 03:57:00+00:00,0.0,,,2.7,,0.2,176.2,1440,789,126.3167,34.8833
2007-08-20,27.7,25.8,2007-08-20 11:33:00+00:00,31.6,2007-08-20 01:46:00+00:00,0.0,,,5.8,,2.1,196.8,1440,790,127.49,34.4143
2007-08-20,24.8,20.0,2007-08-19 19:44:00+00:00,31.1,2007-08-20 02:49:00+00:00,0.5,,,5.1,,0.6,168.2,1440,791,127.5838,35.2662
2007-08-20,27.7,24.6,2007-08-20 04:55:00+00:00,33.8,2007-08-20 02:56:00+00:00,13.5,,,8.6,,1.0,143.3,1412,792,126.7667,33.35
2007-08-20,29.3,25.8,2007-08-19 20:37:00+00:00,33.8,2007-08-20 06:32:00+00:00,0.5,,,7.4,,2.7,186.6,1419,793,126.25,33.2167
2007-08-20,27.7,24.1,2007-08-19 20:12:00+00:00,36.5,2007-08-20 05:17:00+00:00,16.5,,,6.5,,1.0,252.7,1440,794,127.4271,35.1014
2007-08-20,26.6,22.2,2007-08-19 20:22:00+00:00,34.5,2007-08-20 02:50:00+00:00,48.0,,,5.1,,0.6,111.7,1440,795,127.3625,34.9908
2007-08-20,26.5,23.8,2007-08-19 15:03:00+00:00,30.7,2007-08-20 06:53:00+00:00,0.0,,,6.5,,1.2,195.1,1440,796,127.2448,34.2378
2007-08-20,27.5,24.3,2007-08-19 20:41:00+00:00,31.6,2007-08-20 06:24:00+00:00,0.0,,,5.1,,1.6,139.9,1440,797,125.2995,34.395
2007-08-20,27.5,26.6,2007-08-19 15:40:00+00:00,29.9,2007-08-20 07:12:00+00:00,0.0,,,8.1,,3.9,130.4,1440,798,125.1833,34.6667
2007-08-20,28.1,25.3,2007-08-19 15:06:00+00:00,32.0,2007-08-20 02:47:00+00:00,0.0,,,6.2,,1.9,236.8,1440,799,126.1376,35.2022
2007-08-20,27.8,22.7,2007-08-19 17:13:00+00:00,32.5,2007-08-20 08:34:00+00:00,0.0,,,7.2,,1.7,273.4,1440,800,129.4622,36.6809
2007-08-20,25.9,22.1,2007-08-19 20:18:00+00:00,31.0,2007-08-20 05:03:00+00:00,0.0,,,6.5,,1.1,208.1,1440,801,129.1121,36.667
2007-08-20,27.8,22.7,2007-08-19 18:01:00+00:00,34.1,2007-08-20 06:54:00+00:00,0.0,,,4.9,,0.4,242.4,1440,802,129.3455,36.7241
2007-08-20,29.3,24.1,2007-08-19 20:47:00+00:00,34.8,2007-08-20 06:14:00+00:00,0.0,,,6.8,,1.7,303.6,1417,811,129.2167,35.85
2007-08-20,26.6,21.5,2007-08-19 21:11:00+00:00,33.6,2007-08-20 07:59:00+00:00,0.0,,,6.0,,1.0,205.3,1440,837,128.63,36.7692
2007-08-20,25.5,23.9,2007-08-19 21:00:00+00:00,30.6,2007-08-20 04:44:00+00:00,0.0,,,9.8,,2.9,230.4,1438,909,128.73,34.78
2007-08-20,27.9,22.6,2007-08-19 20:50:00+00:00,35.2,2007-08-20 05:35:00+00:00,0.0,,,6.5,,1.3,343.9,1434,912,127.7167,35.5333
2007-08-20,27.9,21.9,2007-08-19 21:04:00+00:00,33.4,2007-08-20 03:02:00+00:00,0.0,,,6.2,,1.4,233.3,1431,917,128.0677,35.037
2007-08-20,27.7,23.9,2007-08-19 20:16:00+00:00,32.2,2007-08-20 06:59:00+00:00,0.0,,,5.6,,1.1,204.3,1432,941,129.0065,35.1926
2007-08-20,23.4,20.7,2007-08-19 17:51:00+00:00,27.3,2007-08-20 04:57:00+00:00,1.0,,,17.0,,4.2,241.0,1436,116,126.967,37.4433
2007-08-20,26.5,23.3,2007-08-19 20:55:00+00:00,31.1,2007-08-20 02:38:00+00:00,4.0,,,6.2,,1.6,229.4,1440,144,126.7834,36.0123
2007-08-20,25.3,21.8,2007-08-19 18:22:00+00:00,30.0,2007-08-20 06:43:00+00:00,0.0,,,10.8,,4.7,263.1,1439,160,129.0,35.1188
2007-08-20,25.9,24.6,2007-08-20 03:25:00+00:00,27.9,2007-08-20 01:48:00+00:00,0.0,,,8.6,,4.8,205.3,1426,229,125.5595,36.6254
2007-08-20,27.7,25.7,2007-08-19 21:22:00+00:00,31.2,2007-08-20 03:57:00+00:00,0.0,,,5.1,,1.3,192.1,1440,300,126.3167,35.85
2007-08-20,20.7,,,,,,,,,,,,144,682,127.8647,38.2806
2007-08-20,28.9,24.7,2007-08-19 15:07:00+00:00,33.2,2007-08-20 04:54:00+00:00,0.0,,,7.0,,1.9,280.5,1440,301,126.1112,35.0841
2007-08-20,28.9,26.9,2007-08-19 19:41:00+00:00,32.4,2007-08-20 06:09:00+00:00,0.0,,,4.6,,0.9,197.4,1440,303,125.1167,34.0667
2007-08-20,27.1,24.2,2007-08-19 19:52:00+00:00,31.8,2007-08-20 03:56:00+00:00,0.0,,,5.8,,1.4,176.4,1440,304,126.8273,34.3347
2007-08-20,27.2,25.3,2007-08-19 15:51:00+00:00,31.7,2007-08-20 05:23:00+00:00,0.0,,,7.5,,1.1,159.6,1399,305,126.9167,33.9
2007-08-20,28.1,25.5,2007-08-19 20:24:00+00:00,30.8,2007-08-20 04:28:00+00:00,0.0,,,7.6,,1.9,208.9,1440,306,127.8008,34.9525
2007-08-20,25.9,24.3,2007-08-19 18:53:00+00:00,29.4,2007-08-20 06:13:00+00:00,0.0,,,2.7,,0.4,328.2,1440,307,127.4496,34.2437
2007-08-20,27.6,24.1,2007-08-19 15:48:00+00:00,31.2,2007-08-20 03:41:00+00:00,0.0,,,8.0,,2.0,310.3,1439,310,129.1185,37.5546
2007-08-20,23.3,18.6,2007-08-19 20:10:00+00:00,28.8,2007-08-20 01:37:00+00:00,0.0,,,5.0,,0.4,53.4,1438,311,128.0867,35.7892
2007-08-20,26.8,21.6,2007-08-19 20:28:00+00:00,33.1,2007-08-20 06:22:00+00:00,0.0,,,8.6,,1.3,221.5,1440,312,129.1418,36.3908
2007-08-20,28.0,25.2,2007-08-19 21:02:00+00:00,33.7,2007-08-20 04:59:00+00:00,0.0,,,8.3,,1.1,224.0,1439,313,128.7514,34.8934
2007-08-20,18.6,15.3,2007-08-19 19:59:00+00:00,24.3,2007-08-20 05:16:00+00:00,0.0,,,8.6,,3.8,244.6,1440,314,127.7431,35.8662
2007-08-20,20.2,17.3,2007-08-19 19:25:00+00:00,25.3,2007-08-20 07:17:00+00:00,0.0,,,5.1,,1.7,267.0,1440,315,127.5108,35.3067
2007-08-20,23.0,20.3,2007-08-19 19:55:00+00:00,27.8,2007-08-20 05:28:00+00:00,14.0,,,8.0,,3.3,284.1,1440,316,126.9974,35.1144
2007-08-20,26.0,21.1,2007-08-19 19:15:00+00:00,32.9,2007-08-20 05:49:00+00:00,1.0,,,3.4,,0.7,229.2,1440,317,127.0454,35.7189
2007-08-20,21.8,18.2,2007-08-19 18:49:00+00:00,26.0,2007-08-20 06:39:00+00:00,0.0,,,8.0,,2.1,220.9,1440,318,128.6794,37.6437
2007-08-20,28.7,24.4,2007-08-19 19:21:00+00:00,31.7,2007-08-20 04:15:00+00:00,0.0,,,8.8,,1.5,165.6,1440,319,130.8746,37.5408
2007-08-20,17.8,16.7,2007-08-20 13:26:00+00:00,19.9,2007-08-20 07:15:00+00:00,0.0,,,16.1,,6.1,278.3,1275,320,128.3208,38.325
2007-08-20,25.0,22.2,2007-08-19 16:42:00+00:00,29.9,2007-08-20 03:23:00+00:00,0.0,,,6.2,,1.8,179.5,1440,321,128.1963,38.1147
2007-08-20,26.9,,,,,,,,,,,,144,859,129.3658,35.7613
2007-08-20,24.9,21.0,2007-08-20 13:28:00+00:00,30.2,2007-08-20 05:24:00+00:00,0.0,,,6.0,,0.5,355.9,1440,322,127.6698,38.2155
2007-08-20,25.1,22.1,2007-08-19 15:30:00+00:00,29.0,2007-08-20 04:45:00+00:00,0.0,,,6.1,,1.0,4.3,1440,323,127.5542,38.2728
2007-08-20,28.0,21.5,2007-08-19 20:40:00+00:00,36.1,2007-08-20 06:00:00+00:00,0.0,,,5.8,,1.1,189.4,1440,324,128.0667,36.8667
2007-08-20,26.2,20.2,2007-08-19 20:24:00+00:00,32.6,2007-08-20 06:16:00+00:00,11.0,,,7.6,,1.4,206.1,1440,325,128.0254,37.1376
2007-08-20,25.1,21.1,2007-08-19 19:22:00+00:00,32.1,2007-08-20 07:14:00+00:00,0.5,,,5.9,,1.0,116.0,1440,326,127.583,37.5453
2007-08-20,27.2,22.5,2007-08-19 20:11:00+00:00,35.3,2007-08-20 05:36:00+00:00,0.5,,,4.1,,0.6,180.7,1440,327,127.512,36.6503
2007-08-20,27.2,24.7,2007-08-19 20:40:00+00:00,31.0,2007-08-20 02:54:00+00:00,1.0,,,3.9,,0.8,202.1,1417,328,126.4061,33.2495
2007-08-20,24.2,21.2,2007-08-19 19:33:00+00:00,28.3,2007-08-20 02:36:00+00:00,10.5,,,4.6,,1.5,172.7,1423,329,126.5439,33.4238
2007-08-20,28.4,25.2,2007-08-19 21:21:00+00:00,32.5,2007-08-20 06:45:00+00:00,0.0,,,8.1,,1.8,254.8,1419,400,127.0485,37.5094
2007-08-20,28.9,25.3,2007-08-19 21:07:00+00:00,34.5,2007-08-20 05:44:00+00:00,0.0,,,7.8,,1.7,258.2,1414,401,127.02,37.48
2007-08-20,28.6,24.1,2007-08-19 19:45:00+00:00,34.9,2007-08-20 04:51:00+00:00,0.0,,,8.1,,0.3,220.2,1419,402,127.1484,37.5519
2007-08-20,18.3,,,,,,,,,,,,144,871,126.5167,33.3667
2007-08-20,28.2,24.5,2007-08-19 20:57:00+00:00,33.4,2007-08-20 06:15:00+00:00,0.0,,,7.7,,1.5,213.1,1423,403,127.1004,37.5082
2007-08-20,27.8,24.7,2007-08-19 18:00:00+00:00,31.4,2007-08-20 05:36:00+00:00,0.0,,,7.2,,1.7,273.9,1429,404,126.85,37.55
2007-08-20,29.2,25.9,2007-08-19 20:20:00+00:00,34.0,2007-08-20 06:43:00+00:00,3.0,,,6.8,,1.5,297.0,1428,405,126.8793,37.524
2007-08-20,27.7,23.3,2007-08-19 21:08:00+00:00,32.8,2007-08-20 05:29:00+00:00,0.0,,,5.0,,0.5,263.3,1422,406,127.0352,37.6633
2007-08-20,28.3,25.5,2007-08-19 20:48:00+00:00,33.0,2007-08-20 06:09:00+00:00,4.0,,,8.4,,1.9,209.6,1429,408,127.0501,37.5772
2007-08-20,28.2,25.1,2007-08-19 20:15:00+00:00,32.4,2007-08-20 06:26:00+00:00,0.5,,,9.0,,2.1,229.1,1428,409,127.0889,37.5835
2007-08-20,28.2,27.0,2007-08-19 15:01:00+00:00,31.7,2007-08-20 05:04:00+00:00,0.0,,,5.5,,1.3,184.9,1426,410,126.9228,37.4935
2007-08-20,28.3,25.3,2007-08-19 18:07:00+00:00,31.7,2007-08-20 05:32:00+00:00,0.0,,,7.1,,1.9,247.6,1416,411,126.9342,37.5431
2007-08-20,27.2,23.5,2007-08-19 20:45:00+00:00,31.9,2007-08-20 04:40:00+00:00,1.5,,,6.3,,1.0,313.2,1425,412,126.9466,37.5676
2007-08-20,28.7,25.4,2007-08-19 21:18:00+00:00,32.8,2007-08-20 05:41:00+00:00,0.0,,,9.4,,2.2,241.0,1419,413,127.0791,37.5379
2007-08-20,27.4,23.6,2007-08-19 18:09:00+00:00,32.0,2007-08-20 05:31:00+00:00,0.0,,,8.3,,1.5,265.3,1424,414,126.9993,37.6105
2007-08-20,28.8,25.5,2007-08-19 20:57:00+00:00,33.3,2007-08-20 06:58:00+00:00,2.5,,,9.0,,1.9,229.1,1420,415,126.9775,37.5168
2007-08-20,27.5,24.0,2007-08-19 20:54:00+00:00,31.2,2007-08-20 04:26:00+00:00,0.0,,,7.8,,1.3,299.7,1417,416,126.9357,37.6084
2007-08-20,26.6,23.5,2007-08-19 19:42:00+00:00,30.3,2007-08-20 04:10:00+00:00,0.0,,,8.6,,2.3,221.5,1431,417,126.88,37.48
2007-08-20,28.2,24.4,2007-08-19 20:24:00+00:00,33.2,2007-08-20 06:42:00+00:00,4.5,,,7.8,,2.0,256.3,1420,418,126.9394,37.5213
2007-08-20,25.9,22.9,2007-08-19 21:03:00+00:00,30.8,2007-08-20 06:18:00+00:00,0.5,,,6.3,,0.9,286.2,1420,419,126.9864,37.5535
2007-08-20,23.2,19.7,2007-08-19 21:41:00+00:00,27.6,2007-08-20 03:29:00+00:00,0.0,,,6.3,,0.9,227.8,1418,420,126.9565,37.6155
2007-08-20,27.2,24.1,2007-08-19 20:55:00+00:00,31.1,2007-08-20 04:39:00+00:00,0.5,,,12.2,,3.1,230.2,1422,421,127.0406,37.545
2007-08-20,28.1,24.1,2007-08-19 20:46:00+00:00,32.7,2007-08-20 04:22:00+00:00,0.0,,,8.8,,2.0,225.9,1427,423,126.8333,37.4833
2007-08-20,28.7,25.1,2007-08-19 19:15:00+00:00,33.1,2007-08-20 05:10:00+00:00,0.0,,,7.4,,1.6,163.2,1431,424,127.0017,37.6333
2007-08-20,27.6,24.3,2007-08-19 20:32:00+00:00,31.0,2007-08-20 02:59:00+00:00,0.0,,,10.3,,2.3,303.0,1405,450,126.8334,37.6555
2007-08-20,27.5,22.3,2007-08-19 21:03:00+00:00,32.9,2007-08-20 05:27:00+00:00,0.0,,,7.0,,1.5,281.2,1440,495,127.1834,36.9617
2007-08-20,27.3,22.2,2007-08-19 21:07:00+00:00,33.9,2007-08-20 04:14:00+00:00,0.0,,,4.4,,1.0,261.2,1440,496,127.2804,36.4638
2007-08-20,21.7,18.8,2007-08-20 14:07:00+00:00,26.2,2007-08-20 07:25:00+00:00,0.0,,,4.5,,0.5,153.5,1440,497,128.8515,37.5752
2007-08-20,19.7,18.4,2007-08-19 16:16:00+00:00,22.3,2007-08-20 04:28:00+00:00,0.0,,,10.4,,3.5,123.2,1415,498,128.5145,37.8793
2007-08-20,25.5,23.3,2007-08-19 23:21:00+00:00,29.1,2007-08-20 03:54:00+00:00,9.5,,,11.0,,4.0,189.3,1231,499,127.0213,38.1331
2007-08-20,26.6,23.3,2007-08-19 16:07:00+00:00,30.8,2007-08-20 04:12:00+00:00,0.0,,,7.5,,1.5,276.0,1427,500,126.4116,37.6287
2007-08-20,26.6,24.8,2007-08-19 22:28:00+00:00,29.5,2007-08-20 03:22:00+00:00,0.0,,,5.0,,1.4,201.8,1437,501,125.7023,37.6644
2007-08-20,23.0,,,,,,,,,,,,144,872,127.7167,35.3333
2007-08-20,26.7,24.7,2007-08-19 17:42:00+00:00,29.9,2007-08-20 05:17:00+00:00,0.0,,,8.1,,3.0,228.4,1424,502,126.2829,37.7844
2007-08-20,26.1,23.4,2007-08-19 18:51:00+00:00,30.9,2007-08-20 05:01:00+00:00,0.0,,,8.0,,2.2,43.5,1440,503,126.6833,37.8833
2007-08-20,26.5,23.4,2007-08-19 20:40:00+00:00,32.7,2007-08-20 06:41:00+00:00,0.0,,,6.3,,0.7,292.6,1440,504,127.202,37.8915
2007-08-20,26.6,23.1,2007-08-19 15:54:00+00:00,30.6,2007-08-20 05:30:00+00:00,0.0,,,5.5,,1.3,204.8,1412,543,126.5496,37.499
2007-08-20,27.3,23.4,2007-08-19 16:52:00+00:00,31.6,2007-08-20 04:43:00+00:00,0.0,,,6.2,,1.3,222.1,1412,544,126.7827,37.4631
2007-08-20,26.8,22.2,2007-08-19 18:42:00+00:00,32.5,2007-08-20 05:07:00+00:00,0.0,,,7.8,,1.8,308.3,1440,545,126.8387,37.2804
2007-08-20,27.5,22.8,2007-08-19 19:14:00+00:00,33.1,2007-08-20 05:40:00+00:00,5.0,,,7.3,,1.8,271.0,1440,546,127.2833,37.4
2007-08-20,25.4,20.7,2007-08-19 20:29:00+00:00,31.6,2007-08-20 07:19:00+00:00,2.5,,,5.2,,0.3,238.0,1440,547,127.7583,37.4171
2007-08-20,27.2,22.0,2007-08-19 17:02:00+00:00,32.2,2007-08-20 05:03:00+00:00,0.0,,,7.1,,1.5,261.1,1440,549,127.2,37.25
2007-08-20,27.4,22.9,2007-08-19 18:19:00+00:00,33.1,2007-08-20 04:54:00+00:00,0.0,,,7.5,,1.2,285.4,1440,550,127.05,37.1833
2007-08-20,28.1,23.9,2007-08-19 16:56:00+00:00,33.9,2007-08-20 05:26:00+00:00,0.0,,,7.9,,1.8,252.9,1440,551,127.07,37.0
2007-08-20,25.5,22.8,2007-08-19 15:03:00+00:00,29.5,2007-08-20 04:32:00+00:00,0.0,,,6.8,,0.8,206.6,1440,552,127.42,38.25
2007-08-20,27.8,23.8,2007-08-19 18:43:00+00:00,32.5,2007-08-20 06:57:00+00:00,0.0,,,9.3,,2.3,195.3,1437,553,128.4287,38.5038
2007-08-20,22.0,19.1,2007-08-19 17:08:00+00:00,25.4,2007-08-20 05:43:00+00:00,0.0,,,21.7,,10.2,250.8,1440,554,128.4371,38.2144
2007-08-20,26.0,22.1,2007-08-20 14:56:00+00:00,31.0,2007-08-20 05:17:00+00:00,0.0,,,5.2,,0.9,96.8,1373,555,127.73,38.12
2007-08-20,25.5,21.8,2007-08-20 14:58:00+00:00,31.7,2007-08-20 05:34:00+00:00,0.0,,,5.3,,0.7,270.4,1440,556,127.9908,38.1056
2007-08-20,24.4,21.4,2007-08-19 18:02:00+00:00,28.0,2007-08-20 02:23:00+00:00,0.0,,,5.5,,0.8,199.0,1440,557,128.3209,37.9513
2007-08-20,26.5,22.6,2007-08-20 14:13:00+00:00,32.0,2007-08-20 03:47:00+00:00,0.0,,,5.6,,0.7,135.4,1440,558,127.7007,37.6861
2007-08-20,23.1,19.9,2007-08-19 17:53:00+00:00,26.9,2007-08-20 06:04:00+00:00,0.0,,,7.0,,1.2,266.3,1440,560,128.5943,37.6701
2007-08-20,25.0,21.2,2007-08-19 19:52:00+00:00,29.6,2007-08-20 05:51:00+00:00,0.0,,,6.0,,0.9,105.1,1429,561,128.1555,37.5816
2007-08-20,25.4,21.3,2007-08-19 21:04:00+00:00,32.1,2007-08-20 05:36:00+00:00,0.0,,,6.5,,1.0,207.0,1440,562,128.269,37.2722
2007-08-20,24.4,20.9,2007-08-19 21:23:00+00:00,29.7,2007-08-20 05:13:00+00:00,0.0,,,6.3,,1.0,157.5,1306,563,128.7406,37.2688
2007-08-20,28.0,25.1,2007-08-19 17:55:00+00:00,32.4,2007-08-20 04:27:00+00:00,1.0,,,6.8,,1.5,316.9,1413,565,126.785,37.34
2007-08-20,24.9,20.5,2007-08-19 16:57:00+00:00,31.9,2007-08-20 02:17:00+00:00,0.0,,,4.5,,0.3,289.1,1440,566,128.7,37.82
2007-08-20,25.3,23.2,2007-08-19 18:01:00+00:00,29.5,2007-08-20 06:25:00+00:00,5.5,,,5.0,,0.3,230.6,1440,567,126.913,37.9483
2007-08-20,25.3,22.7,2007-08-20 13:10:00+00:00,29.5,2007-08-20 06:55:00+00:00,1.0,,,5.1,,1.1,224.5,1440,568,127.3174,37.9613
2007-08-20,27.5,23.7,2007-08-19 19:15:00+00:00,32.1,2007-08-20 04:52:00+00:00,0.0,,,5.8,,1.1,191.5,1429,569,127.1312,37.5994
2007-08-20,26.6,23.9,2007-08-19 19:38:00+00:00,30.3,2007-08-20 05:01:00+00:00,0.0,,,6.3,,1.0,218.4,1437,570,126.6472,37.6215
2007-08-20,27.2,23.5,2007-08-19 16:20:00+00:00,31.9,2007-08-20 04:33:00+00:00,0.0,,,5.9,,1.2,178.9,1428,571,126.8209,37.1953
2007-08-20,26.8,21.8,2007-08-19 20:30:00+00:00,33.3,2007-08-20 04:54:00+00:00,1.0,,,6.0,,0.8,212.3,1440,574,127.5865,37.3751
2007-08-20,28.2,23.3,2007-08-19 17:20:00+00:00,34.1,2007-08-20 05:06:00+00:00,5.0,,,6.0,,1.1,266.6,1440,575,127.198,37.1399
2007-08-20,26.7,21.8,2007-08-19 21:06:00+00:00,32.3,2007-08-20 06:30:00+00:00,0.5,,,7.0,,1.1,253.4,1440,576,127.3755,37.1634
2007-08-20,26.7,23.9,2007-08-19 16:13:00+00:00,29.7,2007-08-20 04:05:00+00:00,0.0,,,5.8,,1.6,241.8,1437,577,126.3365,37.5341
2007-08-20,27.1,24.6,2007-08-19 17:18:00+00:00,30.4,2007-08-20 06:10:00+00:00,0.0,,,6.1,,1.9,202.5,1437,578,126.42,37.45
2007-08-20,23.6,19.0,2007-08-19 18:35:00+00:00,28.6,2007-08-20 05:44:00+00:00,0.0,,,7.9,,1.5,298.1,1440,579,128.9431,37.3495
2007-08-20,28.0,23.5,2007-08-19 16:22:00+00:00,33.4,2007-08-20 04:15:00+00:00,0.0,,,8.3,,2.5,222.1,1440,580,129.0378,37.6126
2007-08-20,23.6,19.4,2007-08-19 20:32:00+00:00,30.2,2007-08-20 06:49:00+00:00,0.0,,,7.4,,0.7,219.3,1440,581,128.8292,37.1293
2007-08-20,24.8,19.7,2007-08-19 20:59:00+00:00,31.2,2007-08-20 05:03:00+00:00,0.0,,,6.3,,0.9,295.2,1429,582,128.0829,37.2278
2007-08-20,24.5,21.2,2007-08-19 20:42:00+00:00,30.8,2007-08-20 04:42:00+00:00,0.0,,,6.4,,1.7,149.1,1427,584,128.7245,37.4711
2007-08-20,25.2,22.4,2007-08-19 17:23:00+00:00,28.9,2007-08-20 06:23:00+00:00,0.5,,,5.0,,1.2,123.8,1440,585,128.0834,37.966
2007-08-20,24.5,20.5,2007-08-20 14:58:00+00:00,28.9,2007-08-20 08:01:00+00:00,0.0,,,4.5,,0.3,149.1,1439,586,127.8858,37.9876
2007-08-20,26.2,22.5,2007-08-19 20:54:00+00:00,31.2,2007-08-20 04:48:00+00:00,0.0,,,6.8,,0.7,351.6,1439,588,127.6429,37.7907
2007-08-20,28.0,23.7,2007-08-19 19:25:00+00:00,32.2,2007-08-20 05:06:00+00:00,0.0,,,6.2,,1.8,258.3,1418,589,126.7586,37.6372
2007-08-20,24.0,19.9,2007-08-19 20:34:00+00:00,28.3,2007-08-20 05:47:00+00:00,0.5,,,5.0,,0.8,286.8,1429,591,128.03,37.43
2007-08-20,27.2,21.4,2007-08-19 20:14:00+00:00,34.1,2007-08-20 05:55:00+00:00,0.0,,,6.4,,0.9,241.8,1429,592,127.7505,37.2075
2007-08-20,23.4,21.0,2007-08-19 16:13:00+00:00,27.3,2007-08-20 06:26:00+00:00,0.0,,,10.5,,3.1,154.6,1439,595,128.374,38.2664
2007-08-20,25.5,21.6,2007-08-19 15:17:00+00:00,28.4,2007-08-20 04:26:00+00:00,0.0,,,11.6,,2.3,303.7,1440,596,128.451,38.0775
2007-08-20,23.6,20.5,2007-08-19 19:30:00+00:00,29.8,2007-08-20 06:09:00+00:00,0.0,,,6.6,,1.0,196.8,1440,597,128.4585,37.5009
2007-08-20,26.0,22.8,2007-08-19 20:24:00+00:00,30.4,2007-08-20 05:07:00+00:00,0.0,,,5.2,,1.1,244.5,1440,598,126.9905,37.8312
2007-08-20,24.0,20.3,2007-08-19 18:54:00+00:00,30.5,2007-08-20 06:25:00+00:00,0.0,,,5.5,,0.4,281.0,1440,599,127.1698,37.7617
2007-08-20,26.9,22.2,2007-08-19 20:35:00+00:00,32.7,2007-08-20 05:45:00+00:00,0.0,,,5.1,,1.1,261.5,1440,600,127.6003,36.9882
2007-08-20,27.0,21.8,2007-08-19 20:26:00+00:00,32.6,2007-08-20 05:28:00+00:00,0.0,,,5.6,,0.9,149.0,1440,601,128.3669,36.9855
2007-08-20,26.3,20.8,2007-08-19 18:36:00+00:00,33.0,2007-08-20 05:58:00+00:00,0.0,,,4.0,,0.7,120.9,1440,602,127.4297,36.8539
2007-08-20,27.7,21.4,2007-08-19 20:06:00+00:00,34.2,2007-08-20 05:19:00+00:00,0.0,,,5.5,,1.1,359.8,1440,603,127.8,36.8
2007-08-20,28.0,22.5,2007-08-19 20:29:00+00:00,34.6,2007-08-20 05:22:00+00:00,0.0,,,4.6,,0.6,300.6,1440,604,127.5965,36.3
2007-08-20,26.8,20.5,2007-08-19 20:37:00+00:00,34.1,2007-08-20 04:06:00+00:00,0.0,,,5.3,,0.8,242.6,1439,605,127.7598,36.1631
2007-08-20,28.4,24.8,2007-08-19 17:35:00+00:00,33.6,2007-08-20 05:53:00+00:00,0.0,,,6.0,,0.5,284.8,1440,606,126.454,36.9984
2007-08-20,27.0,25.6,2007-08-19 21:35:00+00:00,28.8,2007-08-20 03:37:00+00:00,0.0,,,4.7,,1.7,197.4,1440,607,126.15,36.6667
2007-08-20,27.0,22.1,2007-08-19 20:54:00+00:00,32.9,2007-08-20 04:19:00+00:00,0.0,,,6.2,,0.8,0.0,1440,608,126.6816,36.7487
2007-08-20,28.3,25.7,2007-08-19 20:42:00+00:00,32.5,2007-08-20 03:35:00+00:00,0.0,,,4.9,,1.3,251.1,1440,609,126.44,36.42
2007-08-20,27.6,23.9,2007-08-19 19:31:00+00:00,32.5,2007-08-20 04:04:00+00:00,0.0,,,5.7,,0.9,239.0,1440,610,126.63,36.58
2007-08-20,26.4,21.8,2007-08-19 18:58:00+00:00,32.5,2007-08-20 05:26:00+00:00,0.0,,,6.3,,0.5,230.6,1440,611,127.27,36.57
2007-08-20,27.2,22.4,2007-08-19 21:14:00+00:00,32.8,2007-08-20 03:47:00+00:00,0.0,,,4.5,,0.8,182.5,1440,612,127.1,36.4833
2007-08-20,26.6,23.4,2007-08-19 19:13:00+00:00,31.9,2007-08-20 02:31:00+00:00,2.0,,,7.5,,0.9,251.7,1440,614,126.7,36.05
2007-08-20,27.0,21.8,2007-08-19 19:59:00+00:00,33.5,2007-08-20 04:39:00+00:00,0.0,,,8.1,,0.4,233.4,1440,615,127.1,36.1833
2007-08-20,27.0,23.0,2007-08-19 17:55:00+00:00,31.8,2007-08-20 03:44:00+00:00,0.0,,,5.7,,1.6,234.0,1440,616,126.65,36.9
2007-08-20,27.9,23.1,2007-08-19 20:46:00+00:00,33.6,2007-08-20 05:57:00+00:00,2.0,,,7.3,,1.0,222.1,1440,617,127.1561,36.8782
2007-08-20,26.9,22.0,2007-08-19 20:03:00+00:00,32.5,2007-08-20 01:59:00+00:00,0.0,,,6.3,,0.6,270.0,1437,618,126.78,36.42
2007-08-20,26.1,20.2,2007-08-19 20:10:00+00:00,32.5,2007-08-20 05:03:00+00:00,0.0,,,4.6,,0.7,125.4,1440,619,127.68,36.93
2007-08-20,27.8,21.9,2007-08-19 20:54:00+00:00,35.3,2007-08-20 06:51:00+00:00,2.0,,,4.8,,1.0,307.8,1440,620,127.9152,37.0865
2007-08-20,27.5,22.9,2007-08-19 21:13:00+00:00,33.0,2007-08-20 07:25:00+00:00,0.0,,,5.3,,0.7,176.5,1440,621,128.1678,37.0003
2007-08-20,26.8,20.9,2007-08-19 20:47:00+00:00,33.8,2007-08-20 05:34:00+00:00,2.0,,,4.7,,0.8,337.2,1440,622,127.9939,36.842
2007-08-20,26.8,21.0,2007-08-19 20:57:00+00:00,32.7,2007-08-20 06:24:00+00:00,0.0,,,6.2,,1.2,225.0,1440,623,127.58,36.78
2007-08-20,25.6,20.7,2007-08-19 21:36:00+00:00,32.4,2007-08-20 05:40:00+00:00,1.5,,,6.3,,1.1,165.0,1440,624,127.6588,36.6294
2007-08-20,25.5,20.4,2007-08-19 20:38:00+00:00,32.1,2007-08-20 06:03:00+00:00,0.0,,,4.6,,0.7,239.1,1440,625,127.8167,36.5172
2007-08-20,27.9,23.2,2007-08-19 21:39:00+00:00,33.9,2007-08-20 05:15:00+00:00,0.0,,,6.0,,1.1,300.7,1440,626,127.8156,36.3709
2007-08-20,27.6,24.8,2007-08-19 19:31:00+00:00,30.9,2007-08-20 04:12:00+00:00,0.0,,,6.6,,1.6,247.5,1440,627,126.2964,36.7585
2007-08-20,29.2,24.4,2007-08-19 19:56:00+00:00,34.8,2007-08-20 03:51:00+00:00,0.0,,,7.0,,1.5,260.7,1440,628,126.8,36.6778
2007-08-20,26.1,21.1,2007-08-19 18:55:00+00:00,31.2,2007-08-20 05:10:00+00:00,0.0,,,4.8,,0.7,314.4,1440,629,127.1959,36.6814
2007-08-20,27.1,21.2,2007-08-19 20:59:00+00:00,33.1,2007-08-20 05:46:00+00:00,0.5,,,5.2,,1.0,285.8,1440,630,127.7563,37.0451
2007-08-20,24.6,23.4,2007-08-19 17:43:00+00:00,26.4,2007-08-20 05:52:00+00:00,0.0,,,8.1,,3.3,254.8,1437,631,126.5133,37.355
2007-08-20,26.8,21.8,2007-08-19 21:14:00+00:00,32.3,2007-08-20 05:04:00+00:00,0.0,,,5.8,,1.2,178.0,1440,633,127.1227,36.6094
2007-08-20,27.7,23.3,2007-08-19 20:47:00+00:00,34.1,2007-08-20 04:28:00+00:00,0.0,,,5.0,,0.4,0.6,1440,634,126.8858,36.8664
2007-08-20,26.8,22.1,2007-08-19 18:35:00+00:00,32.4,2007-08-20 02:39:00+00:00,0.0,,,8.1,,1.1,239.1,1440,635,126.7609,36.2139
2007-08-20,27.2,21.6,2007-08-19 20:40:00+00:00,33.9,2007-08-20 05:12:00+00:00,0.0,,,5.6,,1.1,211.0,1440,636,127.23,36.3
2007-08-20,27.8,24.2,2007-08-19 15:15:00+00:00,32.4,2007-08-20 03:49:00+00:00,0.0,,,5.7,,1.0,247.5,1440,637,126.2807,36.8699
2007-08-20,27.0,22.7,2007-08-19 20:44:00+00:00,32.6,2007-08-20 05:42:00+00:00,1.0,,,7.3,,1.3,286.8,1440,638,128.4874,37.0787
2007-08-20,26.3,20.5,2007-08-19 20:37:00+00:00,32.1,2007-08-20 05:45:00+00:00,0.0,,,7.3,,1.0,336.0,1440,639,128.1643,36.9117
2007-08-20,26.5,21.7,2007-08-19 20:51:00+00:00,32.4,2007-08-20 06:02:00+00:00,0.0,,,5.6,,0.8,295.9,1440,640,127.86,36.76
2007-08-20,27.3,22.8,2007-08-19 20:45:00+00:00,32.9,2007-08-20 06:34:00+00:00,0.0,,,8.8,,1.2,294.2,1440,641,127.48,36.47
2007-08-20,27.9,23.6,2007-08-19 20:55:00+00:00,34.0,2007-08-20 04:26:00+00:00,2.0,,,6.3,,1.4,302.2,1440,642,127.4061,36.3105
2007-08-20,26.7,22.3,2007-08-19 20:59:00+00:00,32.0,2007-08-20 02:42:00+00:00,2.5,,,5.0,,0.8,276.2,1440,643,127.49,36.34
2007-08-20,25.8,21.1,2007-08-19 20:39:00+00:00,33.5,2007-08-20 04:26:00+00:00,1.5,,,7.8,,1.2,240.2,1440,644,127.2327,36.1385
2007-08-20,28.3,24.3,2007-08-19 21:09:00+00:00,33.8,2007-08-20 03:11:00+00:00,0.0,,,5.6,,0.8,248.6,1440,645,126.5173,36.5804
2007-08-20,28.0,23.9,2007-08-19 18:10:00+00:00,33.0,2007-08-20 01:51:00+00:00,0.5,,,5.0,,1.2,204.2,1440,646,126.5496,36.153
2007-08-20,26.9,21.8,2007-08-19 19:24:00+00:00,33.1,2007-08-20 04:12:00+00:00,0.0,,,4.9,,0.7,255.8,1440,647,127.6695,36.1173
2007-08-20,28.2,23.2,2007-08-19 20:52:00+00:00,34.2,2007-08-20 03:38:00+00:00,0.0,,,7.9,,0.8,216.6,1440,648,127.3833,36.4333
2007-08-20,25.2,23.3,2007-08-19 21:35:00+00:00,29.2,2007-08-20 04:55:00+00:00,0.0,,,6.1,,1.7,220.5,1440,650,127.3333,38.2833
2007-08-20,25.0,23.2,2007-08-19 19:28:00+00:00,28.6,2007-08-20 04:25:00+00:00,0.0,,,8.8,,2.5,246.4,1439,651,127.1652,38.264
2007-08-20,26.2,23.9,2007-08-20 00:32:00+00:00,31.1,2007-08-20 06:37:00+00:00,12.0,,,6.1,,0.7,216.6,1440,652,127.0781,38.0265
2007-08-20,26.5,23.9,2007-08-19 15:28:00+00:00,30.5,2007-08-20 02:58:00+00:00,0.0,,,5.5,,0.4,227.6,1437,654,126.3072,37.2546
2007-08-20,26.6,24.9,2007-08-19 20:08:00+00:00,29.4,2007-08-20 05:03:00+00:00,0.0,,,8.1,,5.1,235.0,1357,655,124.7291,37.7602
2007-08-20,27.1,25.2,2007-08-19 16:05:00+00:00,30.1,2007-08-20 04:41:00+00:00,0.0,,,7.0,,1.9,258.0,1410,656,126.1922,37.6709
2007-08-20,27.6,24.7,2007-08-19 21:11:00+00:00,30.8,2007-08-20 00:42:00+00:00,0.0,,,5.7,,1.7,207.0,1440,657,126.5,36.3167
2007-08-20,26.1,23.3,2007-08-19 15:24:00+00:00,28.9,2007-08-20 06:31:00+00:00,0.0,,,7.5,,1.9,239.0,1440,658,126.1333,36.8333
2007-08-20,20.8,18.3,2007-08-19 18:54:00+00:00,26.9,2007-08-20 04:55:00+00:00,3.5,,,7.7,,3.4,293.0,1440,659,127.2057,36.343
2007-08-20,23.5,20.2,2007-08-20 13:12:00+00:00,28.0,2007-08-20 06:00:00+00:00,0.0,,,5.8,,1.1,213.1,1440,660,128.35,37.55
2007-08-20,27.6,22.3,2007-08-19 17:56:00+00:00,32.9,2007-08-20 02:31:00+00:00,0.0,,,7.9,,1.8,273.9,1439,661,128.4,38.5333
2007-08-20,26.1,24.6,2007-08-19 15:42:00+00:00,28.8,2007-08-20 01:58:00+00:00,0.0,,,7.0,,2.6,175.0,1430,662,126.35,37.1467
2007-08-20,26.7,24.1,2007-08-19 20:05:00+00:00,30.9,2007-08-20 07:04:00+00:00,0.0,,,7.5,,3.7,190.7,1435,663,125.7869,36.9286
2007-08-20,26.8,23.6,2007-08-19 16:06:00+00:00,31.1,2007-08-20 05:00:00+00:00,0.0,,,7.0,,1.9,238.0,1436,664,126.4667,37.2667
2007-08-20,26.6,23.9,2007-08-19 18:34:00+00:00,30.4,2007-08-20 04:15:00+00:00,0.0,,,9.8,,1.7,223.1,1437,665,126.4167,37.3833
2007-08-20,25.9,23.7,2007-08-19 16:48:00+00:00,27.3,2007-08-19 22:34:00+00:00,0.0,,,8.4,,3.5,186.0,1194,666,126.1667,36.95
2007-08-20,25.4,23.2,2007-08-19 16:10:00+00:00,27.1,2007-08-20 01:52:00+00:00,0.0,,,4.8,,1.1,163.0,1432,669,125.45,36.2167
2007-08-20,27.8,23.7,2007-08-19 19:01:00+00:00,31.4,2007-08-20 04:24:00+00:00,0.0,,,14.3,,4.2,244.2,1414,670,128.6297,38.0873
2007-08-20,28.3,24.3,2007-08-19 18:41:00+00:00,31.5,2007-08-20 05:27:00+00:00,0.0,,,9.7,,1.9,239.7,1405,671,128.5941,38.1988
2007-08-20,29.1,25.8,2007-08-19 20:14:00+00:00,33.8,2007-08-20 03:58:00+00:00,0.0,,,5.1,,1.0,127.5,1440,720,126.5676,34.1691
2007-08-20,27.6,24.5,2007-08-19 19:53:00+00:00,32.6,2007-08-20 04:55:00+00:00,0.0,,,5.6,,0.5,209.4,1440,721,127.0298,34.349
2007-08-20,26.9,22.6,2007-08-19 20:29:00+00:00,34.2,2007-08-20 05:54:00+00:00,5.0,,,9.8,,1.7,200.3,1440,722,126.9288,35.1368
2007-08-20,27.9,25.5,2007-08-19 20:04:00+00:00,31.1,2007-08-20 03:43:00+00:00,0.0,,,9.6,,1.7,185.5,1440,723,127.3064,34.0236
2007-08-20,28.8,26.0,2007-08-19 19:58:00+00:00,33.1,2007-08-20 07:28:00+00:00,0.0,,,7.3,,1.6,131.3,1437,724,126.2927,33.9591
2007-08-20,26.5,24.8,2007-08-19 20:52:00+00:00,31.0,2007-08-20 02:26:00+00:00,0.0,,,11.5,,2.9,174.9,1398,725,126.9534,33.5065
2007-08-20,28.0,26.0,2007-08-19 21:42:00+00:00,29.2,2007-08-20 04:11:00+00:00,1.0,,,11.1,,3.5,98.5,1422,726,126.2714,33.1137
2007-08-20,26.0,23.2,2007-08-19 20:28:00+00:00,32.4,2007-08-20 02:57:00+00:00,9.0,,,7.4,,2.3,187.6,1413,727,126.3949,33.39
2007-08-20,26.3,21.7,2007-08-19 20:57:00+00:00,32.7,2007-08-20 03:39:00+00:00,13.5,,,6.4,,1.0,42.2,1440,729,127.13,35.38
2007-08-20,27.9,22.3,2007-08-19 20:42:00+00:00,34.1,2007-08-20 04:18:00+00:00,0.0,,,5.8,,1.2,163.1,1440,730,126.82,35.32
2007-08-20,27.4,23.9,2007-08-19 20:26:00+00:00,34.0,2007-08-20 05:29:00+00:00,13.0,,,8.5,,1.3,150.8,1440,731,126.7013,34.7998
2007-08-20,24.8,21.6,2007-08-19 20:50:00+00:00,32.8,2007-08-20 03:24:00+00:00,55.0,,,7.2,,0.6,48.8,1440,732,127.08,34.77
2007-08-20,26.5,22.9,2007-08-19 18:54:00+00:00,32.6,2007-08-20 02:40:00+00:00,6.0,,,5.2,,0.6,278.3,1440,733,126.959,36.0412
2007-08-20,26.8,22.0,2007-08-19 20:37:00+00:00,34.2,2007-08-20 02:55:00+00:00,0.0,,,6.6,,1.3,219.3,1440,734,127.205,35.9765
2007-08-20,23.6,17.5,2007-08-19 20:56:00+00:00,29.7,2007-08-20 03:54:00+00:00,1.0,,,5.6,,0.8,91.6,1440,735,127.7755,35.9008
2007-08-20,27.6,24.0,2007-08-19 19:27:00+00:00,32.1,2007-08-20 04:08:00+00:00,0.0,,,3.3,,0.8,297.2,1440,736,126.75,35.87
2007-08-20,28.1,23.8,2007-08-19 20:16:00+00:00,34.5,2007-08-20 05:04:00+00:00,0.0,,,4.6,,1.0,326.2,1440,737,126.8769,35.7943
2007-08-20,27.9,24.1,2007-08-19 18:30:00+00:00,32.4,2007-08-20 05:10:00+00:00,0.0,,,6.1,,1.1,235.7,1440,738,126.6775,35.5904
2007-08-20,27.5,22.9,2007-08-19 20:55:00+00:00,32.3,2007-08-20 04:13:00+00:00,0.0,,,5.7,,1.0,306.3,1440,739,126.5511,35.5243
2007-08-20,26.5,22.9,2007-08-19 20:27:00+00:00,34.4,2007-08-20 06:05:00+00:00,8.5,,,6.2,,0.5,306.0,1439,741,126.98,35.05
2007-08-20,28.3,24.8,2007-08-19 18:51:00+00:00,32.9,2007-08-20 02:09:00+00:00,0.0,,,6.6,,1.5,265.1,1440,742,126.35,34.95
2007-08-20,28.2,25.4,2007-08-19 15:11:00+00:00,31.8,2007-08-20 01:21:00+00:00,0.0,,,7.4,,2.0,235.3,1440,743,125.9266,34.7555
2007-08-20,28.0,24.1,2007-08-19 15:17:00+00:00,31.9,2007-08-20 02:38:00+00:00,0.0,,,6.8,,1.5,290.8,1439,744,126.3276,34.6709
2007-08-20,26.9,24.1,2007-08-19 20:10:00+00:00,32.7,2007-08-20 03:18:00+00:00,51.5,,,10.1,,0.8,152.7,1440,745,126.7728,34.6352
2007-08-20,28.2,24.7,2007-08-19 18:55:00+00:00,32.3,2007-08-20 00:47:00+00:00,0.0,,,4.8,,1.5,210.8,1440,746,126.5169,34.3695
2007-08-20,28.0,25.0,2007-08-19 20:35:00+00:00,32.5,2007-08-20 03:31:00+00:00,0.0,,,8.7,,0.8,182.1,1440,747,126.859,34.1799
2007-08-20,28.7,25.3,2007-08-19 20:57:00+00:00,34.4,2007-08-20 04:11:00+00:00,0.0,,,5.4,,1.2,174.3,1440,749,127.1386,34.5295
2007-08-20,28.2,25.6,2007-08-19 20:27:00+00:00,31.9,2007-08-20 01:59:00+00:00,0.0,,,6.5,,1.2,181.5,1440,750,127.6256,34.6308
2007-08-20,26.1,22.7,2007-08-19 19:57:00+00:00,30.8,2007-08-20 01:17:00+00:00,1.5,,,9.7,,2.3,237.9,1437,751,126.7119,33.4585
2007-08-20,21.8,19.0,2007-08-19 17:52:00+00:00,26.9,2007-08-20 02:16:00+00:00,33.0,,,6.6,,0.8,165.5,1420,753,126.4941,33.3921
2007-08-20,28.4,23.7,2007-08-19 18:30:00+00:00,34.2,2007-08-20 05:05:00+00:00,0.0,,,8.2,,1.2,86.2,1440,754,126.5225,35.0635
2007-08-20,19.0,,,,,,,,,,,,144,870,126.55,33.3833
2007-08-20,26.3,21.5,2007-08-19 20:32:00+00:00,33.3,2007-08-20 04:42:00+00:00,17.0,,,6.6,,0.8,246.8,1440,755,127.13,35.17
2007-08-20,28.2,24.6,2007-08-19 16:55:00+00:00,32.1,2007-08-20 05:53:00+00:00,0.0,,,5.0,,1.3,196.6,1440,756,126.2931,35.6028
2007-08-20,25.5,19.2,2007-08-19 21:02:00+00:00,32.8,2007-08-20 03:33:00+00:00,0.0,,,6.9,,0.7,19.7,1440,757,127.4254,35.9715
2007-08-20,25.6,20.7,2007-08-19 21:17:00+00:00,31.2,2007-08-20 02:55:00+00:00,0.0,,,5.3,,1.1,227.8,1440,758,127.5682,35.8355
2007-08-20,23.3,18.2,2007-08-19 20:34:00+00:00,30.7,2007-08-20 07:05:00+00:00,0.5,,,5.1,,0.9,95.5,1440,759,127.6,35.37
2007-08-20,25.6,19.5,2007-08-19 20:52:00+00:00,32.5,2007-08-20 05:28:00+00:00,0.0,,,5.3,,1.0,357.2,1440,760,126.9298,35.4321
2007-08-20,27.4,23.0,2007-08-19 19:02:00+00:00,33.3,2007-08-20 05:42:00+00:00,0.0,,,5.8,,0.9,326.2,1440,761,126.9325,35.6507
2007-08-20,25.4,21.0,2007-08-19 19:55:00+00:00,30.7,2007-08-20 07:02:00+00:00,4.0,,,5.0,,1.2,115.3,1440,762,127.1116,35.5424
2007-08-20,26.8,22.9,2007-08-19 20:56:00+00:00,33.6,2007-08-20 02:51:00+00:00,2.5,,,9.2,,1.0,270.0,1440,763,127.07,36.05
2007-08-20,25.8,21.3,2007-08-19 17:09:00+00:00,31.3,2007-08-20 06:28:00+00:00,2.0,,,4.9,,0.7,343.1,1440,764,127.1783,35.684
2007-08-20,26.3,23.1,2007-08-19 16:18:00+00:00,34.0,2007-08-20 04:03:00+00:00,5.5,,,6.0,,0.7,213.8,1440,765,127.1724,34.9293
2007-08-20,28.0,25.4,2007-08-19 20:40:00+00:00,32.7,2007-08-20 04:28:00+00:00,0.0,,,7.8,,2.9,299.2,1401,766,127.72,34.85
2007-08-20,27.0,22.9,2007-08-19 21:03:00+00:00,31.8,2007-08-20 02:51:00+00:00,3.5,,,7.0,,1.4,216.6,1440,767,127.4559,34.602
2007-08-20,27.4,22.8,2007-08-19 19:44:00+00:00,32.1,2007-08-20 06:51:00+00:00,0.0,,,7.5,,1.6,287.8,1425,407,127.0894,37.6194
2007-08-20,26.1,22.9,2007-08-19 19:58:00+00:00,32.8,2007-08-20 04:10:00+00:00,1.5,,,8.4,,1.0,191.7,1440,768,127.2908,35.2802
2007-08-20,26.7,20.6,2007-08-19 20:32:00+00:00,33.7,2007-08-20 06:37:00+00:00,0.0,,,6.7,,0.9,270.0,1440,803,129.07,36.42
2007-08-20,,,,,,6.5,,,,,,,1021,507,127.1891,37.9917
2007-08-20,29.4,23.7,2007-08-19 17:43:00+00:00,34.8,2007-08-20 06:28:00+00:00,0.0,,,5.4,,0.7,240.3,1433,804,129.338,36.1996
2007-08-20,26.6,21.1,2007-08-19 20:55:00+00:00,33.4,2007-08-20 06:22:00+00:00,0.0,,,6.6,,0.9,292.9,1429,805,129.0958,36.1602
2007-08-20,27.5,22.1,2007-08-19 21:12:00+00:00,33.3,2007-08-20 04:59:00+00:00,0.0,,,5.0,,1.2,265.4,1440,806,128.2903,36.2334
2007-08-20,27.3,21.8,2007-08-19 21:05:00+00:00,32.9,2007-08-20 07:45:00+00:00,0.0,,,5.5,,1.1,340.0,1440,807,128.7261,36.172
2007-08-20,27.4,20.9,2007-08-19 21:28:00+00:00,35.0,2007-08-20 05:32:00+00:00,0.0,,,4.8,,1.1,253.1,1439,809,127.9689,35.9179
2007-08-20,29.4,23.9,2007-08-19 20:43:00+00:00,35.8,2007-08-20 05:08:00+00:00,0.0,,,4.4,,0.6,171.5,1440,810,128.28,35.93
2007-08-20,27.8,22.9,2007-08-19 21:03:00+00:00,35.0,2007-08-20 06:44:00+00:00,0.0,,,5.3,,0.8,251.6,1440,813,128.73,35.65
2007-08-20,26.4,21.1,2007-08-19 21:01:00+00:00,32.0,2007-08-20 04:44:00+00:00,0.0,,,6.5,,1.1,266.0,1440,814,128.6541,36.9789
2007-08-20,27.3,21.5,2007-08-19 21:00:00+00:00,33.7,2007-08-20 06:11:00+00:00,0.0,,,6.4,,1.3,240.7,1440,815,128.4644,36.66
2007-08-20,28.5,23.4,2007-08-19 21:00:00+00:00,35.5,2007-08-20 06:07:00+00:00,1.0,,,8.5,,1.1,243.0,1433,816,129.4932,35.8959
2007-08-20,25.3,21.1,2007-08-19 18:30:00+00:00,29.9,2007-08-20 06:40:00+00:00,0.0,,,6.7,,1.2,271.0,1440,817,129.21,36.7655
2007-08-20,27.1,21.0,2007-08-19 20:56:00+00:00,33.6,2007-08-20 06:17:00+00:00,0.0,,,7.5,,1.3,272.7,1430,818,128.1069,36.7373
2007-08-20,26.3,21.3,2007-08-19 20:58:00+00:00,32.7,2007-08-20 06:42:00+00:00,0.0,,,6.4,,0.9,241.8,1440,819,128.8852,36.6613
2007-08-20,28.1,22.9,2007-08-19 20:11:00+00:00,34.5,2007-08-20 06:16:00+00:00,0.0,,,6.3,,1.6,236.3,1440,820,128.5065,36.5562
2007-08-20,28.0,22.2,2007-08-19 20:39:00+00:00,34.0,2007-08-20 06:15:00+00:00,0.0,,,6.5,,1.2,286.8,1430,821,128.0925,36.2835
2007-08-20,27.0,21.0,2007-08-19 21:02:00+00:00,33.9,2007-08-20 06:05:00+00:00,0.0,,,4.1,,0.7,115.3,1440,822,128.13,36.13
2007-08-20,27.8,22.0,2007-08-19 19:46:00+00:00,35.4,2007-08-20 06:19:00+00:00,0.0,,,5.9,,1.3,239.1,1438,823,128.57,36.23
2007-08-20,28.2,22.8,2007-08-19 21:09:00+00:00,34.6,2007-08-20 06:27:00+00:00,0.0,,,3.7,,0.9,236.3,1440,825,128.3833,36.0386
2007-08-20,29.7,24.8,2007-08-19 21:04:00+00:00,35.6,2007-08-20 05:10:00+00:00,0.0,,,6.6,,1.5,312.1,1422,826,128.7932,36.0414
2007-08-20,21.5,,,,,,,,,,,,144,873,127.9667,37.25
2007-08-20,28.5,24.0,2007-08-19 19:54:00+00:00,34.9,2007-08-20 07:27:00+00:00,0.0,,,4.0,,0.8,71.3,1440,828,128.45,35.7
2007-08-20,29.7,24.3,2007-08-19 19:30:00+00:00,35.5,2007-08-20 04:23:00+00:00,0.0,,,5.5,,1.3,300.3,1422,829,129.3271,35.7176
2007-08-20,27.8,23.4,2007-08-19 20:32:00+00:00,33.7,2007-08-20 07:23:00+00:00,0.0,,,5.6,,0.6,309.3,1425,830,129.2064,36.0706
2007-08-20,24.4,19.7,2007-08-19 20:44:00+00:00,31.2,2007-08-20 01:59:00+00:00,0.0,,,6.9,,1.3,191.3,1439,831,129.0651,37.0486
2007-08-20,28.6,23.0,2007-08-19 21:16:00+00:00,35.3,2007-08-20 05:56:00+00:00,0.0,,,6.1,,1.3,292.5,1440,832,128.4401,36.3839
2007-08-20,26.5,21.0,2007-08-19 19:54:00+00:00,33.3,2007-08-20 05:59:00+00:00,0.0,,,7.4,,1.3,351.6,1430,833,128.0037,36.6008
2007-08-20,26.4,21.7,2007-08-19 20:18:00+00:00,31.9,2007-08-20 06:17:00+00:00,0.0,,,6.6,,2.0,306.6,1430,834,127.9515,36.4455
2007-08-20,26.8,21.1,2007-08-19 20:12:00+00:00,33.6,2007-08-20 06:50:00+00:00,0.0,,,6.0,,1.1,261.6,1440,835,128.73,36.88
2007-08-20,25.8,20.8,2007-08-19 21:01:00+00:00,33.0,2007-08-20 04:11:00+00:00,0.0,,,6.2,,1.3,317.7,1440,836,128.8959,36.2759
2007-08-20,26.1,19.8,2007-08-19 20:51:00+00:00,32.4,2007-08-20 07:15:00+00:00,0.0,,,6.4,,1.3,317.7,1430,838,128.3149,36.7734
2007-08-20,27.5,22.2,2007-08-19 21:06:00+00:00,33.5,2007-08-20 06:46:00+00:00,0.0,,,7.4,,1.7,239.1,1440,839,128.8944,36.456
2007-08-20,27.5,22.1,2007-08-19 19:50:00+00:00,32.8,2007-08-20 04:06:00+00:00,0.0,,,8.2,,1.9,243.2,1413,548,127.65,37.3
2007-08-20,22.9,20.3,2007-08-19 16:13:00+00:00,26.9,2007-08-20 02:08:00+00:00,0.5,,,6.3,,1.2,236.3,1440,559,128.3898,37.7739
2007-08-20,28.9,23.5,2007-08-19 21:08:00+00:00,35.3,2007-08-20 05:08:00+00:00,0.0,,,3.0,,0.4,201.3,1439,840,128.8231,35.9098
2007-08-20,27.9,22.6,2007-08-19 20:08:00+00:00,33.4,2007-08-20 05:55:00+00:00,0.0,,,6.1,,1.3,288.4,1430,841,128.9224,36.1076
2007-08-20,26.6,21.8,2007-08-19 21:45:00+00:00,32.8,2007-08-20 06:23:00+00:00,0.0,,,5.3,,0.7,221.0,1431,842,129.0473,35.7576
2007-08-20,27.2,22.1,2007-08-19 20:58:00+00:00,33.5,2007-08-20 04:30:00+00:00,0.0,,,7.6,,1.3,246.8,1440,843,129.2472,36.9356
2007-08-20,29.2,24.1,2007-08-19 20:54:00+00:00,36.2,2007-08-20 07:25:00+00:00,0.0,,,8.8,,1.5,233.2,1440,844,129.37,36.42
2007-08-20,30.1,25.3,2007-08-19 21:16:00+00:00,35.3,2007-08-20 05:26:00+00:00,0.0,,,6.1,,1.9,183.6,1440,846,128.5442,35.8679
2007-08-20,27.0,21.6,2007-08-19 19:43:00+00:00,33.9,2007-08-20 05:14:00+00:00,0.0,,,2.8,,0.4,325.4,1440,847,128.4665,36.2763
2007-08-20,27.8,22.4,2007-08-19 20:50:00+00:00,34.3,2007-08-20 06:50:00+00:00,0.0,,,6.4,,1.3,162.7,1440,848,128.8922,35.687
2007-08-20,28.2,23.1,2007-08-19 20:54:00+00:00,33.5,2007-08-20 06:04:00+00:00,0.0,,,2.8,,0.8,230.1,1440,849,128.299,36.5106
2007-08-20,27.5,24.1,2007-08-19 21:04:00+00:00,34.1,2007-08-20 07:51:00+00:00,0.0,,,8.5,,1.5,165.8,1433,850,129.5012,35.8071
2007-08-20,26.0,20.9,2007-08-20 14:15:00+00:00,33.6,2007-08-20 02:20:00+00:00,0.0,,,5.5,,0.8,135.4,1440,851,129.3239,37.0372
2007-08-20,27.7,23.1,2007-08-19 20:23:00+00:00,33.6,2007-08-20 01:33:00+00:00,0.0,,,5.5,,1.5,281.1,1440,852,129.4167,37.05
2007-08-20,24.7,21.2,2007-08-19 19:10:00+00:00,30.9,2007-08-20 05:18:00+00:00,0.0,,,5.0,,1.0,347.4,1440,853,128.6213,36.0183
2007-08-20,28.5,22.1,2007-08-19 21:01:00+00:00,34.9,2007-08-20 06:12:00+00:00,0.0,,,8.3,,0.7,257.7,1420,854,129.1596,35.5239
2007-08-20,28.7,25.6,2007-08-19 20:05:00+00:00,31.1,2007-08-20 03:01:00+00:00,12.5,,,7.9,,3.1,178.4,1433,855,126.2735,33.1664
2007-08-20,24.2,19.6,2007-08-19 19:52:00+00:00,30.0,2007-08-20 03:05:00+00:00,0.5,,,4.2,,0.4,185.0,1439,856,127.6294,35.0836
2007-08-20,27.9,25.2,2007-08-19 18:30:00+00:00,30.7,2007-08-20 04:38:00+00:00,0.0,,,2.2,,0.2,166.9,1440,857,126.6989,34.2975
2007-08-20,27.1,24.9,2007-08-19 16:02:00+00:00,30.1,2007-08-20 04:18:00+00:00,0.0,,,5.6,,2.1,72.1,1440,858,126.1175,34.4583
2007-08-20,21.3,20.5,2007-08-19 16:03:00+00:00,23.4,2007-08-20 05:34:00+00:00,1.5,,,12.5,,4.3,263.6,1226,874,127.5833,38.2833
2007-08-20,16.0,,,,,,,,,,,,144,875,128.4667,38.1333
2007-08-20,27.8,23.1,2007-08-19 18:40:00+00:00,32.7,2007-08-20 01:06:00+00:00,0.0,,,4.6,,1.1,232.1,1440,876,129.1631,37.4354
2007-08-20,27.6,22.8,2007-08-19 20:30:00+00:00,33.3,2007-08-20 07:26:00+00:00,0.0,,,6.4,,0.8,275.4,1429,877,127.7917,37.3083
2007-08-20,28.9,23.4,2007-08-19 20:51:00+00:00,34.9,2007-08-20 07:29:00+00:00,0.0,,,5.2,,0.9,267.5,1423,900,129.0998,35.5824
2007-08-20,27.0,24.4,2007-08-19 16:35:00+00:00,31.1,2007-08-20 07:03:00+00:00,0.0,,,8.5,,1.9,234.4,1412,901,129.4424,35.4927
2007-08-20,24.4,20.6,2007-08-19 19:39:00+00:00,28.5,2007-08-20 02:31:00+00:00,9.5,,,4.9,,0.5,132.1,1384,902,127.7594,35.3188
2007-08-20,27.9,23.9,2007-08-19 20:40:00+00:00,32.9,2007-08-20 07:59:00+00:00,0.0,,,8.8,,2.2,181.2,1408,905,129.0386,35.3319
2007-08-20,28.3,22.6,2007-08-19 21:01:00+00:00,36.2,2007-08-20 07:28:00+00:00,0.0,,,5.6,,1.2,277.4,1399,906,127.6254,35.1883
2007-08-20,28.3,25.1,2007-08-19 20:30:00+00:00,31.7,2007-08-20 08:40:00+00:00,0.0,,,5.5,,1.5,121.4,1428,907,128.07,34.93
2007-08-20,28.0,22.9,2007-08-19 20:56:00+00:00,33.2,2007-08-20 06:54:00+00:00,0.0,,,5.6,,1.3,296.5,1433,908,128.75,35.12
2007-08-20,27.7,24.9,2007-08-19 20:59:00+00:00,32.0,2007-08-20 05:54:00+00:00,0.0,,,10.1,,4.0,199.6,1439,910,129.08,35.07
2007-08-20,26.6,23.9,2007-08-19 21:04:00+00:00,29.8,2007-08-20 01:55:00+00:00,0.0,,,10.7,,4.0,247.5,1197,911,128.5778,34.6477
2007-08-20,27.7,24.6,2007-08-19 20:53:00+00:00,31.1,2007-08-20 05:04:00+00:00,0.0,,,5.1,,1.5,251.5,1398,913,127.9854,34.7238
2007-08-20,25.1,20.1,2007-08-19 21:41:00+00:00,31.8,2007-08-20 04:38:00+00:00,7.5,,,6.0,,1.5,224.4,1433,914,127.696,35.6447
2007-08-20,27.6,21.8,2007-08-19 21:43:00+00:00,33.5,2007-08-20 06:16:00+00:00,0.0,,,5.5,,0.7,207.2,1421,915,128.12,35.42
2007-08-20,26.9,21.5,2007-08-19 20:55:00+00:00,32.4,2007-08-20 03:18:00+00:00,0.0,,,5.1,,0.9,260.9,1418,916,127.95,35.3
2007-08-20,28.9,23.8,2007-08-19 21:01:00+00:00,33.3,2007-08-20 02:15:00+00:00,0.0,,,8.3,,2.2,172.0,1426,918,128.3333,34.97
2007-08-20,28.1,22.7,2007-08-19 20:49:00+00:00,36.0,2007-08-20 06:51:00+00:00,0.0,,,6.7,,1.2,279.1,1414,919,128.47,35.55
2007-08-20,27.8,22.0,2007-08-19 20:09:00+00:00,34.0,2007-08-20 06:32:00+00:00,0.0,,,,,0.4,,1409,920,128.4,35.3
2007-08-20,27.7,25.0,2007-08-19 20:13:00+00:00,32.5,2007-08-20 05:33:00+00:00,0.0,,,9.7,,2.6,188.3,1439,921,128.8291,34.9897
2007-08-20,26.9,22.6,2007-08-19 20:24:00+00:00,32.4,2007-08-20 04:39:00+00:00,1.0,,,4.9,,1.5,305.0,1438,922,128.9189,35.3647
2007-08-20,29.7,24.6,2007-08-19 20:01:00+00:00,34.6,2007-08-20 04:39:00+00:00,0.0,,,10.2,,2.0,154.0,1434,923,129.2323,35.264
2007-08-20,27.1,25.0,2007-08-19 22:26:00+00:00,29.8,2007-08-20 06:41:00+00:00,0.0,,,7.2,,2.0,201.7,1411,924,129.3603,35.3587
2007-08-20,28.6,22.5,2007-08-19 20:50:00+00:00,35.4,2007-08-20 06:54:00+00:00,0.0,,,5.4,,0.8,230.0,1421,925,128.8534,35.3277
2007-08-20,28.2,22.4,2007-08-19 20:53:00+00:00,33.9,2007-08-20 05:30:00+00:00,0.0,,,7.5,,1.6,320.0,1429,926,128.4719,35.1137
2007-08-20,29.8,24.0,2007-08-19 20:15:00+00:00,37.0,2007-08-20 07:16:00+00:00,0.0,,,5.5,,0.8,226.2,1404,927,128.8809,35.5842
2007-08-20,29.7,24.5,2007-08-19 20:31:00+00:00,35.0,2007-08-20 07:25:00+00:00,0.0,,,7.3,,2.0,166.4,1436,928,129.1792,35.4122
2007-08-20,27.0,20.9,2007-08-19 21:11:00+00:00,33.2,2007-08-20 02:30:00+00:00,0.0,,,5.2,,1.0,321.7,1425,929,128.2586,35.0989
2007-08-20,27.5,24.0,2007-08-19 20:41:00+00:00,31.4,2007-08-20 04:36:00+00:00,0.0,,,8.8,,2.4,241.8,1436,930,128.2251,34.8436
2007-08-20,27.9,25.7,2007-08-19 19:32:00+00:00,31.8,2007-08-20 05:05:00+00:00,0.0,,,8.1,,2.6,295.2,1436,931,128.2634,34.6363
2007-08-20,28.5,24.5,2007-08-19 21:33:00+00:00,34.3,2007-08-20 02:43:00+00:00,13.0,,,6.1,,0.8,324.1,1392,932,127.75,35.05
2007-08-20,28.9,24.5,2007-08-19 20:08:00+00:00,34.5,2007-08-20 05:51:00+00:00,0.0,,,7.5,,1.8,218.0,1422,933,127.859,34.9506
2007-08-20,27.5,22.2,2007-08-19 21:22:00+00:00,33.5,2007-08-20 03:18:00+00:00,20.5,,,7.3,,0.7,2.7,1406,934,127.9322,35.1986
2007-08-20,29.3,23.3,2007-08-19 20:50:00+00:00,34.6,2007-08-20 03:34:00+00:00,0.0,,,9.1,,1.4,251.4,1425,936,128.2833,35.3167
2007-08-20,28.6,25.3,2007-08-19 20:49:00+00:00,32.8,2007-08-20 05:39:00+00:00,0.0,,,7.6,,2.1,174.3,1439,937,129.1669,35.1604
2007-08-20,27.1,20.6,2007-08-19 17:37:00+00:00,34.4,2007-08-20 04:54:00+00:00,0.0,,,7.2,,2.9,264.3,1433,808,129.5694,36.0774
2007-08-20,26.9,23.0,2007-08-19 20:28:00+00:00,32.8,2007-08-20 05:31:00+00:00,0.0,,,4.4,,0.5,135.0,1440,812,128.2821,35.696
2007-08-20,,,,,,0.0,,,,,,,1044,824,128.539,36.086
2007-08-20,29.9,24.7,2007-08-19 21:05:00+00:00,36.0,2007-08-20 06:38:00+00:00,1.0,,,6.3,,1.8,218.9,1436,827,128.7333,35.8167
2007-08-20,29.8,24.8,2007-08-19 19:57:00+00:00,35.3,2007-08-20 06:28:00+00:00,0.0,,,5.5,,1.6,250.2,1440,845,128.6,35.85
2007-08-20,28.4,23.0,2007-08-19 21:06:00+00:00,34.7,2007-08-20 05:31:00+00:00,0.0,,,5.3,,1.1,241.6,1420,903,128.4742,35.3855
2007-08-20,29.9,23.8,2007-08-19 20:27:00+00:00,35.8,2007-08-20 06:23:00+00:00,0.0,,,6.9,,1.5,227.9,1422,904,128.6667,35.35
2007-08-20,28.4,23.0,2007-08-19 20:19:00+00:00,36.0,2007-08-20 07:11:00+00:00,7.5,,,5.6,,0.8,273.5,1432,935,128.32,35.55
2007-08-20,29.0,24.9,2007-08-19 18:46:00+00:00,33.9,2007-08-20 07:01:00+00:00,0.0,,,8.5,,2.0,166.1,1428,938,129.0514,35.1472
2007-08-20,30.3,25.3,2007-08-19 21:51:00+00:00,35.5,2007-08-20 06:35:00+00:00,0.0,,,7.4,,1.7,300.6,1429,939,129.0831,35.2289
2007-08-20,30.0,25.7,2007-08-19 21:32:00+00:00,34.7,2007-08-20 06:39:00+00:00,0.0,,,8.0,,1.9,185.8,1426,940,129.0856,35.2053
2007-08-20,30.1,26.4,2007-08-19 20:43:00+00:00,35.1,2007-08-20 06:19:00+00:00,0.0,,,8.5,,1.8,193.2,1372,942,129.1051,35.1304
2007-08-20,31.7,27.3,2007-08-19 21:03:00+00:00,36.5,2007-08-20 05:09:00+00:00,0.0,,,7.8,,1.6,210.8,1428,943,129.3519,35.5076
2007-08-20,29.7,23.7,2007-08-19 21:07:00+00:00,36.6,2007-08-20 05:41:00+00:00,0.0,,,5.0,,1.6,227.2,1425,944,128.569,35.387
2007-08-20,27.6,22.6,2007-08-19 20:43:00+00:00,33.2,2007-08-20 04:45:00+00:00,1.0,,,5.4,,1.1,240.4,1412,945,127.99,35.5345
2007-08-20,26.5,19.4,2007-08-19 20:46:00+00:00,35.1,2007-08-20 05:10:00+00:00,0.0,,,5.7,,0.8,179.2,1434,946,127.8193,35.7773
2007-08-20,25.3,21.7,2007-08-19 20:23:00+00:00,29.7,2007-08-20 02:33:00+00:00,0.0,,,8.0,,1.3,165.1,1430,947,128.6036,34.7257
2007-08-20,26.7,21.4,2007-08-19 21:50:00+00:00,33.0,2007-08-20 02:44:00+00:00,2.0,,,4.7,,0.7,82.5,1439,948,127.85,35.2833
2007-08-20,29.2,23.8,2007-08-19 20:50:00+00:00,35.6,2007-08-20 05:46:00+00:00,0.0,,,7.8,,1.6,186.7,1428,949,129.45,35.5833
2007-08-20,29.5,26.2,2007-08-20 12:20:00+00:00,33.4,2007-08-20 05:40:00+00:00,0.0,,,8.8,,2.7,149.1,1439,950,129.1381,35.1612
2007-08-20,25.0,20.4,2007-08-19 20:30:00+00:00,31.3,2007-08-20 04:46:00+00:00,4.5,,,3.1,,0.1,111.1,1440,951,126.9,35.4667
2007-08-20,27.9,24.3,2007-08-19 20:27:00+00:00,32.6,2007-08-20 06:39:00+00:00,0.0,,,8.4,,1.5,185.5,1423,953,128.6741,34.9924
2007-08-20,28.1,24.2,2007-08-19 20:54:00+00:00,33.1,2007-08-20 05:09:00+00:00,0.0,,,6.5,,1.6,252.1,1440,302,126.1491,34.6432
2007-08-20,26.0,23.7,2007-08-19 19:42:00+00:00,31.0,2007-08-20 03:11:00+00:00,0.0,,,6.2,,2.2,231.1,1423,330,126.4616,33.2886
2007-08-20,24.3,21.3,2007-08-19 19:42:00+00:00,29.6,2007-08-20 07:42:00+00:00,0.0,,,6.6,,0.5,166.6,1440,505,127.35,37.82
2007-08-20,27.6,23.7,2007-08-19 19:00:00+00:00,32.9,2007-08-20 05:00:00+00:00,0.0,,,7.5,,1.9,286.8,1422,506,126.779,37.7584
2007-08-20,26.3,23.6,2007-08-19 16:43:00+00:00,32.0,2007-08-20 05:35:00+00:00,0.0,,,5.7,,1.6,220.6,1437,508,126.3634,37.465
2007-08-20,26.2,22.5,2007-08-19 18:58:00+00:00,30.1,2007-08-20 05:46:00+00:00,0.0,,,7.0,,1.9,206.7,1426,509,126.9523,37.45
2007-08-20,28.9,26.1,2007-08-19 20:34:00+00:00,33.8,2007-08-20 06:20:00+00:00,6.5,,,8.6,,2.0,239.8,1426,510,126.908,37.5262
2007-08-20,27.5,23.7,2007-08-19 19:05:00+00:00,32.3,2007-08-20 04:24:00+00:00,0.0,,,7.0,,1.3,281.4,1413,511,126.6833,37.55
2007-08-20,,,,,,0.0,,,,,,,497,512,126.6621,37.3968
2007-08-20,25.7,23.8,2007-08-19 21:42:00+00:00,29.5,2007-08-20 04:31:00+00:00,0.0,,,9.4,,3.9,244.9,1413,513,126.1468,37.2331
2007-08-20,27.3,23.9,2007-08-19 15:32:00+00:00,31.7,2007-08-20 04:41:00+00:00,0.0,,,6.2,,1.5,282.3,1412,514,126.5806,37.2455
2007-08-20,27.2,23.0,2007-08-19 17:34:00+00:00,32.5,2007-08-20 04:01:00+00:00,0.0,,,6.8,,1.3,281.2,1440,515,126.8007,37.0819
2007-08-20,27.9,23.3,2007-08-19 20:44:00+00:00,33.1,2007-08-20 05:35:00+00:00,0.0,,,5.8,,1.1,214.8,1439,516,127.2651,37.013
2007-08-20,26.8,21.7,2007-08-19 17:34:00+00:00,33.1,2007-08-20 03:13:00+00:00,0.0,,,4.5,,0.6,147.0,1440,517,128.4745,38.3854
2007-08-20,23.8,20.8,2007-08-19 16:10:00+00:00,27.5,2007-08-20 06:45:00+00:00,0.0,,,7.2,,1.6,197.0,1413,518,128.1397,38.2847
2007-08-20,23.8,21.0,2007-08-19 16:06:00+00:00,28.9,2007-08-20 07:27:00+00:00,2.5,,,6.3,,0.7,292.5,1440,519,127.5235,38.0702
2007-08-20,27.0,22.0,2007-08-19 16:45:00+00:00,31.4,2007-08-20 06:08:00+00:00,0.0,,,9.4,,1.1,254.7,1440,520,128.4933,38.1721
2007-08-20,27.5,23.1,2007-08-19 17:41:00+00:00,33.5,2007-08-20 03:38:00+00:00,0.0,,,5.7,,0.6,213.8,1440,521,128.6026,38.1438
2007-08-20,24.5,22.3,2007-08-20 14:10:00+00:00,29.0,2007-08-20 01:09:00+00:00,1.0,,,2.5,,0.3,231.3,1439,522,128.0184,37.8675
2007-08-20,27.2,23.4,2007-08-19 16:57:00+00:00,31.3,2007-08-20 02:26:00+00:00,0.0,,,7.2,,1.2,275.6,1440,523,128.83,37.9
2007-08-20,28.1,22.5,2007-08-19 18:47:00+00:00,32.9,2007-08-20 02:45:00+00:00,0.0,,,5.4,,1.6,199.6,1440,524,128.9045,37.8047
2007-08-20,22.8,19.8,2007-08-19 16:53:00+00:00,27.3,2007-08-20 06:17:00+00:00,0.5,,,6.3,,1.0,225.0,1440,525,128.3797,37.6161
2007-08-20,22.9,19.7,2007-08-19 18:37:00+00:00,28.8,2007-08-20 05:58:00+00:00,0.0,,,5.1,,0.7,216.5,1440,526,128.3946,37.3779
2007-08-20,23.6,20.1,2007-08-19 20:10:00+00:00,29.4,2007-08-20 04:44:00+00:00,0.0,,,6.7,,1.3,239.0,1440,527,128.6645,37.4299
2007-08-20,27.0,24.5,2007-08-19 15:34:00+00:00,29.6,2007-08-20 06:11:00+00:00,0.0,,,6.7,,2.7,253.0,1392,528,124.7187,37.9743
2007-08-20,26.1,22.1,2007-08-19 20:57:00+00:00,30.4,2007-08-20 04:37:00+00:00,0.0,,,6.1,,1.9,202.5,1440,529,129.3434,37.2325
2007-08-20,26.9,24.5,2007-08-19 15:01:00+00:00,30.4,2007-08-20 02:46:00+00:00,0.0,,,11.1,,2.5,185.6,1440,530,130.7977,37.5184
2007-08-20,25.5,22.0,2007-08-19 16:57:00+00:00,30.9,2007-08-20 08:15:00+00:00,0.0,,,1.2,,0.0,52.9,1440,531,127.5502,37.8856
2007-08-20,27.1,23.7,2007-08-19 20:04:00+00:00,31.7,2007-08-20 05:31:00+00:00,0.0,,,7.2,,1.3,230.5,1440,532,127.0352,37.7355
2007-08-20,26.4,22.1,2007-08-19 18:13:00+00:00,32.4,2007-08-20 06:25:00+00:00,0.0,,,7.8,,1.1,293.4,1440,533,127.3333,37.55
2007-08-20,28.3,22.2,2007-08-19 20:31:00+00:00,34.1,2007-08-20 05:46:00+00:00,0.0,,,6.3,,0.9,194.6,1440,534,127.6171,37.1147
2007-08-20,24.3,21.1,2007-08-19 16:58:00+00:00,29.6,2007-08-20 04:11:00+00:00,9.5,,,5.3,,0.7,0.0,1440,535,128.1867,37.7116
2007-08-20,25.9,22.4,2007-08-19 18:38:00+00:00,30.2,2007-08-20 05:21:00+00:00,0.0,,,4.8,,0.6,256.7,1428,536,127.88,37.47
2007-08-20,23.8,20.4,2007-08-19 18:08:00+00:00,28.2,2007-08-20 06:46:00+00:00,0.0,,,7.9,,1.7,219.2,1440,537,128.852,37.4949
2007-08-20,25.3,23.7,2007-08-20 11:58:00+00:00,30.4,2007-08-20 06:35:00+00:00,4.0,,,7.4,,1.9,205.1,1440,538,127.103,38.1725
2007-08-20,24.7,22.6,2007-08-20 12:47:00+00:00,28.5,2007-08-20 07:22:00+00:00,5.0,,,0.2,,0.0,133.6,1440,539,127.3667,38.0333
2007-08-20,26.6,22.3,2007-08-19 17:48:00+00:00,31.8,2007-08-20 03:55:00+00:00,0.0,,,6.6,,0.9,187.5,1437,540,126.8774,37.6413
2007-08-20,26.0,21.2,2007-08-19 19:14:00+00:00,31.8,2007-08-20 05:52:00+00:00,0.0,,,6.6,,1.0,279.7,1436,541,127.18,37.65
2007-08-20,26.3,22.5,2007-08-19 20:27:00+00:00,32.0,2007-08-20 06:23:00+00:00,0.0,,,6.1,,0.7,159.1,1440,542,127.3802,37.6841
2007-08-20,28.0,24.7,2007-08-19 19:43:00+00:00,32.8,2007-08-20 05:31:00+00:00,0.0,,,6.7,,1.1,229.5,1424,572,127.1248,37.421
2007-08-20,25.8,21.6,2007-08-19 19:46:00+00:00,31.4,2007-08-20 04:42:00+00:00,0.0,,,7.4,,1.0,226.3,1440,573,127.7106,37.5563
2007-08-20,23.7,19.3,2007-08-19 20:05:00+00:00,29.7,2007-08-20 05:22:00+00:00,0.0,,,6.5,,1.1,317.7,1429,583,128.1561,37.4125
2007-08-20,25.0,21.3,2007-08-20 14:54:00+00:00,30.1,2007-08-20 06:12:00+00:00,0.0,,,4.8,,0.8,196.8,1440,587,127.9495,38.2091
2007-08-20,28.1,24.3,2007-08-19 18:52:00+00:00,32.8,2007-08-20 04:56:00+00:00,1.0,,,7.7,,1.5,258.2,1428,590,126.9887,37.4263
2007-08-20,25.9,22.5,2007-08-19 19:05:00+00:00,29.0,2007-08-20 07:20:00+00:00,0.0,,,5.8,,1.7,193.5,1400,593,128.5265,37.9811
2007-08-20,25.0,21.9,2007-08-20 13:19:00+00:00,29.2,2007-08-20 06:23:00+00:00,0.0,,,6.1,,1.9,191.3,1440,594,128.2085,38.2183
