dt,ta,tn,tn_at,tx,tx_at,rn,rx_1hr,rx_1hr_at,wx,wx_at,wa,wd_wx,nmin,code,x,y
2003-06-25,17.3,15.3,2003-06-24 15:22:00+00:00,18.5,2003-06-25 03:11:00+00:00,4.0,,,5.1,,0.7,202.3,1429,603,127.8,36.8
2003-06-25,20.0,16.5,2003-06-24 15:01:00+00:00,25.0,2003-06-25 05:10:00+00:00,0.0,,,6.6,,1.3,178.9,1433,608,126.6816,36.7487
2003-06-25,20.0,16.8,2003-06-24 16:54:00+00:00,24.1,2003-06-25 02:29:00+00:00,0.0,,,5.1,,1.1,168.3,1432,632,126.952,36.5495
2003-06-25,18.4,16.4,2003-06-24 19:01:00+00:00,21.2,2003-06-25 05:29:00+00:00,4.5,,,2.5,,0.1,266.9,1407,638,128.4887,37.0758
2003-06-25,17.6,14.6,2003-06-24 15:10:00+00:00,23.8,2003-06-25 08:07:00+00:00,0.0,,,10.8,,3.4,152.0,1204,649,126.08,37.285
2003-06-25,19.3,15.2,2003-06-24 16:57:00+00:00,25.3,2003-06-25 06:15:00+00:00,0.5,,,4.9,,1.2,245.3,1405,650,127.3333,38.2833
2003-06-25,19.2,16.1,2003-06-24 16:09:00+00:00,24.4,2003-06-25 05:15:00+00:00,0.5,,,5.3,,1.1,131.0,1438,680,127.8458,38.21
2003-06-25,18.6,,,,,,,,,,,,141,681,127.8139,38.2414
2003-06-25,13.3,,,,,,,,,,,,121,682,127.8647,38.2806
2003-06-25,20.1,16.8,2003-06-24 16:57:00+00:00,24.1,2003-06-25 05:54:00+00:00,0.0,,,7.0,,0.9,196.3,1438,691,126.8878,36.3539
2003-06-25,20.2,16.7,2003-06-24 15:02:00+00:00,25.6,2003-06-25 07:03:00+00:00,2.0,,,4.7,,0.2,247.6,1418,692,126.9178,38.0264
2003-06-25,17.5,15.2,2003-06-24 15:03:00+00:00,19.1,2003-06-25 02:51:00+00:00,8.5,,,6.4,,0.4,263.0,1440,693,127.8909,36.6945
2003-06-25,14.9,,,,,,,,,,,,142,694,126.6094,36.7044
2003-06-25,13.8,11.0,2003-06-24 15:22:00+00:00,18.1,2003-06-25 07:25:00+00:00,2.0,,,6.9,,1.0,234.3,1361,695,127.4167,38.1083
2003-06-25,20.7,18.2,2003-06-25 14:19:00+00:00,24.4,2003-06-25 02:44:00+00:00,0.5,,,7.1,,1.3,149.8,1421,696,129.085,37.3464
2003-06-25,21.7,18.7,2003-06-25 13:13:00+00:00,25.7,2003-06-25 04:37:00+00:00,0.0,,,10.5,,4.0,273.1,1428,698,126.2851,35.0938
2003-06-25,21.2,18.3,2003-06-25 14:21:00+00:00,25.5,2003-06-25 06:19:00+00:00,0.0,,,9.2,,3.1,291.8,1439,699,126.4833,35.01
2003-06-25,19.7,18.5,2003-06-24 15:01:00+00:00,22.7,2003-06-25 04:21:00+00:00,0.0,,,10.0,,3.9,226.5,1439,700,125.9682,36.1251
2003-06-25,19.6,16.7,2003-06-24 20:10:00+00:00,23.5,2003-06-25 06:15:00+00:00,0.0,,,7.5,,1.9,181.4,1426,701,127.67,36.0
2003-06-25,20.5,17.5,2003-06-24 17:25:00+00:00,24.9,2003-06-25 04:55:00+00:00,1.0,,,7.5,,2.3,256.6,1398,702,126.9943,35.9385
2003-06-25,17.8,15.5,2003-06-25 14:42:00+00:00,21.3,2003-06-25 04:07:00+00:00,6.5,,,8.5,,1.9,232.1,1428,703,127.3783,35.7702
2003-06-25,20.7,19.4,2003-06-24 17:15:00+00:00,22.9,2003-06-25 05:55:00+00:00,0.0,,,9.4,,4.1,233.2,1439,704,126.463,35.6351
2003-06-25,21.0,17.9,2003-06-25 14:49:00+00:00,26.0,2003-06-25 05:01:00+00:00,0.0,,,7.8,,3.0,240.9,1401,706,126.9731,35.3114
2003-06-25,20.8,19.0,2003-06-25 14:38:00+00:00,23.4,2003-06-25 05:20:00+00:00,0.0,,,9.6,,4.1,264.5,1440,707,126.2076,35.0612
2003-06-25,22.3,18.8,2003-06-25 14:25:00+00:00,26.9,2003-06-25 05:31:00+00:00,0.0,,,8.8,,2.7,234.9,1434,708,126.7333,35.1167
2003-06-25,22.1,19.1,2003-06-25 14:45:00+00:00,26.5,2003-06-25 04:17:00+00:00,0.0,,,3.2,,0.7,230.1,1421,709,127.4333,35.1833
2003-06-25,22.4,19.4,2003-06-24 19:35:00+00:00,27.5,2003-06-25 05:03:00+00:00,0.0,,,6.6,,1.3,239.5,1435,710,126.7167,35.0167
2003-06-25,21.8,16.8,2003-06-25 14:59:00+00:00,26.9,2003-06-25 05:55:00+00:00,0.0,,,9.8,,1.8,258.1,1429,711,126.9886,34.8879
2003-06-25,22.2,19.2,2003-06-25 14:48:00+00:00,26.8,2003-06-25 04:27:00+00:00,0.0,,,5.3,,1.2,155.9,1421,712,127.4875,34.9506
2003-06-25,20.5,17.2,2003-06-25 14:44:00+00:00,24.8,2003-06-25 08:43:00+00:00,0.0,,,5.5,,1.2,263.0,1411,713,127.5829,34.976
2003-06-25,20.2,17.3,2003-06-25 14:15:00+00:00,23.5,2003-06-25 04:33:00+00:00,0.0,,,10.0,,3.4,257.1,1400,714,126.0474,34.8845
2003-06-25,21.1,16.8,2003-06-25 14:56:00+00:00,24.7,2003-06-25 07:44:00+00:00,0.0,,,7.4,,2.7,241.5,1381,715,126.2687,34.4795
2003-06-25,21.1,18.2,2003-06-24 20:12:00+00:00,24.5,2003-06-25 03:33:00+00:00,0.0,,,7.9,,3.4,257.3,1416,716,126.0366,34.6069
2003-06-25,20.5,16.3,2003-06-25 14:51:00+00:00,24.3,2003-06-25 02:54:00+00:00,0.0,,,7.7,,2.3,205.2,1412,717,126.1902,34.4064
2003-06-25,20.3,17.3,2003-06-25 14:52:00+00:00,23.5,2003-06-25 06:52:00+00:00,0.0,,,10.9,,3.3,276.1,1417,718,126.0473,34.2966
2003-06-25,20.4,18.5,2003-06-24 15:04:00+00:00,23.4,2003-06-25 06:24:00+00:00,0.0,,,10.7,,3.4,251.5,1432,719,126.4,35.82
2003-06-25,21.3,19.5,2003-06-24 18:30:00+00:00,23.0,2003-06-25 04:31:00+00:00,0.0,,,9.5,,4.3,243.8,1411,720,126.5676,34.1691
2003-06-25,20.3,17.1,2003-06-25 14:54:00+00:00,24.3,2003-06-25 03:52:00+00:00,0.0,,,11.7,,3.0,233.3,1438,744,126.3276,34.6709
2003-06-25,18.6,15.6,2003-06-24 17:52:00+00:00,23.3,2003-06-25 04:13:00+00:00,4.5,,,9.9,,1.3,182.6,1422,757,127.4254,35.9715
2003-06-25,21.0,15.9,2003-06-25 14:34:00+00:00,26.1,2003-06-25 06:59:00+00:00,0.0,,,8.2,,1.6,259.2,1406,770,126.83,34.93
2003-06-25,21.8,19.1,2003-06-24 20:21:00+00:00,25.5,2003-06-25 07:36:00+00:00,0.0,,,10.8,,2.4,352.3,1425,771,126.12,34.75
2003-06-25,21.7,17.6,2003-06-25 13:52:00+00:00,26.6,2003-06-25 05:23:00+00:00,0.0,,,9.9,,2.4,301.4,1405,772,126.3454,34.4858
2003-06-25,22.3,18.9,2003-06-25 14:42:00+00:00,26.9,2003-06-25 04:16:00+00:00,0.0,,,8.2,,2.9,237.4,1413,773,126.5718,34.6993
2003-06-25,21.4,17.8,2003-06-24 15:00:00+00:00,25.9,2003-06-25 06:44:00+00:00,0.0,,,8.2,,1.8,192.7,1415,774,126.5021,34.9308
2003-06-25,21.6,18.1,2003-06-25 14:38:00+00:00,26.4,2003-06-25 04:06:00+00:00,0.0,,,8.7,,2.7,266.8,1409,775,126.6322,35.1801
2003-06-25,19.6,15.0,2003-06-24 15:00:00+00:00,25.0,2003-06-25 02:55:00+00:00,0.0,,,6.7,,1.2,238.2,1429,776,126.5534,34.4602
2003-06-25,23.4,19.8,2003-06-24 20:57:00+00:00,28.3,2003-06-25 05:30:00+00:00,0.0,,,9.6,,2.6,195.2,1397,777,126.8883,34.4994
2003-06-25,20.9,16.6,2003-06-25 14:49:00+00:00,26.3,2003-06-25 07:08:00+00:00,0.0,,,8.0,,1.4,283.7,1415,778,126.88,34.78
2003-06-25,22.8,20.1,2003-06-24 15:16:00+00:00,25.8,2003-06-25 07:40:00+00:00,0.0,,,7.4,,3.2,303.1,1412,779,126.2673,33.4105
2003-06-25,21.5,17.6,2003-06-24 20:15:00+00:00,25.3,2003-06-25 02:27:00+00:00,0.0,,,11.4,,2.9,239.9,1414,780,126.7208,33.28
2003-06-25,24.1,19.6,2003-06-24 16:27:00+00:00,28.9,2003-06-25 03:56:00+00:00,0.0,,,11.3,,4.2,286.0,1431,781,126.8519,33.5226
2003-06-25,18.9,12.6,2003-06-24 19:39:00+00:00,23.1,2003-06-25 05:44:00+00:00,0.0,,,9.5,,1.9,309.0,1407,782,126.6194,33.3845
2003-06-25,22.2,19.5,2003-06-25 14:52:00+00:00,27.1,2003-06-25 05:08:00+00:00,0.0,,,7.6,,2.3,225.1,1432,783,126.81,35.19
2003-06-25,22.0,19.0,2003-06-24 20:17:00+00:00,26.8,2003-06-25 06:19:00+00:00,0.0,,,7.6,,2.6,317.7,1420,784,126.6071,34.8686
2003-06-25,22.1,18.2,2003-06-25 14:58:00+00:00,27.0,2003-06-25 04:02:00+00:00,0.0,,,10.6,,3.2,235.9,1426,785,126.6761,34.4642
2003-06-25,21.8,19.6,2003-06-25 14:55:00+00:00,24.0,2003-06-25 09:27:00+00:00,0.0,,,8.3,,2.9,230.7,1413,786,127.72,34.62
2003-06-25,21.2,18.4,2003-06-24 15:49:00+00:00,24.2,2003-06-25 03:40:00+00:00,0.0,,,10.1,,3.7,260.2,1418,787,127.3306,34.445
2003-06-25,21.7,18.7,2003-06-24 15:00:00+00:00,26.8,2003-06-25 03:49:00+00:00,0.0,,,6.0,,1.8,186.9,1396,788,126.879,35.1313
2003-06-25,21.7,19.2,2003-06-24 20:03:00+00:00,25.5,2003-06-25 05:58:00+00:00,0.0,,,10.0,,3.7,228.8,1428,789,126.3167,34.8833
2003-06-25,20.6,19.2,2003-06-24 20:28:00+00:00,23.0,2003-06-25 06:39:00+00:00,0.0,,,12.0,,5.5,236.0,1426,790,127.49,34.4143
2003-06-25,16.9,15.3,2003-06-25 14:49:00+00:00,21.7,2003-06-25 03:52:00+00:00,3.5,,,6.1,,0.6,356.4,1421,791,127.5833,35.2667
2003-06-25,22.1,16.2,2003-06-24 18:12:00+00:00,28.0,2003-06-25 03:10:00+00:00,0.0,,,8.4,,1.5,242.3,1435,792,126.7667,33.35
2003-06-25,21.3,19.7,2003-06-24 20:27:00+00:00,23.8,2003-06-25 04:37:00+00:00,0.0,,,8.5,,3.3,276.8,1424,793,126.25,33.2167
2003-06-25,21.4,17.5,2003-06-25 14:59:00+00:00,27.2,2003-06-25 04:50:00+00:00,0.0,,,5.4,,1.3,278.9,1440,794,127.4333,35.1
2003-06-25,20.9,16.1,2003-06-25 14:49:00+00:00,26.4,2003-06-25 04:30:00+00:00,0.0,,,6.4,,0.7,157.2,1440,795,127.3667,34.9833
2003-06-25,21.9,19.7,2003-06-24 17:07:00+00:00,24.9,2003-06-25 06:57:00+00:00,0.0,,,11.2,,4.0,287.3,1440,796,127.25,34.2333
2003-06-25,20.9,19.3,2003-06-24 18:00:00+00:00,22.7,2003-06-25 04:08:00+00:00,0.0,,,12.7,,5.7,285.2,1439,797,125.3,34.3833
2003-06-25,22.1,19.8,2003-06-24 19:53:00+00:00,24.6,2003-06-25 05:54:00+00:00,0.0,,,14.1,,5.9,332.1,1440,798,125.1833,34.6667
2003-06-25,21.1,19.6,2003-06-24 17:05:00+00:00,23.4,2003-06-25 07:47:00+00:00,0.0,,,11.8,,3.9,221.2,1440,799,126.1333,35.2
2003-06-25,20.7,18.9,2003-06-25 10:15:00+00:00,23.9,2003-06-25 06:22:00+00:00,0.0,,,12.2,,3.8,219.5,1431,800,129.4622,36.6809
2003-06-25,17.3,15.1,2003-06-25 14:50:00+00:00,20.1,2003-06-25 05:25:00+00:00,1.0,,,8.1,,1.8,275.5,1425,801,129.07,36.7
2003-06-25,19.8,16.4,2003-06-25 14:32:00+00:00,22.9,2003-06-25 07:04:00+00:00,0.0,,,10.3,,1.0,226.5,1439,802,129.3455,36.7241
2003-06-25,18.5,16.6,2003-06-24 16:57:00+00:00,19.7,2003-06-25 03:22:00+00:00,4.5,,,4.2,,0.5,139.6,1419,818,128.1114,36.7309
2003-06-25,20.0,18.3,2003-06-25 14:43:00+00:00,22.3,2003-06-25 02:12:00+00:00,0.0,,,7.0,,1.6,250.9,1425,823,128.57,36.23
2003-06-25,17.1,15.2,2003-06-24 17:51:00+00:00,19.7,2003-06-25 07:18:00+00:00,0.5,,,8.0,,1.5,212.5,1411,831,129.0697,37.0435
2003-06-25,20.4,18.1,2003-06-24 20:37:00+00:00,23.8,2003-06-25 01:06:00+00:00,0.0,,,6.7,,1.2,264.2,1439,841,128.9224,36.1076
2003-06-25,20.3,18.2,2003-06-25 14:28:00+00:00,23.9,2003-06-25 01:50:00+00:00,1.5,,,4.8,,1.2,238.1,1415,876,129.1631,37.4354
2003-06-25,18.0,15.3,2003-06-24 18:17:00+00:00,23.0,2003-06-25 05:07:00+00:00,0.5,,,7.7,,1.6,150.2,1399,902,127.7594,35.3188
2003-06-25,21.5,19.3,2003-06-24 20:07:00+00:00,25.1,2003-06-25 03:19:00+00:00,0.0,,,12.8,,5.6,276.9,1430,921,128.8291,34.9897
2003-06-25,19.9,18.1,2003-06-25 13:12:00+00:00,24.3,2003-06-25 02:19:00+00:00,0.0,,,11.7,,3.3,203.0,1180,924,129.3603,35.3587
2003-06-25,16.2,13.2,2003-06-24 15:01:00+00:00,19.7,2003-06-25 08:00:00+00:00,3.0,,,9.4,,1.8,142.3,1426,116,126.967,37.4433
2003-06-25,18.9,15.9,2003-06-24 17:40:00+00:00,23.5,2003-06-25 07:03:00+00:00,0.5,,,12.6,,4.1,277.1,1438,144,126.7834,36.0123
2003-06-25,18.6,15.1,2003-06-24 19:48:00+00:00,24.4,2003-06-25 03:08:00+00:00,0.0,,,15.7,,5.9,259.8,1423,160,129.0,35.1188
2003-06-25,20.5,19.0,2003-06-24 16:32:00+00:00,23.9,2003-06-25 03:40:00+00:00,0.0,,,12.3,,3.5,253.0,1252,300,126.3167,35.85
2003-06-25,21.1,18.0,2003-06-25 14:23:00+00:00,25.4,2003-06-25 07:05:00+00:00,0.0,,,8.6,,3.6,259.0,1212,302,126.1491,34.6432
2003-06-25,19.7,,,,,,,,,,,,141,859,129.3658,35.7613
2003-06-25,22.0,,,,,0.0,,,,,,,1021,303,125.1167,34.0667
2003-06-25,22.4,20.7,2003-06-24 20:50:00+00:00,23.0,2003-06-24 23:04:00+00:00,0.0,,,12.1,,5.0,276.0,1302,304,126.655,34.1678
2003-06-25,21.1,19.0,2003-06-24 15:02:00+00:00,24.6,2003-06-25 03:28:00+00:00,0.0,,,8.6,,1.2,116.0,1258,305,126.9167,33.9
2003-06-25,20.9,19.8,2003-06-24 20:49:00+00:00,22.4,2003-06-25 07:39:00+00:00,0.0,,,9.9,,3.7,217.0,1195,306,127.8008,34.9525
2003-06-25,20.2,,,,,0.0,,,,,3.5,,1138,307,127.4496,34.2437
2003-06-25,16.9,13.9,2003-06-24 19:21:00+00:00,23.1,2003-06-25 06:11:00+00:00,0.5,,,8.9,,0.7,22.6,1440,311,128.0867,35.7892
2003-06-25,20.1,19.2,2003-06-24 21:35:00+00:00,22.0,2003-06-25 01:06:00+00:00,8.5,,,7.6,,1.2,223.5,1437,312,129.1418,36.3908
2003-06-25,10.7,8.8,2003-06-24 15:02:00+00:00,12.2,2003-06-25 06:13:00+00:00,5.5,,,13.1,,4.3,254.3,1439,314,127.75,35.8667
2003-06-25,12.8,10.8,2003-06-24 16:11:00+00:00,14.7,2003-06-25 04:27:00+00:00,1.0,,,12.0,,3.6,256.8,1439,315,127.5108,35.3067
2003-06-25,14.8,12.5,2003-06-24 20:49:00+00:00,18.6,2003-06-25 02:32:00+00:00,0.0,,,17.4,,8.7,256.3,1440,316,126.9974,35.1144
2003-06-25,20.8,17.7,2003-06-24 15:01:00+00:00,25.9,2003-06-25 03:33:00+00:00,4.0,,,6.3,,0.7,249.8,1421,317,127.0454,35.7189
2003-06-25,14.8,12.3,2003-06-24 18:46:00+00:00,19.4,2003-06-25 06:17:00+00:00,3.0,,,6.0,,1.3,282.9,1440,318,128.6794,37.6437
2003-06-25,11.6,9.9,2003-06-24 15:58:00+00:00,14.9,2003-06-25 06:55:00+00:00,0.5,,,13.5,,4.4,300.1,1259,320,128.3208,38.325
2003-06-25,18.4,15.2,2003-06-24 18:26:00+00:00,24.7,2003-06-25 05:12:00+00:00,2.0,,,4.9,,1.2,221.5,1439,321,128.1963,38.1147
2003-06-25,17.7,14.8,2003-06-24 19:21:00+00:00,24.4,2003-06-25 06:47:00+00:00,1.5,,,3.1,,0.4,264.0,1419,322,127.6698,38.2155
2003-06-25,18.2,14.4,2003-06-24 19:36:00+00:00,24.7,2003-06-25 06:43:00+00:00,0.5,,,4.2,,0.6,229.8,1421,323,127.5542,38.2728
2003-06-25,17.7,16.2,2003-06-24 17:32:00+00:00,19.0,2003-06-25 05:33:00+00:00,9.0,,,6.5,,0.9,182.3,1433,324,128.0667,36.8667
2003-06-25,17.8,15.7,2003-06-24 15:37:00+00:00,20.5,2003-06-25 04:32:00+00:00,18.5,,,4.9,,1.3,213.0,1434,325,128.0254,37.1376
2003-06-25,17.3,14.9,2003-06-24 15:11:00+00:00,22.6,2003-06-25 09:06:00+00:00,6.0,,,2.7,,0.9,300.4,1435,326,127.583,37.5453
2003-06-25,22.5,18.6,2003-06-24 15:05:00+00:00,28.4,2003-06-25 04:24:00+00:00,0.0,,,8.4,,2.5,303.5,1434,328,126.4061,33.2495
2003-06-25,20.8,16.9,2003-06-24 17:46:00+00:00,24.3,2003-06-25 05:30:00+00:00,0.0,,,10.5,,4.5,223.4,1436,329,126.5439,33.4238
2003-06-25,21.2,16.6,2003-06-24 15:01:00+00:00,25.3,2003-06-25 05:41:00+00:00,0.0,,,10.6,,4.7,345.3,1436,330,126.4616,33.2886
2003-06-25,19.9,16.3,2003-06-24 15:04:00+00:00,24.0,2003-06-25 07:11:00+00:00,3.5,,,4.9,,1.1,214.1,1424,400,127.0485,37.5094
2003-06-25,20.8,17.1,2003-06-24 15:01:00+00:00,26.7,2003-06-25 07:04:00+00:00,2.5,,,4.8,,0.7,149.0,1413,401,127.02,37.48
2003-06-25,22.2,18.1,2003-06-24 15:08:00+00:00,27.6,2003-06-25 08:47:00+00:00,2.5,,,3.8,,0.9,221.2,1412,402,127.1484,37.5519
2003-06-25,22.0,18.3,2003-06-24 15:58:00+00:00,27.4,2003-06-25 07:42:00+00:00,3.5,,,5.3,,1.3,222.4,1429,403,127.1004,37.5082
2003-06-25,19.4,16.1,2003-06-24 19:48:00+00:00,23.9,2003-06-25 08:26:00+00:00,3.5,,,4.9,,1.3,226.0,1425,404,126.85,37.55
2003-06-25,20.4,16.7,2003-06-24 15:01:00+00:00,25.4,2003-06-25 08:51:00+00:00,4.0,,,4.8,,1.3,199.1,1419,405,126.8793,37.524
2003-06-25,19.5,16.7,2003-06-24 15:01:00+00:00,24.4,2003-06-25 08:07:00+00:00,1.0,,,4.8,,0.9,162.0,1419,406,127.0352,37.6633
2003-06-25,19.7,16.5,2003-06-24 15:01:00+00:00,24.7,2003-06-25 08:46:00+00:00,1.5,,,5.3,,0.9,162.5,1423,407,127.0894,37.6194
2003-06-25,20.6,16.7,2003-06-24 15:01:00+00:00,25.8,2003-06-25 07:35:00+00:00,2.5,,,4.8,,1.4,178.0,1421,408,127.0501,37.5772
2003-06-25,20.0,16.3,2003-06-24 15:09:00+00:00,24.4,2003-06-25 08:46:00+00:00,2.0,,,5.8,,1.7,216.1,1422,409,127.0889,37.5835
2003-06-25,19.5,16.2,2003-06-24 15:24:00+00:00,23.9,2003-06-25 07:43:00+00:00,4.0,,,5.0,,0.2,212.1,1430,410,126.9228,37.4935
2003-06-25,20.3,16.7,2003-06-24 15:14:00+00:00,25.3,2003-06-25 07:41:00+00:00,3.0,,,4.7,,1.7,222.5,1422,411,126.9342,37.5431
2003-06-25,18.8,15.8,2003-06-24 15:01:00+00:00,24.4,2003-06-25 07:17:00+00:00,0.5,,,5.0,,0.8,221.0,1415,412,126.9466,37.5676
2003-06-25,20.1,16.4,2003-06-24 15:44:00+00:00,24.9,2003-06-25 07:52:00+00:00,3.5,,,7.1,,1.5,224.2,1430,413,127.0791,37.5379
2003-06-25,19.5,16.2,2003-06-24 15:01:00+00:00,24.8,2003-06-25 08:06:00+00:00,1.5,,,6.0,,1.0,226.7,1420,414,126.9993,37.6105
2003-06-25,20.6,17.0,2003-06-24 15:01:00+00:00,25.3,2003-06-25 08:05:00+00:00,2.5,,,6.1,,1.3,302.6,1413,415,126.9775,37.5168
2003-06-25,19.3,16.3,2003-06-24 15:01:00+00:00,24.4,2003-06-25 08:09:00+00:00,2.5,,,4.4,,1.3,166.4,1417,416,126.9357,37.6084
2003-06-25,21.0,17.1,2003-06-24 15:12:00+00:00,25.3,2003-06-25 05:36:00+00:00,0.5,,,6.6,,1.5,227.0,1431,418,126.9394,37.5213
2003-06-25,18.5,15.3,2003-06-24 15:33:00+00:00,23.6,2003-06-25 08:58:00+00:00,4.5,,,4.3,,0.5,40.5,1431,419,126.9864,37.5535
2003-06-25,16.0,13.5,2003-06-24 15:01:00+00:00,19.1,2003-06-25 08:17:00+00:00,2.0,,,6.0,,0.4,165.0,1420,420,126.9565,37.6155
2003-06-25,20.2,16.5,2003-06-24 15:03:00+00:00,25.2,2003-06-25 08:41:00+00:00,3.0,,,4.2,,1.2,264.7,1413,421,127.0406,37.545
2003-06-25,19.3,15.8,2003-06-24 15:03:00+00:00,24.3,2003-06-25 07:46:00+00:00,3.5,,,4.7,,1.4,188.4,1436,423,126.8333,37.4833
2003-06-25,20.6,17.2,2003-06-24 15:03:00+00:00,25.3,2003-06-25 08:06:00+00:00,1.0,,,4.3,,1.3,210.4,1413,424,127.0017,37.6333
2003-06-25,14.9,13.0,2003-06-25 13:14:00+00:00,19.6,2003-06-25 01:58:00+00:00,2.5,,,7.4,,0.6,171.1,1439,497,128.8515,37.5752
2003-06-25,20.3,17.6,2003-06-24 19:45:00+00:00,26.1,2003-06-25 08:30:00+00:00,0.5,,,5.8,,0.8,258.0,1414,500,126.4116,37.6287
2003-06-25,20.6,17.4,2003-06-24 15:54:00+00:00,24.3,2003-06-25 08:34:00+00:00,0.0,,,7.4,,1.8,296.8,1421,501,125.7023,37.6644
2003-06-25,20.6,17.8,2003-06-24 16:26:00+00:00,25.6,2003-06-25 08:18:00+00:00,0.5,,,3.7,,1.0,251.8,1416,502,126.2829,37.7844
2003-06-25,19.1,16.2,2003-06-24 15:02:00+00:00,23.8,2003-06-25 07:16:00+00:00,0.5,,,6.1,,1.5,172.8,1436,503,126.6833,37.8833
2003-06-25,20.6,16.6,2003-06-24 15:14:00+00:00,25.7,2003-06-25 09:00:00+00:00,3.5,,,4.8,,1.0,232.8,1398,504,127.202,37.8915
2003-06-25,19.4,16.2,2003-06-24 15:01:00+00:00,24.8,2003-06-25 05:37:00+00:00,0.5,,,11.2,,1.2,238.2,1323,543,126.5496,37.499
2003-06-25,20.2,17.0,2003-06-24 19:15:00+00:00,25.3,2003-06-25 08:35:00+00:00,4.5,,,5.8,,1.3,229.2,1416,544,126.7827,37.4631
2003-06-25,20.0,16.5,2003-06-24 15:01:00+00:00,24.6,2003-06-25 05:53:00+00:00,1.0,,,4.2,,0.9,222.1,1425,545,126.8387,37.2804
2003-06-25,19.0,16.5,2003-06-24 15:07:00+00:00,23.6,2003-06-25 06:58:00+00:00,4.0,,,5.0,,1.2,130.2,1395,546,127.2833,37.4
2003-06-25,18.7,16.0,2003-06-24 15:59:00+00:00,22.9,2003-06-25 06:33:00+00:00,7.0,,,3.3,,0.6,195.4,1430,547,127.7583,37.4171
2003-06-25,18.2,15.7,2003-06-24 16:18:00+00:00,22.2,2003-06-25 07:16:00+00:00,4.0,,,4.3,,0.8,177.6,1430,548,127.65,37.3
2003-06-25,18.7,15.9,2003-06-24 15:25:00+00:00,22.9,2003-06-25 06:57:00+00:00,2.0,,,5.9,,1.1,168.7,1402,549,127.2,37.25
2003-06-25,19.5,16.3,2003-06-24 15:01:00+00:00,23.6,2003-06-25 07:43:00+00:00,1.0,,,4.8,,0.8,219.9,1424,550,127.05,37.1833
2003-06-25,19.7,15.1,2003-06-25 14:10:00+00:00,27.2,2003-06-25 06:22:00+00:00,0.0,,,4.2,,0.6,187.2,1354,552,127.42,38.25
2003-06-25,19.4,17.0,2003-06-24 20:54:00+00:00,20.9,2003-06-24 16:54:00+00:00,0.0,,,11.0,,4.7,14.2,1418,553,128.4287,38.5038
2003-06-25,14.2,12.1,2003-06-24 17:38:00+00:00,18.1,2003-06-25 02:21:00+00:00,0.5,,,13.5,,4.7,290.7,1440,554,128.4371,38.2144
2003-06-25,19.5,16.1,2003-06-24 17:20:00+00:00,25.5,2003-06-25 06:48:00+00:00,0.5,,,3.5,,0.6,98.8,1438,555,127.73,38.12
2003-06-25,19.1,15.8,2003-06-24 18:52:00+00:00,23.4,2003-06-25 05:11:00+00:00,0.5,,,3.8,,0.5,247.4,1420,556,127.9908,38.1056
2003-06-25,18.2,15.4,2003-06-24 19:08:00+00:00,22.2,2003-06-25 04:55:00+00:00,1.5,,,4.4,,0.5,348.0,1418,557,128.3209,37.9513
2003-06-25,19.3,16.2,2003-06-24 18:00:00+00:00,25.5,2003-06-25 08:51:00+00:00,2.5,,,3.0,,0.5,261.1,1431,558,127.7007,37.6861
2003-06-25,17.2,13.9,2003-06-24 18:35:00+00:00,23.3,2003-06-25 06:16:00+00:00,2.5,,,6.4,,1.3,39.8,1428,560,128.5943,37.6701
2003-06-25,17.6,15.2,2003-06-24 16:46:00+00:00,22.6,2003-06-25 08:06:00+00:00,8.5,,,5.0,,0.6,191.8,1411,561,128.1555,37.5816
2003-06-25,18.9,16.3,2003-06-24 16:27:00+00:00,22.3,2003-06-25 09:12:00+00:00,4.5,,,3.6,,0.8,127.2,1429,562,128.269,37.2722
2003-06-25,17.0,12.7,2003-06-24 19:24:00+00:00,21.5,2003-06-25 08:28:00+00:00,4.5,,,6.5,,0.4,178.7,1338,563,128.7466,37.2647
2003-06-25,19.9,16.6,2003-06-24 15:01:00+00:00,23.6,2003-06-25 05:29:00+00:00,3.0,,,4.7,,1.1,17.1,1419,565,126.785,37.34
2003-06-25,18.6,16.7,2003-06-25 12:55:00+00:00,22.3,2003-06-25 01:42:00+00:00,2.0,,,7.5,,0.8,236.1,1439,566,128.7,37.82
2003-06-25,19.3,16.6,2003-06-24 15:01:00+00:00,24.0,2003-06-25 07:10:00+00:00,0.5,,,4.6,,0.4,211.4,1424,567,126.913,37.9483
2003-06-25,18.9,16.3,2003-06-24 15:01:00+00:00,23.9,2003-06-25 08:23:00+00:00,1.5,,,5.3,,0.9,128.9,1425,570,126.6472,37.6215
2003-06-25,19.5,16.4,2003-06-24 15:01:00+00:00,23.5,2003-06-25 07:40:00+00:00,0.5,,,5.6,,1.1,207.3,1422,571,126.8209,37.1953
2003-06-25,19.5,16.3,2003-06-24 15:01:00+00:00,23.7,2003-06-25 06:29:00+00:00,2.5,,,5.6,,1.1,196.6,1426,572,127.1248,37.421
2003-06-25,18.5,15.5,2003-06-24 16:49:00+00:00,23.7,2003-06-25 08:48:00+00:00,2.5,,,4.0,,0.2,256.4,1416,573,127.7106,37.5563
2003-06-25,18.7,16.0,2003-06-24 16:02:00+00:00,23.1,2003-06-25 06:55:00+00:00,2.5,,,3.6,,0.3,158.6,1414,574,127.5865,37.3751
2003-06-25,19.1,15.8,2003-06-24 16:02:00+00:00,23.5,2003-06-25 04:42:00+00:00,1.5,,,4.8,,0.8,231.3,1423,575,127.198,37.1399
2003-06-25,18.4,15.8,2003-06-24 15:06:00+00:00,21.9,2003-06-25 05:24:00+00:00,1.0,,,6.1,,1.0,228.8,1421,576,127.3755,37.1634
2003-06-25,19.0,17.0,2003-06-24 21:39:00+00:00,22.2,2003-06-25 08:14:00+00:00,0.0,,,6.6,,1.5,265.8,1416,577,126.3365,37.5341
2003-06-25,16.7,14.9,2003-06-24 19:37:00+00:00,20.2,2003-06-25 06:39:00+00:00,2.0,,,12.0,,1.3,286.4,1417,579,128.9431,37.3495
2003-06-25,20.6,17.9,2003-06-25 14:16:00+00:00,23.0,2003-06-24 23:00:00+00:00,0.5,,,8.8,,1.8,208.8,1354,580,129.0378,37.6126
2003-06-25,16.6,14.7,2003-06-24 19:04:00+00:00,19.0,2003-06-25 08:34:00+00:00,9.5,,,3.1,,0.2,224.6,1421,581,128.8385,37.1409
2003-06-25,17.3,15.1,2003-06-24 15:23:00+00:00,20.2,2003-06-25 07:25:00+00:00,6.0,,,4.1,,0.6,318.2,1420,582,128.0829,37.2278
2003-06-25,19.2,16.6,2003-06-24 18:02:00+00:00,23.6,2003-06-25 08:44:00+00:00,4.0,,,4.8,,0.6,312.5,1424,583,128.1568,37.41
2003-06-25,18.0,15.5,2003-06-24 20:03:00+00:00,23.3,2003-06-25 07:06:00+00:00,1.0,,,6.5,,1.1,178.8,1431,584,128.7245,37.4711
2003-06-25,18.7,15.4,2003-06-24 18:56:00+00:00,23.2,2003-06-25 05:35:00+00:00,1.0,,,4.4,,0.5,242.8,1435,585,128.0834,37.966
2003-06-25,18.5,15.3,2003-06-24 17:43:00+00:00,23.0,2003-06-25 09:35:00+00:00,1.5,,,3.6,,0.3,226.4,1429,586,127.8858,37.9876
2003-06-25,18.3,15.0,2003-06-24 16:02:00+00:00,22.8,2003-06-25 07:01:00+00:00,0.5,,,2.5,,0.2,279.4,1417,587,127.9495,38.2091
2003-06-25,19.0,16.2,2003-06-24 17:08:00+00:00,24.4,2003-06-25 08:26:00+00:00,4.0,,,3.5,,0.4,229.9,1428,588,127.6429,37.7907
2003-06-25,19.9,16.7,2003-06-24 18:49:00+00:00,25.5,2003-06-25 07:35:00+00:00,1.0,,,5.2,,1.0,206.4,1430,589,126.7586,37.6372
2003-06-25,19.2,16.2,2003-06-24 15:01:00+00:00,23.5,2003-06-25 08:34:00+00:00,5.5,,,5.8,,1.3,219.9,1427,590,126.9887,37.4263
2003-06-25,16.4,14.0,2003-06-24 17:01:00+00:00,20.5,2003-06-25 05:44:00+00:00,7.0,,,5.0,,0.8,314.6,1430,591,128.03,37.43
2003-06-25,17.9,16.3,2003-06-24 19:10:00+00:00,20.8,2003-06-25 06:18:00+00:00,8.5,,,4.8,,0.7,354.7,1419,592,127.753,37.2045
2003-06-25,18.2,16.1,2003-06-24 19:51:00+00:00,23.9,2003-06-25 04:36:00+00:00,3.0,,,7.0,,1.3,32.9,1407,593,128.5265,37.9811
2003-06-25,18.4,15.2,2003-06-24 20:25:00+00:00,24.1,2003-06-25 06:01:00+00:00,1.0,,,5.0,,1.7,214.2,1420,594,128.2102,38.2168
2003-06-25,16.3,14.0,2003-06-24 17:23:00+00:00,20.5,2003-06-25 05:01:00+00:00,0.5,,,8.6,,2.4,215.1,1434,595,128.3833,38.2667
2003-06-25,17.7,15.0,2003-06-24 17:16:00+00:00,24.1,2003-06-25 04:43:00+00:00,1.5,,,6.8,,1.4,339.8,1423,596,128.45,38.07
2003-06-25,20.2,16.6,2003-06-24 15:01:00+00:00,26.7,2003-06-25 08:08:00+00:00,0.0,,,5.0,,1.3,270.0,1413,598,127.0,37.83
2003-06-25,18.9,15.6,2003-06-24 15:01:00+00:00,25.1,2003-06-25 08:03:00+00:00,1.5,,,3.8,,0.9,143.2,1400,599,127.1698,37.7617
2003-06-25,18.3,16.2,2003-06-24 15:02:00+00:00,21.8,2003-06-25 05:17:00+00:00,1.5,,,5.5,,1.3,204.9,1430,600,127.6003,36.9882
2003-06-25,18.1,16.5,2003-06-24 17:59:00+00:00,19.9,2003-06-25 05:29:00+00:00,5.5,,,2.2,,0.3,38.3,1415,601,128.3669,36.9855
2003-06-25,19.0,16.4,2003-06-24 15:01:00+00:00,22.0,2003-06-25 03:07:00+00:00,2.0,,,7.5,,1.1,256.2,1438,602,127.4297,36.8539
2003-06-25,20.3,17.2,2003-06-24 17:49:00+00:00,23.8,2003-06-25 06:55:00+00:00,0.5,,,8.0,,1.6,264.2,1440,604,127.58,36.3
2003-06-25,19.7,16.6,2003-06-24 18:22:00+00:00,24.8,2003-06-25 04:48:00+00:00,0.0,,,6.7,,1.5,227.6,1439,605,127.7598,36.1631
2003-06-25,19.8,17.3,2003-06-24 15:46:00+00:00,25.2,2003-06-25 04:05:00+00:00,0.0,,,6.1,,2.3,14.1,1403,606,126.454,36.9984
2003-06-25,18.6,16.9,2003-06-24 15:13:00+00:00,21.7,2003-06-25 04:29:00+00:00,0.0,,,7.5,,1.7,288.7,1428,607,126.15,36.6667
2003-06-25,19.8,17.4,2003-06-24 15:29:00+00:00,23.2,2003-06-25 07:16:00+00:00,0.0,,,8.1,,2.1,231.1,1437,609,126.44,36.42
2003-06-25,20.0,16.5,2003-06-24 15:04:00+00:00,24.8,2003-06-25 03:44:00+00:00,0.5,,,7.0,,2.2,248.2,1424,610,126.63,36.58
2003-06-25,20.5,18.1,2003-06-24 17:14:00+00:00,24.0,2003-06-25 02:33:00+00:00,0.0,,,7.3,,2.0,239.9,1431,611,127.27,36.57
2003-06-25,20.3,17.3,2003-06-24 17:56:00+00:00,23.9,2003-06-25 06:43:00+00:00,0.0,,,6.5,,1.5,215.6,1433,612,127.1,36.4833
2003-06-25,20.3,17.7,2003-06-24 16:36:00+00:00,23.6,2003-06-25 07:15:00+00:00,0.0,,,12.7,,3.7,241.9,1439,614,126.7,36.05
2003-06-25,20.2,16.8,2003-06-24 15:04:00+00:00,24.7,2003-06-25 03:59:00+00:00,0.0,,,8.4,,2.8,247.0,1437,616,126.65,36.9
2003-06-25,20.7,17.0,2003-06-24 15:11:00+00:00,25.1,2003-06-25 05:31:00+00:00,1.0,,,6.8,,1.5,215.3,1427,617,127.1561,36.8782
2003-06-25,19.9,16.7,2003-06-24 15:59:00+00:00,24.0,2003-06-25 05:35:00+00:00,0.0,,,5.8,,1.6,251.3,1421,618,126.78,36.42
2003-06-25,17.7,16.0,2003-06-24 15:35:00+00:00,20.5,2003-06-25 03:48:00+00:00,5.0,,,5.1,,0.6,269.7,1440,619,127.68,36.93
2003-06-25,18.7,16.9,2003-06-24 15:39:00+00:00,21.3,2003-06-25 04:07:00+00:00,15.0,,,2.6,,0.2,195.2,1439,620,127.9152,37.0865
2003-06-25,17.8,16.2,2003-06-24 17:02:00+00:00,19.3,2003-06-25 05:44:00+00:00,11.5,,,3.6,,0.4,45.0,1350,621,128.1678,37.0003
2003-06-25,18.2,16.6,2003-06-24 17:14:00+00:00,19.6,2003-06-25 07:31:00+00:00,5.5,,,4.4,,0.4,32.4,1431,622,127.9939,36.842
2003-06-25,18.9,16.3,2003-06-24 15:16:00+00:00,20.6,2003-06-25 03:08:00+00:00,2.0,,,7.2,,0.8,236.5,1429,623,127.58,36.78
2003-06-25,18.3,16.1,2003-06-24 15:29:00+00:00,20.4,2003-06-25 08:01:00+00:00,5.0,,,6.0,,1.3,229.8,1438,624,127.6588,36.6294
2003-06-25,17.7,15.7,2003-06-24 16:05:00+00:00,19.5,2003-06-25 06:50:00+00:00,12.0,,,5.8,,0.5,4.0,1436,625,127.8167,36.5172
2003-06-25,20.2,17.1,2003-06-24 19:01:00+00:00,23.3,2003-06-25 07:56:00+00:00,1.5,,,3.6,,0.6,247.6,1426,626,127.8156,36.3709
2003-06-25,20.0,17.4,2003-06-24 15:01:00+00:00,24.5,2003-06-25 03:57:00+00:00,0.0,,,6.3,,1.7,200.6,1424,627,126.2988,36.7544
2003-06-25,20.8,17.0,2003-06-24 15:01:00+00:00,25.5,2003-06-25 03:44:00+00:00,0.0,,,7.5,,2.9,141.4,1428,628,126.8,36.6778
2003-06-25,20.3,17.8,2003-06-24 16:52:00+00:00,24.1,2003-06-25 02:44:00+00:00,0.0,,,2.2,,0.3,209.7,1436,629,127.1959,36.6814
2003-06-25,17.9,16.0,2003-06-24 15:15:00+00:00,20.6,2003-06-25 05:02:00+00:00,6.0,,,4.0,,0.6,93.2,1426,630,127.7563,37.0451
2003-06-25,20.9,18.6,2003-06-24 16:24:00+00:00,27.1,2003-06-25 06:40:00+00:00,0.0,,,6.2,,1.2,235.0,1245,631,126.5133,37.355
2003-06-25,20.3,17.0,2003-06-24 16:25:00+00:00,23.6,2003-06-25 08:36:00+00:00,0.0,,,6.5,,1.6,188.1,1421,633,127.1207,36.6041
2003-06-25,20.3,16.9,2003-06-24 15:01:00+00:00,25.2,2003-06-25 03:44:00+00:00,0.0,,,8.1,,2.1,208.7,1409,634,126.8858,36.8664
2003-06-25,20.5,17.3,2003-06-24 16:27:00+00:00,25.5,2003-06-25 05:55:00+00:00,0.0,,,8.3,,2.5,181.8,1412,635,126.7609,36.2139
2003-06-25,20.1,17.1,2003-06-25 14:59:00+00:00,24.9,2003-06-25 04:26:00+00:00,0.0,,,6.3,,1.5,336.9,1426,637,126.2837,36.8679
2003-06-25,17.5,16.2,2003-06-24 17:48:00+00:00,18.9,2003-06-25 04:45:00+00:00,9.0,,,6.4,,0.8,136.1,1413,639,128.1643,36.9117
2003-06-25,18.7,16.5,2003-06-24 15:53:00+00:00,20.2,2003-06-25 02:55:00+00:00,4.5,,,4.1,,0.4,320.5,1440,640,127.86,36.76
2003-06-25,19.3,17.1,2003-06-24 17:51:00+00:00,22.2,2003-06-25 06:33:00+00:00,0.5,,,7.7,,1.8,183.5,1426,641,127.48,36.47
2003-06-25,20.3,17.4,2003-06-24 17:54:00+00:00,24.6,2003-06-25 05:26:00+00:00,1.0,,,8.5,,2.5,24.0,1427,642,127.4061,36.3105
2003-06-25,20.1,17.4,2003-06-24 17:24:00+00:00,24.0,2003-06-25 06:06:00+00:00,0.0,,,6.5,,1.4,188.6,1425,643,127.49,36.34
2003-06-25,20.2,17.3,2003-06-25 14:56:00+00:00,26.4,2003-06-25 05:53:00+00:00,0.5,,,7.6,,1.9,219.7,1426,644,127.2327,36.1385
2003-06-25,20.3,17.0,2003-06-24 15:01:00+00:00,24.6,2003-06-25 05:22:00+00:00,0.5,,,6.5,,1.9,255.1,1419,645,126.5173,36.5804
2003-06-25,20.6,17.9,2003-06-24 16:15:00+00:00,23.3,2003-06-25 06:55:00+00:00,0.0,,,9.7,,2.7,258.7,1430,646,126.5496,36.153
2003-06-25,20.8,17.2,2003-06-24 19:13:00+00:00,26.1,2003-06-25 06:00:00+00:00,0.0,,,4.4,,0.1,177.1,1428,647,127.6695,36.1173
2003-06-25,20.3,17.9,2003-06-24 18:39:00+00:00,24.2,2003-06-25 06:59:00+00:00,0.0,,,7.0,,1.3,234.2,1437,648,127.3833,36.4333
2003-06-25,19.0,15.1,2003-06-24 15:29:00+00:00,25.4,2003-06-25 07:24:00+00:00,0.5,,,5.2,,0.2,227.7,1421,651,127.1652,38.264
2003-06-25,20.9,16.9,2003-06-24 16:00:00+00:00,26.0,2003-06-25 06:32:00+00:00,1.5,,,3.9,,0.5,295.5,1404,652,127.0781,38.0265
2003-06-25,18.0,16.1,2003-06-24 20:47:00+00:00,22.6,2003-06-25 07:15:00+00:00,0.0,,,6.0,,1.4,250.4,1432,654,126.3333,37.25
2003-06-25,18.1,16.0,2003-06-24 18:36:00+00:00,23.5,2003-06-25 03:22:00+00:00,0.0,,,10.7,,2.1,271.9,1401,655,124.7167,37.75
2003-06-25,19.3,16.9,2003-06-24 18:36:00+00:00,23.4,2003-06-25 07:51:00+00:00,0.5,,,5.6,,1.0,257.3,1433,656,126.1833,37.65
2003-06-25,19.4,17.2,2003-06-24 15:09:00+00:00,24.1,2003-06-25 06:59:00+00:00,0.0,,,8.9,,2.8,267.0,1438,657,126.5,36.3167
2003-06-25,18.0,16.1,2003-06-24 17:35:00+00:00,20.8,2003-06-25 04:34:00+00:00,0.0,,,6.8,,2.5,249.2,1437,658,126.1333,36.8333
2003-06-25,14.5,13.1,2003-06-24 18:30:00+00:00,16.3,2003-06-25 05:49:00+00:00,2.0,,,12.6,,3.9,207.3,1440,659,127.25,36.4167
2003-06-25,16.8,13.9,2003-06-24 19:18:00+00:00,20.2,2003-06-25 06:33:00+00:00,9.0,,,6.2,,1.0,277.2,1440,660,128.35,37.55
2003-06-25,,,,,,0.0,,,,,,,1033,901,129.4424,35.4927
2003-06-25,19.1,16.8,2003-06-24 19:55:00+00:00,23.5,2003-06-25 07:34:00+00:00,0.5,,,9.5,,2.6,26.3,1440,661,128.4,38.5333
2003-06-25,16.9,14.5,2003-06-24 15:56:00+00:00,21.9,2003-06-25 06:39:00+00:00,0.0,,,9.8,,2.6,234.0,1210,662,126.35,37.1467
2003-06-25,16.9,15.4,2003-06-24 20:09:00+00:00,20.8,2003-06-25 08:11:00+00:00,0.0,,,10.7,,4.3,279.0,1234,663,125.7869,36.9286
2003-06-25,18.6,16.1,2003-06-24 16:04:00+00:00,23.0,2003-06-25 07:41:00+00:00,0.0,,,5.7,,1.4,227.0,1249,665,126.4167,37.3833
2003-06-25,17.6,,,,,0.0,,,,,,,1142,667,126.0093,36.6476
2003-06-25,19.3,17.5,2003-06-25 14:53:00+00:00,21.5,2003-06-25 05:59:00+00:00,0.0,,,9.5,,2.1,239.0,1248,669,125.45,36.2167
2003-06-25,21.5,17.5,2003-06-25 14:55:00+00:00,25.3,2003-06-25 06:03:00+00:00,0.0,,,9.1,,3.4,269.0,1429,721,127.0298,34.349
2003-06-25,21.6,19.6,2003-06-24 16:22:00+00:00,24.8,2003-06-25 03:18:00+00:00,0.0,,,17.8,,2.8,302.0,1433,723,127.3064,34.0236
2003-06-25,22.1,20.1,2003-06-24 20:29:00+00:00,24.2,2003-06-25 05:41:00+00:00,0.0,,,11.4,,3.5,319.4,1422,724,126.3006,33.9547
2003-06-25,23.2,18.5,2003-06-24 16:46:00+00:00,27.6,2003-06-25 04:09:00+00:00,0.0,,,10.7,,4.4,261.0,1403,725,126.9534,33.5065
2003-06-25,21.1,19.7,2003-06-24 17:47:00+00:00,23.2,2003-06-25 03:53:00+00:00,0.0,,,9.2,,5.2,273.5,1424,726,126.2714,33.1137
2003-06-25,20.9,16.4,2003-06-24 15:20:00+00:00,26.7,2003-06-25 05:23:00+00:00,0.0,,,6.8,,2.8,262.1,1424,727,126.3949,33.39
2003-06-25,20.6,17.2,2003-06-25 14:20:00+00:00,26.0,2003-06-25 04:59:00+00:00,0.0,,,5.6,,1.1,222.6,1439,729,127.13,35.38
2003-06-25,21.2,17.6,2003-06-25 14:41:00+00:00,26.4,2003-06-25 05:08:00+00:00,0.0,,,7.0,,2.0,243.6,1440,730,126.82,35.32
2003-06-25,21.7,17.6,2003-06-25 14:57:00+00:00,26.7,2003-06-25 05:37:00+00:00,0.0,,,8.3,,2.7,228.4,1430,731,126.7013,34.7998
2003-06-25,20.5,16.2,2003-06-25 14:57:00+00:00,25.5,2003-06-25 06:15:00+00:00,0.0,,,9.3,,2.0,235.8,1430,732,127.08,34.77
2003-06-25,20.6,17.6,2003-06-24 17:29:00+00:00,26.2,2003-06-25 06:36:00+00:00,0.0,,,10.4,,2.8,260.6,1399,733,126.959,36.0412
2003-06-25,20.0,17.2,2003-06-24 18:16:00+00:00,23.9,2003-06-25 05:33:00+00:00,7.0,,,8.0,,2.4,229.2,1397,734,127.2112,35.9728
2003-06-25,16.8,14.2,2003-06-24 16:39:00+00:00,21.4,2003-06-25 06:44:00+00:00,1.5,,,8.8,,1.6,359.8,1416,735,127.7711,35.9037
2003-06-25,20.6,17.7,2003-06-24 17:02:00+00:00,23.3,2003-06-25 04:10:00+00:00,0.5,,,6.8,,2.9,248.2,1422,736,126.75,35.87
2003-06-25,21.7,18.6,2003-06-24 17:20:00+00:00,25.2,2003-06-25 03:09:00+00:00,0.5,,,8.8,,2.9,327.6,1428,737,126.8769,35.7943
2003-06-25,20.4,17.7,2003-06-25 13:10:00+00:00,23.1,2003-06-25 04:40:00+00:00,0.0,,,7.6,,2.6,204.2,1434,739,126.5511,35.5243
2003-06-25,21.1,16.9,2003-06-25 14:59:00+00:00,26.2,2003-06-25 07:19:00+00:00,0.0,,,7.0,,1.4,221.1,1422,741,126.98,35.05
2003-06-25,22.0,19.7,2003-06-24 15:01:00+00:00,25.2,2003-06-25 04:47:00+00:00,0.0,,,8.6,,3.2,264.6,1408,742,126.35,34.95
2003-06-25,21.1,19.0,2003-06-24 15:10:00+00:00,24.3,2003-06-25 06:41:00+00:00,0.5,,,12.1,,5.1,195.9,1428,743,125.9266,34.7555
2003-06-25,22.6,19.6,2003-06-25 14:22:00+00:00,26.6,2003-06-25 06:09:00+00:00,0.0,,,9.1,,3.1,309.9,1404,745,126.7728,34.6352
2003-06-25,20.8,18.1,2003-06-25 14:01:00+00:00,23.9,2003-06-25 07:41:00+00:00,0.0,,,8.9,,3.5,257.4,1431,746,126.5169,34.3695
2003-06-25,21.2,19.1,2003-06-24 21:05:00+00:00,24.0,2003-06-25 08:06:00+00:00,0.0,,,10.7,,2.6,240.2,1417,747,126.859,34.1799
2003-06-25,22.7,19.3,2003-06-24 15:49:00+00:00,27.0,2003-06-25 08:14:00+00:00,0.0,,,5.3,,0.7,340.0,1419,748,127.35,34.83
2003-06-25,23.5,20.7,2003-06-24 16:44:00+00:00,26.9,2003-06-25 06:44:00+00:00,0.0,,,7.6,,2.2,205.3,1419,749,127.13,34.53
2003-06-25,22.9,20.9,2003-06-24 16:26:00+00:00,25.3,2003-06-25 01:13:00+00:00,0.0,,,9.9,,4.4,215.2,1424,750,127.6256,34.6308
2003-06-25,22.6,17.8,2003-06-24 16:27:00+00:00,26.8,2003-06-25 04:56:00+00:00,0.0,,,10.4,,3.3,330.8,1419,751,126.7119,33.4585
2003-06-25,22.9,19.3,2003-06-24 15:14:00+00:00,28.2,2003-06-25 04:49:00+00:00,0.0,,,9.4,,2.4,318.0,1409,752,126.3022,33.285
2003-06-25,15.7,11.1,2003-06-24 15:20:00+00:00,19.5,2003-06-25 04:57:00+00:00,0.0,,,8.9,,2.3,312.7,1423,753,126.4941,33.3921
2003-06-25,21.3,18.5,2003-06-25 14:54:00+00:00,25.2,2003-06-25 06:37:00+00:00,0.0,,,6.9,,1.9,267.7,1418,754,126.5225,35.0635
2003-06-25,19.3,15.3,2003-06-25 14:59:00+00:00,23.9,2003-06-25 03:49:00+00:00,0.0,,,3.6,,0.8,217.0,1376,755,127.13,35.17
2003-06-25,21.6,19.0,2003-06-25 12:53:00+00:00,24.7,2003-06-25 06:15:00+00:00,0.0,,,4.7,,1.3,187.9,1420,756,126.2931,35.6028
2003-06-25,18.6,15.7,2003-06-24 17:34:00+00:00,22.5,2003-06-25 05:27:00+00:00,2.0,,,8.0,,1.6,194.9,1418,758,127.5682,35.8355
2003-06-25,17.4,15.1,2003-06-24 20:34:00+00:00,21.5,2003-06-25 03:29:00+00:00,2.5,,,9.2,,0.6,180.1,1426,759,127.6,35.37
2003-06-25,10.0,,,,,,,,,,,,144,875,128.4667,38.1333
2003-06-25,18.7,15.3,2003-06-25 14:18:00+00:00,24.0,2003-06-25 04:02:00+00:00,0.5,,,6.3,,1.4,192.5,1430,760,126.93,35.43
2003-06-25,21.0,18.1,2003-06-24 18:11:00+00:00,25.9,2003-06-25 04:30:00+00:00,2.0,,,7.9,,2.0,200.1,1434,761,126.8863,35.647
2003-06-25,19.5,16.1,2003-06-24 20:45:00+00:00,23.7,2003-06-25 03:54:00+00:00,0.5,,,8.5,,1.1,321.5,1423,762,127.1136,35.5388
2003-06-25,20.3,17.4,2003-06-24 17:34:00+00:00,24.7,2003-06-25 05:11:00+00:00,0.5,,,11.0,,2.4,282.7,1398,763,127.07,36.05
2003-06-25,18.8,15.7,2003-06-24 15:22:00+00:00,22.8,2003-06-25 04:56:00+00:00,6.0,,,6.4,,1.2,226.8,1419,764,127.1849,35.6811
2003-06-25,20.3,15.6,2003-06-25 14:49:00+00:00,25.9,2003-06-25 04:18:00+00:00,0.0,,,6.8,,1.0,278.4,1421,765,127.17,34.93
2003-06-25,24.6,21.6,2003-06-24 15:21:00+00:00,29.0,2003-06-25 06:59:00+00:00,0.0,,,9.9,,4.2,272.3,1400,766,127.72,34.85
2003-06-25,22.1,17.1,2003-06-24 16:51:00+00:00,27.6,2003-06-25 05:52:00+00:00,0.0,,,7.5,,1.6,171.4,1418,767,127.45,34.6
2003-06-25,22.6,20.2,2003-06-25 14:10:00+00:00,24.8,2003-06-25 02:42:00+00:00,2.5,,,10.6,,2.2,212.8,1440,319,130.8746,37.5408
2003-06-25,19.2,17.0,2003-06-24 16:55:00+00:00,22.1,2003-06-25 02:49:00+00:00,2.0,,,5.6,,0.8,169.4,1440,327,127.512,36.6503
2003-06-25,11.0,,,,,,,,,,,,142,871,126.5167,33.3667
2003-06-25,16.1,,,,,,,,,,,,141,872,127.7167,35.3333
2003-06-25,21.1,17.7,2003-06-25 14:54:00+00:00,25.5,2003-06-25 04:40:00+00:00,0.0,,,7.3,,1.4,264.7,1416,768,127.2908,35.2802
2003-06-25,20.6,18.2,2003-06-25 14:25:00+00:00,23.4,2003-06-25 04:36:00+00:00,0.0,,,8.1,,3.6,259.7,1429,769,126.3729,35.2159
2003-06-25,19.9,18.5,2003-06-25 13:53:00+00:00,22.1,2003-06-25 02:03:00+00:00,4.5,,,7.3,,0.8,294.0,1435,803,129.07,36.42
2003-06-25,21.0,19.0,2003-06-25 14:41:00+00:00,24.4,2003-06-25 02:00:00+00:00,0.0,,,9.5,,1.9,232.2,1438,804,129.338,36.1996
2003-06-25,20.9,17.7,2003-06-25 14:27:00+00:00,24.4,2003-06-25 02:09:00+00:00,0.0,,,7.0,,1.5,261.5,1430,805,129.0958,36.1602
2003-06-25,21.4,19.1,2003-06-25 14:58:00+00:00,25.4,2003-06-25 04:37:00+00:00,0.0,,,7.0,,1.3,232.0,1418,806,128.2903,36.2334
2003-06-25,20.2,18.6,2003-06-25 14:40:00+00:00,22.6,2003-06-25 05:13:00+00:00,0.0,,,3.9,,0.9,54.8,1421,807,128.7261,36.172
2003-06-25,22.0,19.8,2003-06-25 14:21:00+00:00,24.7,2003-06-25 04:57:00+00:00,0.0,,,10.1,,3.1,277.8,1438,808,129.5694,36.0774
2003-06-25,19.9,17.4,2003-06-24 20:19:00+00:00,23.7,2003-06-25 05:03:00+00:00,0.0,,,8.6,,2.2,191.9,1418,809,127.9689,35.9179
2003-06-25,21.8,18.9,2003-06-24 19:49:00+00:00,26.8,2003-06-25 03:13:00+00:00,0.0,,,6.1,,1.2,268.5,1416,810,128.28,35.93
2003-06-25,22.9,20.6,2003-06-25 14:30:00+00:00,26.0,2003-06-25 02:20:00+00:00,0.0,,,6.5,,1.8,305.4,1426,811,129.2167,35.85
2003-06-25,22.0,18.3,2003-06-25 14:37:00+00:00,27.4,2003-06-25 04:05:00+00:00,0.0,,,6.7,,1.5,264.0,1412,812,128.27,35.73
2003-06-25,22.4,19.6,2003-06-24 19:54:00+00:00,25.5,2003-06-25 04:45:00+00:00,0.0,,,7.3,,0.7,291.2,1422,813,128.73,35.65
2003-06-25,17.1,15.4,2003-06-24 18:37:00+00:00,18.7,2003-06-25 08:55:00+00:00,5.0,,,3.4,,0.5,197.0,1440,814,128.6541,36.9789
2003-06-25,18.7,16.6,2003-06-24 20:21:00+00:00,21.3,2003-06-25 05:56:00+00:00,16.0,,,4.8,,0.9,251.0,1368,815,128.4644,36.66
2003-06-25,21.4,16.5,2003-06-24 17:18:00+00:00,25.3,2003-06-25 01:37:00+00:00,0.0,,,5.4,,0.9,329.0,1420,816,129.4932,35.8959
2003-06-25,15.8,,,,,,,,,,,,144,874,127.5833,38.2833
2003-06-25,16.8,15.0,2003-06-25 13:18:00+00:00,18.3,2003-06-25 07:29:00+00:00,1.5,,,9.3,,2.2,288.0,1433,817,129.21,36.7655
2003-06-25,18.2,16.5,2003-06-24 19:26:00+00:00,20.1,2003-06-25 05:04:00+00:00,1.0,,,4.7,,0.8,245.4,1415,819,128.8884,36.6605
2003-06-25,13.9,,,,,,,,,,,,142,873,127.9667,37.25
2003-06-25,19.5,17.7,2003-06-24 18:33:00+00:00,22.6,2003-06-25 05:54:00+00:00,0.5,,,5.5,,1.3,93.6,1422,820,128.5086,36.5538
2003-06-25,20.3,18.0,2003-06-24 19:26:00+00:00,24.8,2003-06-25 06:24:00+00:00,0.0,,,7.4,,1.4,271.2,1418,821,128.1,36.28
2003-06-25,21.5,19.5,2003-06-24 22:08:00+00:00,26.4,2003-06-25 04:58:00+00:00,0.0,,,6.0,,0.8,203.8,1423,822,128.13,36.13
2003-06-25,20.5,18.2,2003-06-25 12:23:00+00:00,24.0,2003-06-25 04:04:00+00:00,0.0,,,9.4,,1.4,353.4,1426,824,128.544,36.0831
2003-06-25,21.7,19.9,2003-06-25 14:24:00+00:00,25.6,2003-06-25 01:45:00+00:00,0.0,,,9.7,,2.1,207.5,1406,826,128.7932,36.0414
2003-06-25,22.7,20.8,2003-06-25 14:47:00+00:00,26.4,2003-06-25 01:57:00+00:00,0.0,,,4.8,,1.3,189.3,1424,827,128.7333,35.8167
2003-06-25,22.1,19.6,2003-06-24 19:22:00+00:00,25.0,2003-06-25 04:34:00+00:00,0.0,,,5.3,,1.5,203.7,1419,828,128.45,35.7
2003-06-25,22.1,18.2,2003-06-24 20:55:00+00:00,26.1,2003-06-25 03:04:00+00:00,0.0,,,6.0,,1.4,323.1,1434,829,129.3271,35.7176
2003-06-25,20.5,17.9,2003-06-25 14:55:00+00:00,23.0,2003-06-25 00:39:00+00:00,0.0,,,8.9,,2.0,283.1,1420,830,129.2064,36.0706
2003-06-25,20.5,18.9,2003-06-25 14:11:00+00:00,22.7,2003-06-25 05:03:00+00:00,0.0,,,3.5,,0.0,243.0,1422,832,128.43,36.38
2003-06-25,18.3,16.2,2003-06-24 16:40:00+00:00,20.3,2003-06-25 02:39:00+00:00,1.0,,,4.9,,1.2,254.9,1414,833,128.0034,36.599
2003-06-25,18.1,15.7,2003-06-24 17:18:00+00:00,20.3,2003-06-25 07:22:00+00:00,10.5,,,6.5,,1.6,225.4,1430,834,127.9519,36.4458
2003-06-25,17.6,16.2,2003-06-24 19:11:00+00:00,19.6,2003-06-25 04:40:00+00:00,0.0,,,7.9,,0.9,234.0,1428,835,128.73,36.88
2003-06-25,17.8,15.8,2003-06-25 14:13:00+00:00,20.3,2003-06-25 03:50:00+00:00,1.0,,,7.0,,0.4,243.2,1403,836,128.8999,36.2717
2003-06-25,18.4,16.6,2003-06-24 18:20:00+00:00,20.5,2003-06-25 04:48:00+00:00,0.5,,,8.0,,1.5,197.0,1428,837,128.63,36.7692
2003-06-25,17.5,16.0,2003-06-24 16:25:00+00:00,19.7,2003-06-25 08:21:00+00:00,5.0,,,4.4,,1.1,193.1,1421,838,128.3184,36.7659
2003-06-25,19.6,18.0,2003-06-24 19:43:00+00:00,21.0,2003-06-25 06:04:00+00:00,5.0,,,5.4,,0.7,285.3,1419,839,128.9027,36.4558
2003-06-25,21.9,20.0,2003-06-25 14:06:00+00:00,25.7,2003-06-25 04:20:00+00:00,0.0,,,6.1,,1.4,310.4,1417,840,128.8231,35.9098
2003-06-25,18.8,16.7,2003-06-24 16:23:00+00:00,23.3,2003-06-25 08:20:00+00:00,1.0,,,6.0,,1.9,230.3,1293,578,126.42,37.45
2003-06-25,,,,,,0.0,,,,,,,984,615,127.1,36.1833
2003-06-25,19.6,17.0,2003-06-25 14:54:00+00:00,23.9,2003-06-25 05:49:00+00:00,0.5,,,5.0,,0.3,196.8,1428,636,127.23,36.3
2003-06-25,19.4,16.9,2003-06-25 13:52:00+00:00,22.8,2003-06-25 04:25:00+00:00,0.0,,,5.9,,1.2,278.5,1426,843,129.2472,36.9356
2003-06-25,21.3,17.9,2003-06-24 15:58:00+00:00,24.5,2003-06-25 05:54:00+00:00,0.0,,,10.3,,1.3,232.6,1413,844,129.37,36.42
2003-06-25,22.1,20.4,2003-06-24 16:22:00+00:00,25.0,2003-06-25 01:44:00+00:00,0.0,,,7.9,,2.1,214.0,1423,845,128.6,35.85
2003-06-25,21.9,19.9,2003-06-24 16:16:00+00:00,25.5,2003-06-25 02:04:00+00:00,0.0,,,8.4,,2.5,230.8,1428,846,128.5442,35.8679
2003-06-25,19.7,17.7,2003-06-25 14:52:00+00:00,22.6,2003-06-25 03:40:00+00:00,0.0,,,4.8,,0.8,5.0,1432,847,128.4665,36.2763
2003-06-25,20.2,17.6,2003-06-25 14:39:00+00:00,23.7,2003-06-25 01:44:00+00:00,0.0,,,5.6,,1.8,158.8,1429,848,128.8922,35.687
2003-06-25,19.6,17.4,2003-06-24 21:17:00+00:00,22.8,2003-06-25 06:12:00+00:00,0.5,,,6.3,,1.6,221.1,1416,849,128.299,36.5106
2003-06-25,20.8,18.7,2003-06-25 13:20:00+00:00,24.4,2003-06-25 07:49:00+00:00,0.0,,,6.1,,1.1,251.5,1414,850,129.5012,35.8071
2003-06-25,20.0,17.7,2003-06-24 20:26:00+00:00,23.6,2003-06-25 03:26:00+00:00,0.0,,,7.5,,1.3,230.7,1421,851,129.26,37.07
2003-06-25,20.1,18.5,2003-06-24 17:26:00+00:00,24.7,2003-06-25 03:58:00+00:00,3.5,,,11.6,,4.0,227.5,1440,852,129.4167,37.05
2003-06-25,17.0,15.1,2003-06-24 19:59:00+00:00,19.3,2003-06-25 04:00:00+00:00,0.0,,,5.0,,0.6,70.2,1440,853,128.6167,36.0
2003-06-25,21.5,17.7,2003-06-25 14:23:00+00:00,25.6,2003-06-25 02:29:00+00:00,0.0,,,9.1,,1.7,234.4,1440,854,129.1596,35.5239
2003-06-25,13.5,,,,,,,,,,,,142,870,126.55,33.3833
2003-06-25,21.9,19.7,2003-06-24 15:01:00+00:00,25.9,2003-06-25 06:40:00+00:00,0.0,,,8.0,,3.6,263.1,1435,855,126.2735,33.1664
2003-06-25,17.2,14.6,2003-06-24 15:15:00+00:00,20.8,2003-06-25 04:34:00+00:00,0.5,,,9.4,,0.6,353.2,1440,856,127.6294,35.0836
2003-06-25,20.0,18.2,2003-06-25 13:52:00+00:00,22.0,2003-06-25 07:46:00+00:00,0.0,,,9.6,,2.2,278.7,1387,857,126.6989,34.2975
2003-06-25,18.8,17.3,2003-06-24 20:17:00+00:00,21.7,2003-06-25 07:35:00+00:00,0.0,,,12.9,,5.5,246.6,1333,858,126.1175,34.4583
2003-06-25,22.1,19.0,2003-06-25 14:33:00+00:00,24.4,2003-06-25 03:09:00+00:00,0.0,,,9.0,,2.1,273.3,1434,900,129.0998,35.5824
2003-06-25,20.6,17.5,2003-06-25 14:52:00+00:00,25.1,2003-06-25 04:32:00+00:00,0.0,,,6.7,,1.9,208.4,1420,722,126.9288,35.1368
2003-06-25,,,,,,0.0,,,,,,,1023,738,126.6775,35.5904
2003-06-25,22.2,18.7,2003-06-24 17:10:00+00:00,26.8,2003-06-25 03:12:00+00:00,0.0,,,6.1,,1.3,215.3,1422,903,128.4742,35.3855
2003-06-25,22.5,18.9,2003-06-24 17:31:00+00:00,26.3,2003-06-25 03:23:00+00:00,0.0,,,6.8,,2.1,223.1,1417,904,128.6667,35.35
2003-06-25,21.0,17.7,2003-06-24 19:04:00+00:00,25.0,2003-06-25 03:10:00+00:00,0.0,,,6.6,,2.2,208.0,1421,905,129.0362,35.3243
2003-06-25,20.0,17.3,2003-06-24 17:51:00+00:00,26.0,2003-06-25 05:23:00+00:00,0.5,,,6.9,,1.6,1.1,1414,906,127.6254,35.1883
2003-06-25,23.6,20.7,2003-06-24 17:11:00+00:00,27.2,2003-06-25 05:55:00+00:00,0.0,,,8.0,,2.4,249.4,1424,907,128.07,34.93
2003-06-25,21.2,17.4,2003-06-24 20:23:00+00:00,25.0,2003-06-25 01:43:00+00:00,0.0,,,7.1,,2.0,211.6,1425,908,128.75,35.12
2003-06-25,21.4,19.4,2003-06-24 17:55:00+00:00,24.4,2003-06-25 03:23:00+00:00,0.0,,,13.3,,4.8,274.3,1435,909,128.73,34.78
2003-06-25,20.8,19.3,2003-06-25 14:30:00+00:00,24.1,2003-06-25 03:40:00+00:00,0.0,,,14.5,,4.7,222.8,1432,910,129.08,35.07
2003-06-25,23.1,20.4,2003-06-25 14:54:00+00:00,25.7,2003-06-25 08:07:00+00:00,0.0,,,10.0,,3.6,271.6,1411,913,127.9854,34.7238
2003-06-25,18.0,16.1,2003-06-24 18:03:00+00:00,20.9,2003-06-25 05:43:00+00:00,0.0,,,7.0,,1.0,315.0,1433,914,127.696,35.6447
2003-06-25,20.8,17.1,2003-06-24 16:53:00+00:00,25.1,2003-06-25 04:16:00+00:00,0.0,,,4.9,,0.8,253.8,1429,915,128.12,35.42
2003-06-25,20.6,16.1,2003-06-24 16:26:00+00:00,25.0,2003-06-25 04:41:00+00:00,0.0,,,9.8,,1.5,172.5,1429,916,127.9667,35.3167
2003-06-25,23.2,20.4,2003-06-24 15:16:00+00:00,26.3,2003-06-25 05:40:00+00:00,0.0,,,9.8,,3.5,177.4,1429,917,128.08,35.07
2003-06-25,22.6,19.2,2003-06-24 19:43:00+00:00,26.2,2003-06-25 08:21:00+00:00,0.0,,,8.6,,2.8,148.2,1428,918,128.3333,34.97
2003-06-25,21.9,18.9,2003-06-24 16:12:00+00:00,24.9,2003-06-25 04:17:00+00:00,0.0,,,6.2,,1.9,279.6,1417,919,128.47,35.55
2003-06-25,21.2,17.4,2003-06-24 16:43:00+00:00,25.4,2003-06-25 02:39:00+00:00,0.0,,,6.1,,1.3,242.9,1429,920,128.4,35.3
2003-06-25,20.4,17.4,2003-06-24 19:27:00+00:00,22.8,2003-06-25 02:51:00+00:00,0.0,,,8.1,,1.3,297.6,1430,922,128.9189,35.3647
2003-06-25,21.8,18.0,2003-06-25 14:47:00+00:00,26.6,2003-06-25 02:09:00+00:00,0.0,,,6.5,,1.6,243.7,1426,923,129.2323,35.264
2003-06-25,21.3,16.7,2003-06-24 19:21:00+00:00,25.0,2003-06-25 04:11:00+00:00,0.0,,,5.7,,1.0,24.9,1433,925,128.8534,35.3277
2003-06-25,21.9,17.2,2003-06-24 19:26:00+00:00,25.8,2003-06-25 03:32:00+00:00,0.0,,,8.8,,2.1,253.0,1418,926,128.4719,35.1137
2003-06-25,21.4,18.3,2003-06-24 16:05:00+00:00,24.7,2003-06-25 05:20:00+00:00,0.0,,,8.1,,1.8,210.0,1418,927,128.8809,35.5842
2003-06-25,21.9,18.9,2003-06-25 14:44:00+00:00,25.3,2003-06-25 05:56:00+00:00,0.0,,,7.8,,2.3,182.5,1437,928,129.1792,35.4122
2003-06-25,22.7,18.1,2003-06-24 16:08:00+00:00,27.1,2003-06-25 05:31:00+00:00,0.0,,,9.7,,2.5,270.9,1416,929,128.2586,35.0989
2003-06-25,23.0,20.8,2003-06-24 19:17:00+00:00,25.9,2003-06-25 06:48:00+00:00,0.0,,,4.3,,2.0,273.4,1420,930,128.2251,34.8436
2003-06-25,22.0,19.9,2003-06-24 20:20:00+00:00,24.3,2003-06-25 02:07:00+00:00,0.0,,,10.0,,2.7,81.5,1396,931,128.2634,34.6363
2003-06-25,22.5,18.4,2003-06-24 15:03:00+00:00,25.9,2003-06-25 05:33:00+00:00,0.0,,,7.1,,1.2,339.0,1203,932,127.75,35.05
2003-06-25,23.3,19.9,2003-06-24 17:02:00+00:00,26.7,2003-06-25 07:31:00+00:00,0.0,,,10.9,,3.6,35.7,1403,933,127.859,34.9506
2003-06-25,21.1,16.7,2003-06-25 14:33:00+00:00,26.0,2003-06-25 05:21:00+00:00,0.0,,,8.9,,2.3,156.7,1432,934,127.9322,35.1986
2003-06-25,24.0,20.3,2003-06-24 17:04:00+00:00,29.3,2003-06-25 04:50:00+00:00,0.0,,,9.7,,1.9,265.8,1405,935,128.32,35.55
2003-06-25,21.8,17.5,2003-06-24 17:40:00+00:00,26.1,2003-06-25 04:02:00+00:00,0.0,,,8.3,,1.8,279.4,1408,936,128.2833,35.3167
2003-06-25,21.7,20.1,2003-06-24 20:26:00+00:00,25.3,2003-06-25 01:26:00+00:00,0.0,,,12.0,,3.0,280.1,1433,937,129.1669,35.1604
2003-06-25,23.4,20.4,2003-06-24 20:12:00+00:00,26.7,2003-06-25 06:25:00+00:00,0.0,,,9.0,,2.5,3.8,1428,938,129.05,35.1333
2003-06-25,21.1,19.1,2003-06-25 14:50:00+00:00,24.6,2003-06-25 04:26:00+00:00,0.0,,,5.3,,1.7,219.9,1433,825,128.4,35.89
2003-06-25,19.5,16.4,2003-06-25 14:48:00+00:00,22.6,2003-06-25 05:09:00+00:00,0.0,,,7.8,,2.2,243.0,1435,842,129.0473,35.7576
2003-06-25,19.9,16.8,2003-06-24 17:49:00+00:00,25.3,2003-06-25 05:04:00+00:00,0.0,,,6.8,,1.9,283.9,1427,912,127.7167,35.5333
2003-06-25,22.7,20.0,2003-06-24 19:36:00+00:00,25.8,2003-06-25 03:36:00+00:00,0.0,,,10.6,,2.4,120.5,1421,939,129.0831,35.2289
2003-06-25,23.4,20.5,2003-06-24 20:43:00+00:00,26.5,2003-06-25 03:03:00+00:00,0.0,,,9.8,,2.9,286.7,1427,940,129.085,35.2028
2003-06-25,21.5,18.2,2003-06-24 20:03:00+00:00,24.8,2003-06-25 02:34:00+00:00,0.0,,,5.3,,1.4,167.4,1426,941,129.0065,35.1926
2003-06-25,23.6,20.6,2003-06-24 20:13:00+00:00,28.4,2003-06-25 03:04:00+00:00,0.0,,,8.0,,2.6,248.3,1432,942,129.1051,35.1304
2003-06-25,24.4,21.7,2003-06-25 12:46:00+00:00,27.1,2003-06-25 07:02:00+00:00,0.0,,,9.4,,3.1,302.1,1437,943,129.3519,35.5076
2003-06-25,21.7,18.9,2003-06-25 14:34:00+00:00,24.4,2003-06-25 02:48:00+00:00,0.0,,,8.3,,2.0,231.0,1405,944,128.569,35.387
2003-06-25,20.6,17.3,2003-06-24 18:14:00+00:00,25.0,2003-06-25 05:03:00+00:00,0.0,,,10.4,,2.1,223.9,1425,945,127.99,35.5345
2003-06-25,18.6,15.9,2003-06-24 17:46:00+00:00,23.4,2003-06-25 06:11:00+00:00,1.0,,,6.1,,0.8,226.8,1428,946,127.8193,35.7773
2003-06-25,21.0,18.6,2003-06-25 14:41:00+00:00,23.6,2003-06-25 01:45:00+00:00,0.0,,,9.6,,2.3,243.7,1426,947,128.6036,34.7257
2003-06-25,20.4,16.6,2003-06-24 16:22:00+00:00,26.6,2003-06-25 04:59:00+00:00,0.0,,,7.2,,1.3,159.1,1440,948,127.85,35.2833
2003-06-25,22.6,18.9,2003-06-25 14:48:00+00:00,27.1,2003-06-25 07:47:00+00:00,0.0,,,8.6,,2.4,227.2,1440,949,129.45,35.5833
2003-06-25,22.3,20.2,2003-06-24 20:20:00+00:00,27.5,2003-06-25 02:28:00+00:00,0.0,,,11.3,,2.7,294.2,1435,950,129.1381,35.1612
2003-06-25,22.6,20.2,2003-06-24 19:34:00+00:00,24.7,2003-06-25 06:09:00+00:00,0.0,,,10.2,,3.1,244.9,1436,953,128.6741,34.9924
2003-06-25,19.5,15.8,2003-06-25 13:57:00+00:00,26.3,2003-06-25 03:46:00+00:00,0.0,,,7.1,,0.5,316.2,1440,951,126.9,35.4667
2003-06-25,20.0,17.3,2003-06-25 14:56:00+00:00,22.7,2003-06-25 03:06:00+00:00,0.0,,,8.4,,2.5,262.0,1265,301,126.0167,35.3333
2003-06-25,22.1,19.6,2003-06-24 19:26:00+00:00,25.6,2003-06-25 03:15:00+00:00,0.0,,,9.2,,1.4,245.2,1394,313,128.7514,34.8934
2003-06-25,19.0,15.8,2003-06-24 15:01:00+00:00,22.9,2003-06-25 07:42:00+00:00,3.5,,,6.9,,2.1,226.2,1420,417,126.88,37.48
2003-06-25,13.0,11.1,2003-06-24 16:14:00+00:00,16.1,2003-06-25 05:48:00+00:00,2.5,,,12.5,,2.1,163.4,1438,498,128.5145,37.8793
2003-06-25,19.3,15.5,2003-06-24 18:31:00+00:00,25.2,2003-06-25 06:59:00+00:00,0.0,,,0.0,,0.0,0.4,1210,499,127.0213,38.1331
2003-06-25,18.4,14.9,2003-06-24 15:01:00+00:00,23.8,2003-06-25 07:06:00+00:00,3.0,,,3.7,,0.7,158.9,1430,505,127.35,37.82
2003-06-25,20.0,16.6,2003-06-24 15:11:00+00:00,25.8,2003-06-25 07:39:00+00:00,0.5,,,4.4,,0.9,273.7,1425,506,126.779,37.7584
2003-06-25,20.6,16.1,2003-06-24 15:23:00+00:00,26.8,2003-06-25 05:47:00+00:00,1.5,,,4.8,,0.5,236.6,1409,507,127.1891,37.9917
2003-06-25,18.4,15.7,2003-06-24 15:01:00+00:00,23.2,2003-06-25 06:59:00+00:00,1.0,,,4.4,,1.4,281.4,1435,508,126.3634,37.465
2003-06-25,19.1,16.2,2003-06-24 15:01:00+00:00,23.8,2003-06-25 06:59:00+00:00,3.5,,,6.4,,1.4,197.7,1418,509,126.9507,37.4562
2003-06-25,20.3,16.5,2003-06-24 15:23:00+00:00,25.1,2003-06-25 07:25:00+00:00,3.0,,,4.6,,1.4,248.0,1428,510,126.908,37.5262
2003-06-25,19.9,17.0,2003-06-24 15:01:00+00:00,26.0,2003-06-25 08:13:00+00:00,3.0,,,4.5,,0.9,199.3,1409,511,126.6833,37.55
2003-06-25,20.5,17.0,2003-06-24 15:01:00+00:00,25.4,2003-06-25 06:04:00+00:00,1.0,,,4.8,,1.4,194.7,1414,512,126.6621,37.3968
2003-06-25,19.2,15.4,2003-06-24 19:16:00+00:00,23.3,2003-06-25 05:59:00+00:00,0.0,,,12.2,,3.1,264.1,1419,513,126.1468,37.2331
2003-06-25,19.2,16.2,2003-06-24 19:45:00+00:00,24.8,2003-06-25 05:54:00+00:00,0.0,,,7.3,,1.6,222.5,1436,514,126.5806,37.2455
2003-06-25,20.2,16.3,2003-06-24 15:01:00+00:00,26.1,2003-06-25 05:38:00+00:00,0.5,,,5.7,,1.5,205.4,1435,515,126.8128,37.0952
2003-06-25,19.6,16.1,2003-06-24 15:01:00+00:00,23.6,2003-06-25 04:40:00+00:00,2.0,,,4.4,,0.8,231.8,1433,516,127.2651,37.013
2003-06-25,19.6,17.8,2003-06-24 21:03:00+00:00,22.2,2003-06-25 06:22:00+00:00,0.0,,,8.4,,1.6,332.9,1439,517,128.43,38.38
2003-06-25,17.6,14.4,2003-06-24 17:45:00+00:00,22.6,2003-06-25 05:07:00+00:00,0.5,,,6.1,,1.1,46.1,1438,518,128.1397,38.2847
2003-06-25,18.1,14.2,2003-06-24 19:21:00+00:00,23.8,2003-06-25 06:49:00+00:00,1.5,,,3.6,,0.8,153.5,1437,519,127.5235,38.0702
2003-06-25,18.4,16.2,2003-06-24 15:01:00+00:00,22.7,2003-06-25 03:43:00+00:00,1.0,,,9.7,,1.1,283.4,1439,520,128.4933,38.1721
2003-06-25,20.0,18.4,2003-06-24 19:34:00+00:00,23.7,2003-06-25 03:43:00+00:00,0.0,,,9.0,,2.0,34.1,1425,521,128.6026,38.1438
2003-06-25,17.9,14.8,2003-06-24 15:48:00+00:00,21.1,2003-06-25 07:34:00+00:00,2.5,,,3.5,,0.7,226.3,1403,522,128.0184,37.8675
2003-06-25,19.3,17.9,2003-06-24 17:23:00+00:00,22.6,2003-06-25 01:42:00+00:00,0.0,,,14.0,,2.2,153.0,1432,523,128.83,37.9
2003-06-25,19.5,18.2,2003-06-24 20:05:00+00:00,21.7,2003-06-25 04:04:00+00:00,0.0,,,1.5,,0.0,327.7,1425,524,128.9045,37.8047
2003-06-25,17.2,13.7,2003-06-24 18:58:00+00:00,22.2,2003-06-25 07:34:00+00:00,4.0,,,4.4,,1.0,267.6,1425,525,128.3797,37.6161
2003-06-25,19.1,16.6,2003-06-24 16:38:00+00:00,21.8,2003-06-25 08:23:00+00:00,3.5,,,4.4,,0.9,192.4,1438,526,128.3946,37.3779
2003-06-25,18.2,15.2,2003-06-24 19:40:00+00:00,22.5,2003-06-25 06:52:00+00:00,1.5,,,8.5,,1.3,239.7,1335,527,128.6645,37.4299
2003-06-25,18.4,15.7,2003-06-24 20:44:00+00:00,23.6,2003-06-25 06:14:00+00:00,0.0,,,7.1,,2.5,340.4,1390,528,124.7187,37.9743
2003-06-25,20.6,18.8,2003-06-24 19:53:00+00:00,23.9,2003-06-25 03:24:00+00:00,1.0,,,7.6,,1.9,349.7,1429,529,129.3434,37.2325
2003-06-25,21.8,19.4,2003-06-24 20:06:00+00:00,25.4,2003-06-25 06:28:00+00:00,0.0,,,10.5,,3.3,211.0,1400,530,130.7977,37.5184
2003-06-25,19.3,15.8,2003-06-24 16:26:00+00:00,23.5,2003-06-25 07:48:00+00:00,3.0,,,4.1,,0.8,248.0,1438,531,127.5502,37.8856
2003-06-25,19.5,16.0,2003-06-24 15:26:00+00:00,24.3,2003-06-25 07:59:00+00:00,1.0,,,4.5,,1.1,307.5,1385,532,127.0352,37.7355
2003-06-25,19.1,16.2,2003-06-24 15:11:00+00:00,24.2,2003-06-25 08:01:00+00:00,2.5,,,4.4,,0.9,191.8,1395,533,127.3333,37.55
2003-06-25,18.3,16.4,2003-06-24 15:17:00+00:00,21.4,2003-06-25 04:57:00+00:00,2.5,,,8.7,,1.7,201.8,1423,534,127.6171,37.1147
2003-06-25,17.8,14.8,2003-06-24 19:15:00+00:00,22.3,2003-06-25 07:19:00+00:00,3.5,,,3.8,,0.6,212.0,1439,535,128.1867,37.7116
2003-06-25,18.5,15.8,2003-06-24 16:17:00+00:00,23.0,2003-06-25 07:42:00+00:00,4.5,,,4.6,,0.8,164.4,1439,536,127.88,37.47
2003-06-25,16.9,15.4,2003-06-24 20:08:00+00:00,20.7,2003-06-25 04:52:00+00:00,1.5,,,9.5,,2.2,201.0,1265,537,128.852,37.4949
2003-06-25,20.1,16.2,2003-06-24 15:05:00+00:00,26.2,2003-06-25 06:19:00+00:00,1.5,,,4.4,,0.8,187.0,1410,538,127.103,38.1725
2003-06-25,19.0,15.2,2003-06-24 16:55:00+00:00,24.4,2003-06-25 06:18:00+00:00,2.0,,,4.7,,0.2,210.0,1394,539,127.3667,38.0333
2003-06-25,19.8,16.2,2003-06-24 15:01:00+00:00,26.2,2003-06-25 08:34:00+00:00,1.0,,,4.0,,0.8,232.9,1428,540,126.8774,37.6413
2003-06-25,19.4,16.3,2003-06-24 15:01:00+00:00,25.9,2003-06-25 08:01:00+00:00,2.5,,,3.9,,0.9,270.6,1418,541,127.18,37.65
2003-06-25,19.3,16.1,2003-06-24 15:01:00+00:00,24.9,2003-06-25 08:40:00+00:00,3.5,,,3.2,,0.3,203.3,1431,542,127.3802,37.6841
2003-06-25,20.3,16.1,2003-06-24 15:01:00+00:00,24.1,2003-06-25 05:41:00+00:00,0.0,,,5.6,,1.4,164.9,1427,551,127.07,37.0
2003-06-25,16.5,13.7,2003-06-24 18:20:00+00:00,19.4,2003-06-25 06:45:00+00:00,3.5,,,3.6,,0.9,197.3,1424,559,128.3898,37.7739
2003-06-25,19.5,15.3,2003-06-24 15:01:00+00:00,24.6,2003-06-25 08:01:00+00:00,1.0,,,5.0,,1.0,216.3,1400,568,127.3179,37.9522
2003-06-25,19.7,16.0,2003-06-24 15:01:00+00:00,24.9,2003-06-25 08:25:00+00:00,2.0,,,4.8,,0.9,207.5,1418,569,127.1312,37.5994
2003-06-25,16.2,13.3,2003-06-24 17:41:00+00:00,20.6,2003-06-25 07:54:00+00:00,6.0,,,5.4,,1.5,203.5,1421,597,128.4594,37.4927
